"","Source","Target"
"1","103086862","103088934"
"2","103341932","103088934"
"3","104177006","104179078"
"4","103086679","104179078"
"5","103341749","103088934"
"6","104176823","104179078"
"7","103086860","103344004"
"8","103341930","103344004"
"9","104177004","103344004"
"10","103086858","103344003"
"11","103341928","103088933"
"12","104177002","104179077"
"13","103086464","59214165"
"14","103341534","67693266"
"15","104176608","62957918"
"16","103086677","62957917"
"17","103341747","65985629"
"18","104176821","65800156"
"19","103081868","64912725"
"20","103336938","92251799"
"21","103492237","92251798"
"22","104172012","69500333"
"23","59211858","104172012"
"24","59659707","61687296"
"25","61579108","104171861"
"26","61687326","103336927"
"27","61775218","59659639"
"28","62955569","69500330"
"29","64910343","78896288"
"30","64977835","69500352"
"31","65797663","61775218"
"32","65983238","86680200"
"33","67690609","103336787"
"34","69500363","92251939"
"35","71483028","78889920"
"36","78890071","80127809"
"37","80127809","71485735"
"38","86680200","61579108"
"39","88625003","71483028"
"40","88671654","64910332"
"41","92251950","103336862"
"42","92445547","67690579"
"43","94197382","88677870"
"44","104172335","61775188"
"45","104172334","59659635"
"46","104172333","61775185"
"47","104181501","67690609"
"48","104180806","65800155"
"49","104180806","103492086"
"50","103082079","104172337"
"51","103082080","88671500"
"52","103337149","61687326"
"53","103337150","88625003"
"54","103492448","88625078"
"55","103492449","64910310"
"56","104172223","103081793"
"57","104172224","71482998"
"58","103336059","103492226"
"59","103336059","103336938"
"60","104171133","69500332"
"61","104171133","61775187"
"62","103343764","88625154"
"63","104178838","80127885"
"64","103343763","61686617"
"65","103343767","62955558"
"66","104178837","71482995"
"67","104178841","92258166"
"68","103343762","92445699"
"69","103343766","92445701"
"70","103343766","104171137"
"71","104178836","103081714"
"72","104178840","92445547"
"73","104178840","78889917"
"74","103343761","103336059"
"75","103343761","86686416"
"76","104178835","103492162"
"77","104178835","59211828"
"78","104170589","64977804"
"79","104172260","103492237"
"80","103339701","59667458"
"81","104174775","59211825"
"82","104172258","88625155"
"83","103340786","78890060"
"84","104175860","103082081"
"85","104172259","103082081"
"86","104172257","103343768"
"87","104172257","104172259"
"88","104170307","65983205"
"89","104172256","103088933"
"90","103349607","92445623"
"91","104184681","104171860"
"92","72765447","94206485"
"93","104172372","104178838"
"94","104179767","103088933"
"95","104173520","104179806"
"96","104172371","104178837"
"97","104172371","86680046"
"98","104174767","61579078"
"99","104172370","94197228"
"100","104173344","64910343"
"101","104173873","71482997"
"102","104180820","104173873"
"103","103082078","103082463"
"104","103337148","103346408"
"105","103492447","86680189"
"106","104172222","103349327"
"107","104184816","92252547"
"108","104184484","104172582"
"109","104185300","103335337"
"110","103081027","104175860"
"111","103336097","69503055"
"112","104171171","104172183"
"113","104171543","92445558"
"114","103337412","103337148"
"115","104172486","104184816"
"116","103081026","94197230"
"117","103336096","59659707"
"118","104171170","104173496"
"119","104171537","104172301"
"120","104171537","103343765"
"121","104184683","59659641"
"122","104184927","88671643"
"123","104171538","92253086"
"124","104172367","61687293"
"125","104173196","104172848"
"126","104173196","104171542"
"127","104179516","61579097"
"128","104185255","104184401"
"129","104185301","104173520"
"130","104172300","103338030"
"131","104179048","104172334"
"132","104180786","104185300"
"133","104184677","92258347"
"134","104171623","104172222"
"135","104172255","104181187"
"136","104177076","80127961"
"137","104184489","104172487"
"138","104171539","86686597"
"139","104171539","104172371"
"140","104173146","104171174"
"141","104178160","92445622"
"142","104184873","59211827"
"143","103081025","59214166"
"144","103081025","103493372"
"145","103334997","86680125"
"146","103336095","104180811"
"147","103336095","65797630"
"148","104170071","104185301"
"149","104171169","104171858"
"150","104171169","103492085"
"151","104176650","103083003"
"152","104176650","104172582"
"153","104178524","103088260"
"154","103081024","65983208"
"155","103336094","104179419"
"156","103336138","103082438"
"157","104170420","94203598"
"158","104171168","59659681"
"159","104171212","104171497"
"160","104172254","104181766"
"161","104172299","104173104"
"162","104172743","94197371"
"163","104172762","103492083"
"164","104173679","103500816"
"165","104173679","103342873"
"166","104173679","104171177"
"167","104173679","104179911"
"168","104174071","71483017"
"169","104174081","88671579"
"170","104174081","103336094"
"171","104175922","104178160"
"172","104176649","103492832"
"173","104177007","104172368"
"174","104177829","103337413"
"175","104178523","104184484"
"176","104181765","104170420"
"177","104184858","104174099"
"178","104184871","64980470"
"179","104184871","104179767"
"180","104184886","62955538"
"181","104184893","104184484"
"182","104184928","104171170"
"183","104184979","80127963"
"184","104185337","103081028"
"185","103344244","103337151"
"186","104179318","103336063"
"187","104179909","103344732"
"188","103334816","80127960"
"189","104169890","61687315"
"190","104176401","104179909"
"191","103336137","104178839"
"192","104171211","104179516"
"193","104184481","104172224"
"194","103336136","103340786"
"195","103337223","103344003"
"196","104171210","104172370"
"197","104171533","104172586"
"198","104171533","104171172"
"199","104172297","94197382"
"200","104172297","104184558"
"201","103336135","103492449"
"202","104171209","92439331"
"203","104172475","92252546"
"204","104176397","61686616"
"205","103344243","104172373"
"206","104179317","103344244"
"207","104171534","61774509"
"208","103343719","104180806"
"209","103343719","104172297"
"210","104178793","104184927"
"211","104178793","104170050"
"212","104172365","104181076"
"213","104173519","104172333"
"214","103336000","103337401"
"215","103336109","103337223"
"216","103336109","103334976"
"217","103336461","103081030"
"218","104171074","103094344"
"219","104171183","80121592"
"220","104171183","103337534"
"221","104171535","103337078"
"222","104171535","104184405"
"223","104176393","103336786"
"224","103336121","88678051"
"225","103337705","104173146"
"226","103343702","103081025"
"227","104171195","94197979"
"228","104171298","65797633"
"229","104172366","59211847"
"230","104172366","104177202"
"231","104172366","103337681"
"232","104172779","88618787"
"233","104177571","104171533"
"234","104178522","67690576"
"235","104178776","104170589"
"236","104178787","103082704"
"237","104185285","104174071"
"238","103335995","104172298"
"239","103336129","80127820"
"240","103336455","88681101"
"241","103336455","104177265"
"242","103343700","103336121"
"243","103346021","104184871"
"244","103346870","94197978"
"245","104171069","104179077"
"246","104171203","103337151"
"247","104171203","104171539"
"248","104171529","69503054"
"249","104171529","92261053"
"250","104174097","104177665"
"251","104178774","104169890"
"252","104179808","104173344"
"253","104181095","104184882"
"254","104181944","103343700"
"255","104184505","104171543"
"256","103081023","103337686"
"257","103335011","103336784"
"258","103336093","104178160"
"259","103336113","104176401"
"260","103336128","104171205"
"261","104170085","94197231"
"262","104171167","103088079"
"263","104171187","78889995"
"264","104171202","104172758"
"265","104171620","104184779"
"266","104171620","104176650"
"267","104184926","104176614"
"268","103335997","104178836"
"269","103336051","104171133"
"270","103336139","104184406"
"271","103336456","92251874"
"272","103337222","103336098"
"273","103343650","104179171"
"274","103345030","103082463"
"275","104171071","104171529"
"276","104171125","103343764"
"277","104171125","103346021"
"278","104171213","103344384"
"279","104171530","103334996"
"280","104172296","104172152"
"281","104172296","104175922"
"282","104178724","103349941"
"283","104180104","103337412"
"284","103081022","103336224"
"285","103335102","103082704"
"286","103335998","103492832"
"287","103336091","64980469"
"288","103336091","104171497"
"289","103336092","104179141"
"290","103336112","103081857"
"291","103337286","104172366"
"292","103339700","103342873"
"293","103349427","104171183"
"294","103491391","104177008"
"295","104170176","103345030"
"296","104171072","67690598"
"297","104171165","61775207"
"298","104171165","104184489"
"299","104171166","104172148"
"300","104171186","103495457"
"301","104172360","103349413"
"302","104174068","104179059"
"303","104174774","103336267"
"304","104184434","103349332"
"305","104184501","103336138"
"306","104185350","80127884"
"307","104185350","104178842"
"308","104185350","103349705"
"309","103335008","104173146"
"310","103335973","104185285"
"311","103335973","104179523"
"312","103335973","104173496"
"313","103336108","103336224"
"314","103336108","104172299"
"315","103336108","65983207"
"316","103336108","104171535"
"317","103338224","103336863"
"318","103339698","64977802"
"319","103343649","72765447"
"320","104170082","104178786"
"321","104171047","104171069"
"322","104171047","104170411"
"323","104171047","103337705"
"324","104171182","104174774"
"325","104171182","92260327"
"326","104171182","103338807"
"327","104171182","72765446"
"328","104173298","104171341"
"329","104174772","103335343"
"330","104178723","104184979"
"331","103335996","104174772"
"332","103335996","104176649"
"333","103336120","103336055"
"334","103336120","104177171"
"335","103336120","104179318"
"336","103336457","103336100"
"337","103336457","103338073"
"338","103349851","104171212"
"339","104171070","104177571"
"340","104171070","78889996"
"341","104171194","92252546"
"342","104171194","103082438"
"343","104171194","103336455"
"344","104171531","104172257"
"345","104171531","103335996"
"346","104172364","103336456"
"347","104172585","104174775"
"348","104179422","104179467"
"349","104180807","103337286"
"350","104184676","104169978"
"351","104184925","104172372"
"352","103335975","103491392"
"353","103335975","92444411"
"354","103335975","104172607"
"355","103335975","104171623"
"356","103336196","104172582"
"357","103336319","104178793"
"358","103336327","104178404"
"359","103343651","104172837"
"360","104171049","104171211"
"361","104171049","104173299"
"362","104171049","104174782"
"363","104171049","104172225"
"364","104171270","104177076"
"365","104171393","104178705"
"366","104171401","104172148"
"367","104174138","104171535"
"368","104174164","104173881"
"369","104178725","92251950"
"370","103336099","103081024"
"371","103336335","64910312"
"372","103336343","65985628"
"373","104171173","103090905"
"374","104171198","104178787"
"375","104171409","61774510"
"376","104171417","104172607"
"377","104174067","104174796"
"378","103335970","104170071"
"379","103335970","62955569"
"380","103335970","99978413"
"381","103335991","103081792"
"382","103335993","104171531"
"383","103335999","65797663"
"384","103335999","103082704"
"385","103336119","104173873"
"386","103336119","104172779"
"387","103336119","104184858"
"388","103336193","104184683"
"389","103336351","104185021"
"390","103336359","103342592"
"391","103336367","104176987"
"392","103336375","103336108"
"393","103336451","104184980"
"394","103337411","104181764"
"395","103338120","104171937"
"396","103338423","94197306"
"397","103338423","104171530"
"398","103343665","62955536"
"399","103343718","86680124"
"400","103344392","103337225"
"401","103345922","104171393"
"402","103345979","104172360"
"403","103345979","104174022"
"404","103345979","103082080"
"405","103345979","104180820"
"406","103345979","104171401"
"407","103348547","103344449"
"408","103349364","104176857"
"409","103349806","104171620"
"410","103349818","104174138"
"411","103349947","104171531"
"412","104171044","104172148"
"413","104171044","104178739"
"414","104171044","103336136"
"415","104171065","92439917"
"416","104171067","92251875"
"417","104171073","103335340"
"418","104171073","67693267"
"419","104171193","65983238"
"420","104171193","104178743"
"421","104171193","104171126"
"422","104171267","104172585"
"423","104171425","61579077"
"424","104171433","104170176"
"425","104171441","104171936"
"426","104171449","103339936"
"427","104171525","104172261"
"428","104172485","65983227"
"429","104173174","104179142"
"430","104173194","104174958"
"431","104173210","104174067"
"432","104173223","104172256"
"433","104173497","104175924"
"434","104173497","104172294"
"435","104173497","104171183"
"436","104173497","104172223"
"437","104175025","104178776"
"438","104175028","104178894"
"439","104176396","88677284"
"440","104177236","104173489"
"441","104178219","104177007"
"442","104178739","103082464"
"443","104178792","103334997"
"444","104179466","103337511"
"445","104180996","104171620"
"446","104180996","104184878"
"447","104181053","104177571"
"448","104181053","104185352"
"449","104181053","104184661"
"450","104181053","104185349"
"451","104181053","104172476"
"452","104183621","104170594"
"453","104184438","103090905"
"454","104184490","104171531"
"455","104184490","103345047"
"456","104184880","103335993"
"457","104184892","104173147"
"458","104184892","103335991"
"459","104185021","104172366"
"460","104185348","94198518"
"461","104185349","104174139"
"462","103336090","103335992"
"463","103336090","104176849"
"464","104171164","103081868"
"465","104171164","103345922"
"466","103343673","104179142"
"467","104178747","104184980"
"468","104171513","103337222"
"469","103335098","103082078"
"470","104170172","104175954"
"471","104171756","104180786"
"472","104174137","103336359"
"473","104174137","104171171"
"474","103335800","103342709"
"475","104170874","104170135"
"476","103080264","104178705"
"477","103335009","104170874"
"478","103335009","103343372"
"479","103335334","104184882"
"480","103335334","104178517"
"481","104170083","103087494"
"482","104170083","104171822"
"483","104170408","104184878"
"484","104170408","94203012"
"485","103081361","103345974"
"486","103336118","104171497"
"487","103336431","104185335"
"488","104171192","103337079"
"489","104171505","104172760"
"490","104172756","104176405"
"491","104174141","103336335"
"492","104180893","103335850"
"493","103080807","104184994"
"494","103335285","103341783"
"495","103335285","104170050"
"496","103335877","103336096"
"497","103337706","103349431"
"498","103337706","104171070"
"499","104170359","61687295"
"500","104170359","103336312"
"501","104170359","104171505"
"502","104170359","104171187"
"503","104170359","88671578"
"504","104170359","104177076"
"505","104170951","104177644"
"506","104172780","78896469"
"507","104172780","103342564"
"508","104172780","104172408"
"509","104174168","104170083"
"510","104184397","104185298"
"511","103346876","104171513"
"512","103346876","103492450"
"513","103346876","104171166"
"514","104181950","104184489"
"515","104181950","104171497"
"516","104181950","103343149"
"517","104181950","104178219"
"518","103079913","103336095"
"519","103083199","88618606"
"520","103334983","103335061"
"521","103336216","103341072"
"522","103337687","103334996"
"523","103338269","104171449"
"524","103343207","104171193"
"525","103493568","104171066"
"526","104170057","103336451"
"527","104171290","103492448"
"528","104172761","103080270"
"529","104172761","103344348"
"530","104173343","103335999"
"531","104178281","103335285"
"532","104185333","103336119"
"533","88672986","104175782"
"534","92253282","103335975"
"535","94198714","104177668"
"536","103336117","103336196"
"537","103341960","104176401"
"538","104171191","104171513"
"539","104172570","103493568"
"540","104177034","104180104"
"541","103081053","104184405"
"542","103336123","104174071"
"543","103336123","104173519"
"544","104170001","104171393"
"545","104171197","104184858"
"546","104171197","104178442"
"547","103080801","104179068"
"548","103081046","104172848"
"549","103082303","103341775"
"550","103334799","104174957"
"551","103335871","104174145"
"552","103336116","104177947"
"553","103337373","103089662"
"554","104169873","104171271"
"555","104170945","104172361"
"556","104171190","103342121"
"557","104172447","104176841"
"558","104176395","104176146"
"559","103081016","104171623"
"560","103335968","104170085"
"561","103335968","67691017"
"562","103336086","104177034"
"563","103336190","104174173"
"564","103337509","103343665"
"565","103339099","103349411"
"566","103339099","104172879"
"567","103343453","94197307"
"568","104171042","104173519"
"569","104171042","103345030"
"570","104171160","104178601"
"571","104171160","103079939"
"572","104171264","104171072"
"573","104172583","104173298"
"574","104172583","104184485"
"575","104172618","103082304"
"576","104172618","104180121"
"577","104174064","103081154"
"578","104174173","104177007"
"579","104174173","104177706"
"580","104174180","104171169"
"581","104176330","104171047"
"582","104176330","104170924"
"583","104178527","104170055"
"584","104184497","104176405"
"585","104184497","94197978"
"586","103346875","103339106"
"587","104181949","88671502"
"588","104181949","103336193"
"589","103080804","103080801"
"590","103087091","103492833"
"591","103089964","104178537"
"592","103335874","104172568"
"593","103335974","103335102"
"594","103335974","86678571"
"595","103335974","103343372"
"596","103335994","92251796"
"597","103342161","103082079"
"598","103342161","104174165"
"599","103345033","104179556"
"600","104170948","104170082"
"601","104171048","92250321"
"602","104171048","104180132"
"603","104171048","69500363"
"604","104171068","103335995"
"605","104177235","104177584"
"606","104177235","103335334"
"607","104180107","104172568"
"608","104183659","103079911"
"609","103080893","103087639"
"610","103335963","104171049"
"611","103337562","104170403"
"612","103337562","104170055"
"613","103345970","103346101"
"614","103345970","104171401"
"615","103346880","103337633"
"616","104171037","103349947"
"617","104172636","103349331"
"618","104172636","103336091"
"619","104176325","104172153"
"620","104181044","103345058"
"621","104181044","104185288"
"622","104181954","103079911"
"623","104184364","104176329"
"624","103080888","103088758"
"625","103080899","104170172"
"626","103335958","103342707"
"627","103335965","103338445"
"628","103335969","103336197"
"629","103335969","104175666"
"630","103335969","103345040"
"631","103336181","103339099"
"632","103336187","104171298"
"633","103336187","104174772"
"634","103336454","103334984"
"635","103337285","103081023"
"636","103337560","104175920"
"637","103337560","104171195"
"638","103337560","103335991"
"639","103337560","103338269"
"640","104171032","103343528"
"641","104171039","104170058"
"642","104171043","104177235"
"643","104171043","103343669"
"644","104171043","104172367"
"645","104171255","104174782"
"646","104171261","104171519"
"647","104171261","103343207"
"648","104171528","103345974"
"649","104172359","103093541"
"650","104172634","104177628"
"651","104172634","103341913"
"652","104172634","104179556"
"653","104172634","103335868"
"654","103080765","92253282"
"655","103080803","103337373"
"656","103085814","103081361"
"657","103085814","104171214"
"658","103086889","104178522"
"659","103087424","104171307"
"660","103335835","103336190"
"661","103335873","104173192"
"662","103337579","103336121"
"663","103340884","103088758"
"664","103340884","104172225"
"665","103341959","103082438"
"666","103341959","104176325"
"667","103342494","88670025"
"668","104170909","103079911"
"669","104170947","103343767"
"670","104171489","104178535"
"671","104171489","104169873"
"672","104171754","78898793"
"673","104171754","103337562"
"674","104172653","104171125"
"675","104175958","104171203"
"676","104175958","88672986"
"677","104177033","104176392"
"678","104177033","92257580"
"679","104177568","104178724"
"680","104178534","103343330"
"681","104178535","104170426"
"682","103080805","104172618"
"683","103080890","103336181"
"684","103080890","103080904"
"685","103080890","104171519"
"686","103086247","103336343"
"687","103335875","104171214"
"688","103335960","104171048"
"689","103335960","103335329"
"690","103335960","103081053"
"691","103335960","103335965"
"692","103337221","104170942"
"693","103337555","104185254"
"694","103337555","103085811"
"695","103339651","103335098"
"696","103341317","61581804"
"697","103343663","103490650"
"698","103349288","104172585"
"699","104170949","104184487"
"700","104171034","104174001"
"701","104171034","67690578"
"702","104171034","103335343"
"703","104171034","104172779"
"704","104171621","104175954"
"705","104171621","103337558"
"706","104172295","104176857"
"707","104172295","103086001"
"708","104172629","104172618"
"709","104172629","104178446"
"710","104174725","103080807"
"711","104176391","103086247"
"712","104176391","104176159"
"713","104178737","103341317"
"714","104183611","104178549"
"715","104184362","103337558"
"716","103080272","104174180"
"717","103080759","103337542"
"718","103080906","103336415"
"719","103080906","104180996"
"720","103081382","103343448"
"721","103335342","103080893"
"722","103335829","104171209"
"723","103335976","104181044"
"724","103335976","104180104"
"725","103335976","103336452"
"726","103336107","62955539"
"727","103336107","103335998"
"728","103336452","103343649"
"729","103336452","103089964"
"730","103490641","103086016"
"731","104170416","103080272"
"732","104170903","104170426"
"733","104171050","103336093"
"734","104171050","104184676"
"735","104171050","103335975"
"736","104171181","104178725"
"737","104171181","88672989"
"738","104171526","103088298"
"739","104171526","103337508"
"740","104172835","103340884"
"741","67691015","104172001"
"742","69500784","104177640"
"743","71483455","103082215"
"744","78888433","103336439"
"745","80129447","104179556"
"746","86678562","104170045"
"747","88626641","103338272"
"748","88670016","104171621"
"749","92250312","104176857"
"750","92447185","104180104"
"751","94195745","86680049"
"752","103080774","103086251"
"753","103080797","104173847"
"754","103080806","103086259"
"755","103088592","104172761"
"756","103088592","103346875"
"757","103093470","103080895"
"758","103335844","104181048"
"759","103335844","104172835"
"760","103335867","80129438"
"761","103335876","103338307"
"762","103339654","103336457"
"763","103343662","103336197"
"764","103343662","88625014"
"765","103348539","104171069"
"766","103349336","104180107"
"767","104170918","103349852"
"768","104170918","104181808"
"769","104170941","103345033"
"770","104170950","104172743"
"771","104174728","103081716"
"772","104178736","103084581"
"773","104178736","104178160"
"774","104179896","104181954"
"775","104179896","92253285"
"776","104183613","103336460"
"777","104184410","104171535"
"778","103336050","103343621"
"779","103336191","103339099"
"780","103343701","104171754"
"781","104171124","103349427"
"782","104171265","104174757"
"783","104178775","104181053"
"784","104180269","104176145"
"785","103079736","103341071"
"786","103079736","103337150"
"787","103080756","103086251"
"788","103080778","104178723"
"789","103080901","104171191"
"790","103080901","103345970"
"791","103080978","103088572"
"792","103081115","104180820"
"793","103081337","103335974"
"794","103082329","104184311"
"795","103082330","103341081"
"796","103082608","104176159"
"797","103082608","104171129"
"798","103086014","103492447"
"799","103087167","104172473"
"800","103087168","104184743"
"801","103087180","104170922"
"802","103087181","104170951"
"803","103088573","104170412"
"804","103088591","103080756"
"805","103091802","104178219"
"806","103093469","104171528"
"807","103094420","103335876"
"808","103334806","104176150"
"809","103334806","103335876"
"810","103334806","103082330"
"811","103334806","104170408"
"812","103335336","104184392"
"813","103335826","103349265"
"814","103335848","104179422"
"815","103335971","103080901"
"816","103335971","104171513"
"817","103336048","104174145"
"818","103336081","103080803"
"819","103336184","103082617"
"820","103336185","104171409"
"821","103336255","104174767"
"822","103336407","104184321"
"823","103337354","78889919"
"824","103337399","104179014"
"825","103337400","103337334"
"826","103337556","103343959"
"827","103337678","103504346"
"828","103337678","104185350"
"829","103337678","64977835"
"830","103337678","104174141"
"831","103341082","103343713"
"832","103341084","104181950"
"833","103342237","103081185"
"834","103342238","103336454"
"835","103342250","103349654"
"836","103342251","104174727"
"837","103342794","103337687"
"838","103343643","104184298"
"839","103343661","104176395"
"840","103346019","103338843"
"841","103346019","104170947"
"842","103346871","104172707"
"843","103346871","103349275"
"844","103348538","104171417"
"845","103349289","104171194"
"846","103349482","104177308"
"847","103349483","103336181"
"848","103349598","104184309"
"849","103349598","104171449"
"850","104169880","103348555"
"851","104169880","104170082"
"852","104169880","104171393"
"853","104169880","104171048"
"854","104170356","104178947"
"855","104170410","104171537"
"856","104170900","104179422"
"857","104170922","103336367"
"858","104171045","104178534"
"859","104171045","103335867"
"860","104171122","104184390"
"861","104171155","103086016"
"862","104171258","104178524"
"863","104171259","103087165"
"864","104171329","104172260"
"865","104171481","103336052"
"866","104171481","103079991"
"867","104171481","103336107"
"868","104172428","103081048"
"869","104172473","103346870"
"870","104172474","103343702"
"871","104172630","103345996"
"872","104172752","104184347"
"873","104172752","103338225"
"874","104172752","104185256"
"875","104172752","103343662"
"876","104172807","104172363"
"877","104172834","103338843"
"878","104174065","104176157"
"879","104176153","103343447"
"880","104176156","92250312"
"881","104176158","103349228"
"882","104176400","104171623"
"883","104176400","104171039"
"884","104176404","104171187"
"885","104176615","103080765"
"886","104177311","104170945"
"887","104177312","104172367"
"888","104177324","103348537"
"889","104177325","104171386"
"890","104177868","69500786"
"891","104178717","103336191"
"892","104178735","103492450"
"893","104181093","61579075"
"894","104181093","104171651"
"895","104181945","103343701"
"896","104181945","103349232"
"897","104183612","104171535"
"898","104184359","104172298"
"899","104184363","103335829"
"900","104184392","104174769"
"901","104184392","103084613"
"902","104184411","103080888"
"903","104184556","103088631"
"904","104184557","104171433"
"905","104184559","103349288"
"906","104184672","103341083"
"907","104184672","103336312"
"908","104184672","103081115"
"909","104184672","104172153"
"910","103088640","104170941"
"911","103343710","103080264"
"912","104178784","104171534"
"913","103081009","104175860"
"914","103081009","104171651"
"915","103081036","103348554"
"916","103081036","88619373"
"917","103336079","103339099"
"918","103336079","103080901"
"919","103336106","103079729"
"920","103336106","104178717"
"921","104171153","103342229"
"922","104171153","104171298"
"923","104171180","103349235"
"924","104171180","104170356"
"925","103081034","103080774"
"926","103081034","104176396"
"927","103336104","104171049"
"928","103336104","104171073"
"929","103349293","103336255"
"930","104171178","103337399"
"931","104171178","104185255"
"932","104184367","103345040"
"933","103080768","103086889"
"934","103335284","86685830"
"935","103335838","103082303"
"936","104170358","103342162"
"937","104170358","104184317"
"938","104170912","104173347"
"939","103338982","104184340"
"940","104174056","103335992"
"941","104179475","103082486"
"942","104179475","104184761"
"943","103086255","103336048"
"944","103086888","104170420"
"945","103088584","103338224"
"946","103088625","104170947"
"947","103341325","104172848"
"948","103341958","104184308"
"949","103343654","104176841"
"950","103343695","103336431"
"951","104176399","104171181"
"952","104177032","103080214"
"953","104178728","104170414"
"954","104178769","104184728"
"955","103082607","104177032"
"956","103337677","103343649"
"957","103349287","103083199"
"958","103349292","103343719"
"959","104172751","103336319"
"960","104179536","104171481"
"961","104184361","104170408"
"962","104184366","104172733"
"963","103089294","103081037"
"964","103344364","104171531"
"965","104179438","103335102"
"966","103088618","104183684"
"967","103343688","103343643"
"968","104178762","103086006"
"969","103088626","104174173"
"970","103343696","103348610"
"971","104178770","104171123"
"972","103080842","103335974"
"973","103080842","104178891"
"974","103080850","104172834"
"975","103080894","104174725"
"976","103080970","104171197"
"977","103080970","104184684"
"978","103088619","104170594"
"979","103088627","103349254"
"980","103335912","104185394"
"981","103335912","104184335"
"982","103335920","104170070"
"983","103335964","103336111"
"984","103336040","104175010"
"985","103336040","104174173"
"986","103343689","104184341"
"987","103343697","104171195"
"988","104170986","104178769"
"989","104170986","103336103"
"990","104170994","103080904"
"991","104171038","103336312"
"992","104171114","103336112"
"993","104171114","104174081"
"994","104172876","103087724"
"995","104178763","103084613"
"996","104178771","104172611"
"997","104181173","104174141"
"998","103080839","104177007"
"999","103082609","103341317"
"1000","103082609","103349226"
"1001","103335909","103336190"
"1002","103335917","103349247"
"1003","103336555","103335340"
"1004","103337679","103083714"
"1005","103337679","103086002"
"1006","104170983","104179556"
"1007","104170991","104184362"
"1008","104171629","104178737"
"1009","104171629","104184299"
"1010","104172753","104171654"
"1011","104172753","103337687"
"1012","104173518","104176403"
"1013","104179923","103343763"
"1014","104180270","103345996"
"1015","103080840","104185337"
"1016","103080965","103349423"
"1017","103080973","103341071"
"1018","103082483","103335832"
"1019","103082483","103341325"
"1020","103086262","103335917"
"1021","103094418","104181175"
"1022","103335910","104173495"
"1023","103335918","104171433"
"1024","103336035","104177469"
"1025","103336043","103349289"
"1026","103337553","104181173"
"1027","103337553","103345039"
"1028","103341332","88672790"
"1029","103349480","103081026"
"1030","104170984","103086002"
"1031","104170992","104184305"
"1032","104171109","103349240"
"1033","104171117","104176155"
"1034","104172627","103345180"
"1035","104172627","103335968"
"1036","104176406","104171194"
"1037","104184554","103337389"
"1038","103090121","103082329"
"1039","103345190","103336113"
"1040","103496699","88680375"
"1041","104180264","103089964"
"1042","103079856","103336116"
"1043","103080843","104172879"
"1044","103080843","103336184"
"1045","103080843","103338269"
"1046","103080851","104171122"
"1047","103080859","103336439"
"1048","103080862","103082488"
"1049","103080862","104184677"
"1050","103086887","78890071"
"1051","103087624","103090905"
"1052","103087625","103343453"
"1053","103090900","92445698"
"1054","103334926","104171117"
"1055","103335913","103342695"
"1056","103335913","104173679"
"1057","103335913","104171032"
"1058","103335921","104170994"
"1059","103335929","104172372"
"1060","103335932","103343650"
"1061","103335932","104171042"
"1062","103341957","104171185"
"1063","103342694","103091357"
"1064","103342695","104172447"
"1065","103345969","104179048"
"1066","103345969","103080906"
"1067","103495268","103086012"
"1068","103495269","104172779"
"1069","104170000","104176616"
"1070","104170987","104171047"
"1071","104170987","104184343"
"1072","104170987","104179033"
"1073","104170995","103336090"
"1074","104171003","104171525"
"1075","104171006","104172636"
"1076","104171006","104172359"
"1077","104177031","103338423"
"1078","104177768","103339653"
"1079","104177769","103338773"
"1080","104181043","103338444"
"1081","104181043","104171186"
"1082","103080836","103335910"
"1083","103080836","104178943"
"1084","103080836","103088592"
"1085","103080844","103336111"
"1086","103080969","104177779"
"1087","103080969","103336335"
"1088","103088621","104184344"
"1089","103093517","103344392"
"1090","103335906","104179018"
"1091","103335906","104175958"
"1092","103335906","104171623"
"1093","103335914","64910313"
"1094","103336039","103093517"
"1095","103336039","103090927"
"1096","103343691","103338423"
"1097","103348586","104171298"
"1098","104170980","104172835"
"1099","104170980","103088618"
"1100","104170980","103339651"
"1101","104170988","103080969"
"1102","104171113","104181949"
"1103","104171113","103341251"
"1104","104178765","103081046"
"1105","104183660","104178736"
"1106","103080779","103336092"
"1107","103080853","103337287"
"1108","103080856","104178517"
"1109","103080968","103335284"
"1110","103080987","104184315"
"1111","103080987","103079729"
"1112","103086258","103086013"
"1113","103086258","103335975"
"1114","103335849","103349273"
"1115","103335849","104171756"
"1116","103335923","103340786"
"1117","103335926","103336185"
"1118","103336038","104177309"
"1119","103336057","103341332"
"1120","103336057","104180267"
"1121","103336742","103338773"
"1122","103341328","103336327"
"1123","103341328","104184490"
"1124","103343054","103349230"
"1125","104170923","103093468"
"1126","104170923","104171043"
"1127","104170997","103493571"
"1128","104171000","103337537"
"1129","104171112","103343697"
"1130","104171131","104180254"
"1131","104171131","104171519"
"1132","104171816","103336120"
"1133","104172878","104174141"
"1134","104172878","103346875"
"1135","104176402","104184873"
"1136","104176402","103342590"
"1137","104178128","104184314"
"1138","104178128","103341775"
"1139","104178128","103345058"
"1140","103080964","103338307"
"1141","103081321","103335848"
"1142","103088602","103089294"
"1143","103088602","104181070"
"1144","103093539","104170984"
"1145","103335324","103345974"
"1146","103336034","64912724"
"1147","103336391","103080862"
"1148","103337701","103343654"
"1149","103337701","104185335"
"1150","103337702","103335970"
"1151","103337702","103495268"
"1152","103338443","104170085"
"1153","103338443","103343689"
"1154","103341916","104171425"
"1155","103343672","104178765"
"1156","103343672","103341076"
"1157","103348608","104177664"
"1158","104170398","104172776"
"1159","104171108","103343642"
"1160","104171465","103348539"
"1161","104171465","104173917"
"1162","104172775","104179460"
"1163","104172775","103088591"
"1164","104172776","103335849"
"1165","104172776","103083202"
"1166","104173517","104172707"
"1167","104173517","104172632"
"1168","104173784","104176395"
"1169","104176990","104170980"
"1170","104176990","103335009"
"1171","104178746","104172486"
"1172","104178746","104171155"
"1173","104179061","104179768"
"1174","104183681","103341083"
"1175","104183682","104170906"
"1176","103088628","104181053"
"1177","103343698","104177868"
"1178","104178772","104170980"
"1179","103080750","104180545"
"1180","103080750","103335820"
"1181","103080750","103349280"
"1182","103080753","103343496"
"1183","103080753","103349246"
"1184","103080753","103086888"
"1185","103080782","103335964"
"1186","103080986","103338773"
"1187","103335820","103080797"
"1188","103335820","104171066"
"1189","103335820","104178695"
"1190","103335823","104184356"
"1191","103335823","104171401"
"1192","103335823","103080840"
"1193","103335852","104171441"
"1194","103336056","103088591"
"1195","104170894","104173497"
"1196","104170894","103349237"
"1197","104170894","104184336"
"1198","104170897","103088640"
"1199","104170897","104177666"
"1200","104170897","103348607"
"1201","104170926","103504346"
"1202","104171130","103089635"
"1203","103080777","104177033"
"1204","103080777","103082009"
"1205","103080800","103336461"
"1206","103080883","104184322"
"1207","103080883","103337533"
"1208","103080883","103342121"
"1209","103080956","104177031"
"1210","103080956","103081011"
"1211","103080957","103336117"
"1212","103080957","104171208"
"1213","103080962","103081044"
"1214","103080963","103337074"
"1215","103086254","104172568"
"1216","103086845","104171165"
"1217","103088601","104178776"
"1218","103088601","103348538"
"1219","103335847","103088601"
"1220","103335847","104175958"
"1221","103335870","104184682"
"1222","103335953","104173858"
"1223","103335953","103342632"
"1224","103335953","103338421"
"1225","103336026","103080753"
"1226","103336026","104171130"
"1227","103336027","59211858"
"1228","103336027","103349239"
"1229","103336032","103335841"
"1230","103336033","104172608"
"1231","103341324","103336461"
"1232","103341915","94198717"
"1233","103343671","104184405"
"1234","103343671","104173489"
"1235","104170921","103349316"
"1236","104170921","103080904"
"1237","104170944","104172448"
"1238","104171027","104177630"
"1239","104171027","103349266"
"1240","104171027","104177224"
"1241","104171100","104170055"
"1242","104171100","103335963"
"1243","104171101","92253282"
"1244","104171101","104171259"
"1245","104171106","103086013"
"1246","104171107","104177632"
"1247","104176398","104177034"
"1248","104176989","104177008"
"1249","104178745","104179422"
"1250","104178745","104178723"
"1251","104179303","104172750"
"1252","103080732","104172611"
"1253","103080773","103341958"
"1254","103080773","104172761"
"1255","103080773","104170058"
"1256","103335802","103349699"
"1257","103335843","103349264"
"1258","103335843","104178527"
"1259","103335843","104172364"
"1260","104170876","104173679"
"1261","104170917","103336040"
"1262","104170917","103336051"
"1263","104170917","104172632"
"1264","104172567","103335351"
"1265","104172567","103335334"
"1266","103080775","103345193"
"1267","103080775","103335969"
"1268","103080775","103091811"
"1269","103080977","104171505"
"1270","103080977","103337556"
"1271","103080977","103335871"
"1272","103080977","103080756"
"1273","103081014","103088870"
"1274","103081014","103337684"
"1275","103081205","104173192"
"1276","103081205","104178784"
"1277","103081958","104180107"
"1278","103081962","103337797"
"1279","103082087","104184355"
"1280","103089301","104173517"
"1281","103335845","104171027"
"1282","103335845","103080802"
"1283","103335845","103339698"
"1284","103336047","104175022"
"1285","103336047","103335969"
"1286","103336047","103339954"
"1287","103336047","103089159"
"1288","103336084","104184390"
"1289","103336084","104179142"
"1290","103336275","103337544"
"1291","103336275","104171271"
"1292","103336592","103343696"
"1293","103337028","103344348"
"1294","103337032","64977805"
"1295","103337157","103336047"
"1296","103344371","103080762"
"1297","103492456","103334927"
"1298","104170919","103335923"
"1299","104170919","104178523"
"1300","104170919","104172359"
"1301","104170919","103081361"
"1302","104171121","104181095"
"1303","104171121","103335336"
"1304","104171121","103080842"
"1305","104171121","103337158"
"1306","104171158","104176326"
"1307","104171158","103336457"
"1308","104171349","103345033"
"1309","104171349","104178943"
"1310","104171666","103336048"
"1311","104171666","104172755"
"1312","104171666","104184339"
"1313","104171666","104171106"
"1314","104171666","104171074"
"1315","104172102","103080963"
"1316","104172106","104172616"
"1317","104172231","103337542"
"1318","104172356","103080759"
"1319","104172566","103337542"
"1320","104173698","88678081"
"1321","104179445","103335921"
"1322","103079838","104171067"
"1323","103080776","103336112"
"1324","103080776","103088627"
"1325","103081109","104184773"
"1326","103081313","71485736"
"1327","103081313","104181076"
"1328","103081329","104174056"
"1329","103081380","104179405"
"1330","103081954","104176326"
"1331","103081954","103335914"
"1332","103082302","94198242"
"1333","103082421","103089468"
"1334","103082562","104172734"
"1335","103082633","104171038"
"1336","103082633","103345191"
"1337","103083883","104180481"
"1338","103083918","103080969"
"1339","103086250","104184310"
"1340","103086250","103080853"
"1341","103086844","104176155"
"1342","103088351","103080839"
"1343","103088578","78888442"
"1344","103088578","104184338"
"1345","103088590","104171048"
"1346","103088590","103336120"
"1347","103088590","103336275"
"1348","103089157","103343421"
"1349","103091053","103490641"
"1350","103334908","103334976"
"1351","103335846","104170992"
"1352","103335846","104171875"
"1353","103336179","103345391"
"1354","103336383","103338118"
"1355","103336383","103080028"
"1356","103336383","104172835"
"1357","103336399","104172475"
"1358","103336450","103082008"
"1359","103336450","104180484"
"1360","103336675","103338443"
"1361","103336675","104172927"
"1362","103336675","94203779"
"1363","103337024","103343869"
"1364","103337024","103089970"
"1365","103337372","104171433"
"1366","103337491","103335970"
"1367","103337632","104184354"
"1368","103337700","103080979"
"1369","103337703","104178724"
"1370","103337703","104184304"
"1371","103337762","103080774"
"1372","103338953","104171465"
"1373","103338953","104184501"
"1374","103338953","103337681"
"1375","103338988","104179142"
"1376","103341320","104181935"
"1377","103341320","104171190"
"1378","103341914","103341542"
"1379","103343212","104171264"
"1380","103343212","103335910"
"1381","103343421","104172567"
"1382","103343648","104172872"
"1383","103343648","103343368"
"1384","103343660","103080776"
"1385","103343660","104173518"
"1386","103343660","86678562"
"1387","103344227","103336547"
"1388","103345187","104175978"
"1389","103345407","103343994"
"1390","103346122","104170172"
"1391","104169982","88625079"
"1392","104169998","103336450"
"1393","104170920","104179301"
"1394","104170920","104173867"
"1395","104171253","104178902"
"1396","104171457","103349602"
"1397","104171457","104172878"
"1398","104171457","104171393"
"1399","104171457","104177768"
"1400","104171473","104185402"
"1401","104171473","103343475"
"1402","104171473","104172365"
"1403","104171524","103335976"
"1404","104171524","104178771"
"1405","104171749","103343698"
"1406","104171749","64977824"
"1407","104171749","104171153"
"1408","104172098","103337659"
"1409","104172098","103348586"
"1410","104172446","103336097"
"1411","104172565","103081321"
"1412","104172565","104173882"
"1413","104172706","104172877"
"1414","104172774","104180482"
"1415","104172777","103337024"
"1416","104172777","103338863"
"1417","104172836","92439150"
"1418","104172836","104172732"
"1419","104174027","104184497"
"1420","104174027","104169880"
"1421","104174027","103343212"
"1422","104174062","104171624"
"1423","104175077","65797632"
"1424","104175781","104171481"
"1425","104175781","103493096"
"1426","104176394","103492456"
"1427","104176394","104172634"
"1428","104176988","104179142"
"1429","104178286","104170359"
"1430","104178286","104180273"
"1431","104178495","104184302"
"1432","104178722","104174068"
"1433","104178722","103336367"
"1434","104178734","103091030"
"1435","104178734","104183629"
"1436","104178734","99981043"
"1437","104179301","104185015"
"1438","104180261","103336216"
"1439","104180481","103339683"
"1440","104181196","103349608"
"1441","103081008","103082726"
"1442","103081008","104178602"
"1443","103336078","104170988"
"1444","103336078","103335876"
"1445","104171152","103343828"
"1446","104171152","104171038"
"1447","103082288","103345191"
"1448","103337358","103340881"
"1449","104172432","103334799"
"1450","103082287","103080844"
"1451","103337357","104178946"
"1452","104172431","103345392"
"1453","99972650","103335929"
"1454","103083813","104177781"
"1455","103338883","103343643"
"1456","103504236","104171188"
"1457","104173957","104172568"
"1458","103082085","104176391"
"1459","103082085","103349279"
"1460","103082085","104178434"
"1461","103082085","104173381"
"1462","103082085","103336056"
"1463","103082085","103087636"
"1464","103082085","104183660"
"1465","103082085","103090124"
"1466","103082085","103343478"
"1467","103082085","104175954"
"1468","103082085","103080850"
"1469","103336178","103336033"
"1470","103337155","103345180"
"1471","103337155","103341320"
"1472","103337155","103335324"
"1473","103337155","104174137"
"1474","103337155","103088578"
"1475","103337155","99972885"
"1476","103337155","104171164"
"1477","103337155","104176153"
"1478","103337155","103086844"
"1479","103337155","103343944"
"1480","103337155","103344348"
"1481","103337155","88626632"
"1482","103338223","104178770"
"1483","104171252","104172876"
"1484","104171820","103341914"
"1485","104172229","103335843"
"1486","104172229","99981854"
"1487","104172229","103341081"
"1488","104172229","104173193"
"1489","104172229","104184352"
"1490","104172229","103081486"
"1491","104172229","103336547"
"1492","104172229","104170918"
"1493","104172229","104171307"
"1494","104172229","104184361"
"1495","104172229","104173192"
"1496","104172229","103334908"
"1497","104173297","103336742"
"1498","103082629","103082588"
"1499","103082629","103088917"
"1500","103337699","104170919"
"1501","103337699","103336592"
"1502","104172773","103349224"
"1503","104172773","103338223"
"1504","103088289","104171049"
"1505","103089439","103082629"
"1506","103089440","103337798"
"1507","103090904","103343648"
"1508","103090926","103082009"
"1509","103343359","103335848"
"1510","103344509","104170920"
"1511","103344510","104183614"
"1512","103345973","103089970"
"1513","103345995","103334806"
"1514","103495483","103081321"
"1515","104178433","103343651"
"1516","104179583","103336084"
"1517","104179584","103336113"
"1518","104181047","104184351"
"1519","104181069","103337705"
"1520","88678080","99973341"
"1521","92258376","104170926"
"1522","94203808","104172847"
"1523","99971761","103335910"
"1524","99972299","104174057"
"1525","99973340","103349282"
"1526","99980358","104173679"
"1527","99980359","103080968"
"1528","99981831","59667457"
"1529","99981853","103349271"
"1530","103081105","104174141"
"1531","103087791","103334924"
"1532","103336175","103337509"
"1533","103342861","104171158"
"1534","104171249","103345973"
"1535","104177935","103349223"
"1536","103082591","104179445"
"1537","103082628","104177935"
"1538","103082628","104180483"
"1539","103337661","104179031"
"1540","103337698","104180233"
"1541","103337698","104171473"
"1542","103340787","104171210"
"1543","103492960","103336027"
"1544","103492997","103336461"
"1545","104172735","104178728"
"1546","104172737","103343689"
"1547","104172772","104173425"
"1548","104172772","103335844"
"1549","104175861","104176938"
"1550","99971758","103343359"
"1551","99971772","103501168"
"1552","99971887","104181482"
"1553","99971906","103349596"
"1554","103081475","103350180"
"1555","103081475","80129447"
"1556","103089430","103345406"
"1557","103089431","103090504"
"1558","103089431","103080848"
"1559","103089431","104175955"
"1560","103089444","104180480"
"1561","103089720","103086006"
"1562","103090931","104180966"
"1563","103336545","103337676"
"1564","103336545","103336078"
"1565","103336545","104170924"
"1566","103336545","103337579"
"1567","103344500","103088404"
"1568","103344501","103349231"
"1569","103344501","104172564"
"1570","103344501","104171473"
"1571","103344514","99971887"
"1572","103344789","103080028"
"1573","103345118","104179584"
"1574","103345119","104172258"
"1575","103345572","104170920"
"1576","103345573","104176153"
"1577","103345574","103088625"
"1578","103345575","103090927"
"1579","103345576","103340003"
"1580","103345577","103335913"
"1581","103345579","103080883"
"1582","103346000","103337032"
"1583","103349680","103088383"
"1584","104171619","104175077"
"1585","104171619","92447176"
"1586","104171619","104174062"
"1587","104171619","103349238"
"1588","104171619","103495344"
"1589","104179574","103336367"
"1590","104179574","104171153"
"1591","104179575","99972877"
"1592","104179575","104171621"
"1593","104179575","104176398"
"1594","104179575","104173867"
"1595","104179588","104176157"
"1596","104179863","99982848"
"1597","104180192","104171267"
"1598","104180193","103343660"
"1599","104180646","99971778"
"1600","104180647","104169998"
"1601","104180648","103090904"
"1602","104180649","103082287"
"1603","104180650","103088618"
"1604","104180651","103089392"
"1605","104180653","94195745"
"1606","104181074","103344393"
"1607","104184754","103349242"
"1608","99971759","103089440"
"1609","99971759","104171126"
"1610","99971759","103335835"
"1611","99971781","103346426"
"1612","99971781","103085814"
"1613","99971876","103086250"
"1614","99971882","103335964"
"1615","99977764","103337796"
"1616","99980349","103335852"
"1617","99980350","104176399"
"1618","99980350","103080957"
"1619","99980350","99981832"
"1620","99980363","99980213"
"1621","99981858","103088005"
"1622","104172379","104178716"
"1623","103080835","94203808"
"1624","103335905","103080797"
"1625","104170979","103336039"
"1626","104176979","103083373"
"1627","104176979","103335971"
"1628","99971669","104185355"
"1629","99971669","104172630"
"1630","99971762","103081369"
"1631","99971762","103335958"
"1632","99971775","99979545"
"1633","99971888","103341255"
"1634","103080781","104179438"
"1635","103080781","104170414"
"1636","103080781","104178765"
"1637","103082317","104184926"
"1638","103082318","104179536"
"1639","103335851","104172364"
"1640","103335851","103349318"
"1641","103335851","103336415"
"1642","103337387","104178717"
"1643","103337388","99971761"
"1644","103337510","103080964"
"1645","104170925","104170874"
"1646","104170925","104173882"
"1647","104170925","104178521"
"1648","104172461","104171027"
"1649","104172462","99971778"
"1650","104172562","99971889"
"1651","104172584","104180192"
"1652","104172584","104170922"
"1653","99971883","103088747"
"1654","99971905","103335910"
"1655","99973222","103342161"
"1656","103080827","103080782"
"1657","103080879","103080759"
"1658","103082730","104171425"
"1659","103085843","103335909"
"1660","103088409","104172779"
"1661","103089663","103082088"
"1662","103089992","103089439"
"1663","103089992","103344227"
"1664","103335897","104171349"
"1665","103335949","103493096"
"1666","103337800","103344462"
"1667","103340913","104172254"
"1668","103343479","103090338"
"1669","103344733","103335823"
"1670","103345061","104184300"
"1671","103345061","103080264"
"1672","103491196","104181053"
"1673","104170971","103080894"
"1674","104171023","104171165"
"1675","104172874","103336407"
"1676","104175987","104179119"
"1677","104178553","103345577"
"1678","104178553","103081009"
"1679","104179400","103337632"
"1680","104179807","104173127"
"1681","104180135","104170945"
"1682","104180135","104170329"
"1683","94196341","104170426"
"1684","99971802","104169998"
"1685","99971802","103500759"
"1686","99977181","103335929"
"1687","103082729","104171006"
"1688","103083641","104171264"
"1689","103337799","104178722"
"1690","103338711","103341076"
"1691","103338711","104183611"
"1692","103338711","103335949"
"1693","103338992","103087722"
"1694","103493098","103086472"
"1695","104172873","103345118"
"1696","104172926","103338988"
"1697","104172926","104176988"
"1698","104173785","103337533"
"1699","104173785","103080782"
"1700","104173785","103087624"
"1701","104173785","103338223"
"1702","104174066","103337157"
"1703","99971884","104177953"
"1704","99982870","103079732"
"1705","103080819","104177628"
"1706","103081675","103336038"
"1707","103088071","71483455"
"1708","103335889","103337488"
"1709","103336745","103092964"
"1710","103338998","103341767"
"1711","103343141","104170876"
"1712","103343141","103349245"
"1713","103491188","103336431"
"1714","104170963","104172155"
"1715","104171819","104170398"
"1716","104174072","104173489"
"1717","104174072","103088619"
"1718","104178215","104184415"
"1719","104178215","94196341"
"1720","104178215","104179061"
"1721","94196333","104171152"
"1722","99971651","104178286"
"1723","99971945","103336399"
"1724","99971953","103081313"
"1725","99971953","104170995"
"1726","99973221","103341520"
"1727","99979520","92252093"
"1728","99979521","103339202"
"1729","103082236","104170915"
"1730","103337306","104178840"
"1731","104172380","103082734"
"1732","104172380","103086001"
"1733","103336543","103493095"
"1734","103336543","104171630"
"1735","103336543","103088887"
"1736","103343170","99971892"
"1737","104171617","103088602"
"1738","104171617","103080906"
"1739","104171617","103088071"
"1740","104178244","104169880"
"1741","99971672","103343621"
"1742","99971672","99971775"
"1743","99977763","103339202"
"1744","99980220","103335255"
"1745","103080818","99972650"
"1746","103080818","103334981"
"1747","103080874","103336675"
"1748","103335888","103081380"
"1749","103335888","103081205"
"1750","103335944","99971778"
"1751","103491187","103339701"
"1752","103491187","104172874"
"1753","104170962","99980213"
"1754","104170962","104172232"
"1755","104171018","99971802"
"1756","94196332","103082011"
"1757","94196332","104171629"
"1758","99971755","104176933"
"1759","99971755","103336439"
"1760","99971755","103082589"
"1761","99971896","99972299"
"1762","103083911","103336032"
"1763","103084133","103081345"
"1764","103089300","103345572"
"1765","103089300","104171117"
"1766","103338981","94198104"
"1767","103339203","104171155"
"1768","103344370","104171527"
"1769","103344370","103083918"
"1770","104174055","103343672"
"1771","104174277","103341916"
"1772","104179444","103343940"
"1773","104179444","104173917"
"1774","99971944","103342706"
"1775","99971944","104171619"
"1776","99972124","103081009"
"1777","99972124","104170398"
"1778","99974830","104172296"
"1779","103081200","104184886"
"1780","103081474","103082632"
"1781","103081474","104171543"
"1782","103081588","104181944"
"1783","103081588","104176406"
"1784","103081656","103086014"
"1785","103082271","103492962"
"1786","103082272","99973190"
"1787","103082841","103493261"
"1788","103082842","104176841"
"1789","103083579","103337759"
"1790","103083919","94206573"
"1791","103083929","103343050"
"1792","103086886","104179077"
"1793","103088403","104178570"
"1794","103088407","99973761"
"1795","103088705","104179062"
"1796","103089299","104178283"
"1797","103089299","104179925"
"1798","103090114","103337700"
"1799","103090909","103343828"
"1800","103091029","104171622"
"1801","103093540","103080266"
"1802","103336270","103348033"
"1803","103336544","103080214"
"1804","103336544","103349234"
"1805","103336544","103089157"
"1806","103336544","103081008"
"1807","103336658","99977765"
"1808","103336658","104173867"
"1809","103336726","104173698"
"1810","103337341","103341542"
"1811","103337342","103343496"
"1812","103337580","94203970"
"1813","103337585","104173425"
"1814","103337759","80127666"
"1815","103337911","103080956"
"1816","103337912","103491188"
"1817","103338649","104180996"
"1818","103338989","103093538"
"1819","103338989","103082606"
"1820","103338999","104179779"
"1821","103338999","104179612"
"1822","103341956","103338118"
"1823","103343446","103082418"
"1824","103343473","103343663"
"1825","103343477","104174277"
"1826","103343775","86679076"
"1827","103344041","104180653"
"1828","103344041","103343360"
"1829","103344369","104180132"
"1830","103344369","103336081"
"1831","103345183","103336556"
"1832","103345978","103337701"
"1833","103346098","104171532"
"1834","103348609","103094218"
"1835","103491569","103345183"
"1836","103491957","103090508"
"1837","103491957","99979509"
"1838","103492025","99979793"
"1839","103496696","104171539"
"1840","104171344","103336039"
"1841","104171618","99971767"
"1842","104171618","104171425"
"1843","104171618","103079736"
"1844","104171618","104171617"
"1845","104171618","104169982"
"1846","104171732","104171629"
"1847","104171732","103336431"
"1848","104171753","103089292"
"1849","104171800","104180649"
"1850","104172415","99973551"
"1851","104172416","69500784"
"1852","104172654","104171531"
"1853","104172654","104180646"
"1854","104172659","103337962"
"1855","104172833","103082236"
"1856","104172833","104184364"
"1857","104172875","103082629"
"1858","104172985","104184349"
"1859","104172986","103345973"
"1860","104173723","103334806"
"1861","104174063","104171618"
"1862","104174063","104170944"
"1863","104174063","103335008"
"1864","104174073","103087980"
"1865","104174073","104178695"
"1866","104174766","103336407"
"1867","104174768","103081672"
"1868","104177030","104172870"
"1869","104178520","104175782"
"1870","104178547","103083929"
"1871","104178551","103080862"
"1872","104178849","104171161"
"1873","104179115","103344733"
"1874","104179115","103090926"
"1875","104179443","103337911"
"1876","104179443","103335918"
"1877","104180257","103080978"
"1878","104181052","104172431"
"1879","104181172","104172463"
"1880","104183683","103343477"
"1881","99971694","99981831"
"1882","99971933","103492959"
"1883","99973552","103082562"
"1884","99973552","104178244"
"1885","99979497","103491204"
"1886","99979509","103343872"
"1887","99979509","103336399"
"1888","99979624","103343654"
"1889","103082012","103349225"
"1890","103337082","103492958"
"1891","103492381","99971944"
"1892","104172156","103082481"
"1893","62955694","103087452"
"1894","64910463","103338981"
"1895","65797783","103336224"
"1896","65983358","103334981"
"1897","67690730","103342790"
"1898","69500491","103343209"
"1899","71483156","104184328"
"1900","78890215","104184348"
"1901","80127665","103345579"
"1902","86680344","92250960"
"1903","88624859","103335342"
"1904","88671798","67690800"
"1905","92252094","103336343"
"1906","92445403","103335849"
"1907","94197526","103081329"
"1908","99973760","103336091"
"1909","99974622","104170997"
"1910","103080741","104180262"
"1911","103080743","104179443"
"1912","103335811","88626133"
"1913","103335813","99971755"
"1914","103491112","103338118"
"1915","104170885","104177303"
"1916","104170887","71483156"
"1917","86679070","104173036"
"1918","88670524","99977763"
"1919","92250820","104172629"
"1920","92446677","103340913"
"1921","94196253","104174073"
"1922","99971654","103336027"
"1923","103081201","103087520"
"1924","103084883","103493878"
"1925","103336271","103083703"
"1926","103339953","103087590"
"1927","103491570","104181173"
"1928","103493878","103335921"
"1929","104171345","104172833"
"1930","104175027","103341959"
"1931","104177763","99981832"
"1932","86679533","103088674"
"1933","86683216","103087463"
"1934","88625670","103081522"
"1935","88670987","103086472"
"1936","88674670","62955694"
"1937","92251283","103496106"
"1938","92254966","103338423"
"1939","92442531","103338307"
"1940","92446214","103349278"
"1941","94196715","104176158"
"1942","94200398","103080840"
"1943","97746566","104179115"
"1944","97746566","94196333"
"1945","97746683","103093470"
"1946","97746689","104171006"
"1947","97746929","103343697"
"1948","99972119","103091806"
"1949","103080864","103083199"
"1950","103089306","69500491"
"1951","103335934","103340787"
"1952","103344376","104178762"
"1953","104171008","104178223"
"1954","104179450","103086835"
"1955","97745926","99971701"
"1956","97746567","103082842"
"1957","97746567","103337800"
"1958","97746684","103080826"
"1959","97746690","86680343"
"1960","97747826","103089663"
"1961","97747826","103337491"
"1962","97747826","103083714"
"1963","97747826","104172415"
"1964","99971116","103082264"
"1965","99971700","99981854"
"1966","99971880","97748570"
"1967","99971932","103337342"
"1968","99971943","103082510"
"1969","99973004","104171629"
"1970","99973004","103348608"
"1971","99973004","104171732"
"1972","99973004","104175987"
"1973","99973004","97745454"
"1974","99973004","104180271"
"1975","99973016","103343661"
"1976","99973016","104170308"
"1977","99973016","99979538"
"1978","99973016","104170412"
"1979","99973016","103337508"
"1980","99973016","103080973"
"1981","99973016","99971963"
"1982","99973016","104184405"
"1983","99973016","104179438"
"1984","99973016","103082630"
"1985","99973016","103344227"
"1986","99979496","78888433"
"1987","99979502","103093540"
"1988","99979506","103336034"
"1989","97755851","103338999"
"1990","99981040","104181069"
"1991","97753353","99971695"
"1992","97753354","103338953"
"1993","97753354","103081749"
"1994","99971787","104184320"
"1995","99978543","103349249"
"1996","99978544","103495483"
"1997","99978544","104178128"
"1998","97746747","99977805"
"1999","99971927","103337509"
"2000","99971927","103080843"
"2001","99971937","94198714"
"2002","99971937","103080956"
"2003","97754597","103080964"
"2004","99973548","103335909"
"2005","103079733","103337489"
"2006","103079733","103344331"
"2007","103080731","103335257"
"2008","103093466","103341767"
"2009","103093466","103341960"
"2010","103334803","103349229"
"2011","103334803","103335820"
"2012","103335801","104177644"
"2013","103348535","104170001"
"2014","103348535","103082482"
"2015","103491100","104172567"
"2016","104169877","103089993"
"2017","104169877","62959169"
"2018","104170875","104170059"
"2019","104177792","103343621"
"2020","104183609","103087433"
"2021","104183609","92258377"
"2022","69723482","103493099"
"2023","69723483","104180205"
"2024","72765471","103086011"
"2025","72765472","99971937"
"2026","72816702","104172735"
"2027","72816703","104178725"
"2028","88670512","103336407"
"2029","92250808","104174055"
"2030","94196241","99979550"
"2031","103079731","103082892"
"2032","103080735","103336359"
"2033","103080735","103338953"
"2034","103334801","103345039"
"2035","103335805","103349284"
"2036","103335805","104178818"
"2037","103343087","86679076"
"2038","104169875","103088590"
"2039","104170879","104179807"
"2040","104170879","103337561"
"2041","104178161","104172416"
"2042","97748357","103335953"
"2043","97754318","104181949"
"2044","99973547","103342720"
"2045","99977850","104171345"
"2046","99979508","104178695"
"2047","99979508","103334908"
"2048","103080868","103086243"
"2049","103081193","103091807"
"2050","103081193","104170893"
"2051","103335938","104176397"
"2052","103336263","104178597"
"2053","103336263","104180647"
"2054","104171012","103088602"
"2055","104171337","103337305"
"2056","104171337","92444768"
"2057","97753158","103504346"
"2058","99978348","104180307"
"2059","103082725","103091030"
"2060","103082725","103343817"
"2061","103337795","104172775"
"2062","103337795","103081203"
"2063","103493094","104172834"
"2064","103493094","103336057"
"2065","104172869","103337012"
"2066","104172869","92250822"
"2067","104173678","103343957"
"2068","104173678","103334816"
"2069","94198240","99979503"
"2070","94198240","103082646"
"2071","97754317","103336801"
"2072","99971895","104171108"
"2073","99972117","104178161"
"2074","99979507","97754316"
"2075","103079885","103345061"
"2076","103089461","103336114"
"2077","103334955","103344510"
"2078","103344531","103492789"
"2079","104170029","103346870"
"2080","104170029","104177778"
"2081","104179605","104171433"
"2082","99972240","94196243"
"2083","99972240","104171020"
"2084","99973649","88618849"
"2085","103080265","103081154"
"2086","103080265","92446675"
"2087","103082561","104170919"
"2088","103082561","104184677"
"2089","103082650","103504506"
"2090","103082651","71483457"
"2091","103082779","104170358"
"2092","103087034","88672348"
"2093","103335335","103082317"
"2094","103335335","104173847"
"2095","103337631","104178548"
"2096","103337631","103336140"
"2097","103337720","103088917"
"2098","103337721","99974622"
"2099","103337849","99980380"
"2100","103342104","99979880"
"2101","103490634","104184363"
"2102","103490634","103343744"
"2103","103493019","88619835"
"2104","103493020","104173937"
"2105","103493148","103082730"
"2106","103493620","103495269"
"2107","104170409","103094342"
"2108","104170409","103338988"
"2109","104172354","97748239"
"2110","104172705","94196393"
"2111","104172705","103336118"
"2112","104172794","103495233"
"2113","104172795","104171264"
"2114","104172923","88670649"
"2115","104175023","103082590"
"2116","104177178","103081035"
"2117","64910733","97746933"
"2118","65798058","103336745"
"2119","65983632","103080836"
"2120","67691014","103080750"
"2121","67691014","103082631"
"2122","69500783","103343775"
"2123","69500783","103495107"
"2124","71483454","103335929"
"2125","71483454","104169892"
"2126","78888426","92250314"
"2127","78888426","103349287"
"2128","80129454","103336135"
"2129","80129454","99978514"
"2130","86678555","103337220"
"2131","86678555","103344371"
"2132","86680983","99973551"
"2133","86680984","104171425"
"2134","88626648","104176933"
"2135","88626648","103493020"
"2136","88670009","99971927"
"2137","88670009","103335344"
"2138","88672437","97754601"
"2139","88672438","103343671"
"2140","88672566","92251283"
"2141","92250305","103090340"
"2142","92250305","103079736"
"2143","92252733","103349680"
"2144","92252734","103087164"
"2145","92252862","104181069"
"2146","92444763","97754316"
"2147","92444764","104173196"
"2148","92447192","103083579"
"2149","92447192","99971875"
"2150","94195738","104172106"
"2151","94195738","103082629"
"2152","94198165","104172562"
"2153","94198166","104171329"
"2154","94198294","94198165"
"2155","97748458","99973547"
"2156","99972232","99974830"
"2157","99972232","103082331"
"2158","99973648","103349241"
"2159","99978924","104180136"
"2160","103080976","103336399"
"2161","103336046","99979322"
"2162","104171120","88678080"
"2163","104172542","104173678"
"2164","97747816","103086250"
"2165","99973006","99971802"
"2166","103080885","103344500"
"2167","103080961","104171620"
"2168","103082097","86679072"
"2169","103082097","104176989"
"2170","103082097","104178950"
"2171","103082097","103082288"
"2172","103082097","103491556"
"2173","103082097","88672185"
"2174","103082097","104178728"
"2175","103082097","104171620"
"2176","103082097","104171114"
"2177","103082097","103335867"
"2178","103082097","103491386"
"2179","103335955","103335970"
"2180","103336031","103337488"
"2181","103337167","104170426"
"2182","103337167","103080799"
"2183","103337167","104179443"
"2184","103337167","103339076"
"2185","103337167","104185064"
"2186","103337167","99980359"
"2187","103337167","103090505"
"2188","103337167","103088868"
"2189","103337167","103490643"
"2190","103337167","86686354"
"2191","103337167","103079900"
"2192","103492466","103343698"
"2193","103492466","103337552"
"2194","103492466","104172873"
"2195","103492466","103343688"
"2196","104171029","99979757"
"2197","104171105","104179016"
"2198","104172241","104171386"
"2199","104172241","103338613"
"2200","104172241","99979547"
"2201","104172241","103083813"
"2202","104172241","103336257"
"2203","104172241","104173847"
"2204","104172241","103501596"
"2205","104172241","103090091"
"2206","104172241","88670016"
"2207","104172241","103344041"
"2208","104172241","104174099"
"2209","103089460","103491188"
"2210","103344530","104183682"
"2211","104179604","97755852"
"2212","99971750","103088407"
"2213","99980218","103080874"
"2214","99980379","104173047"
"2215","103080950","94195747"
"2216","103080950","104177195"
"2217","103080975","103345469"
"2218","103082083","86679535"
"2219","103082084","72816702"
"2220","103082891","88670989"
"2221","103334973","99975852"
"2222","103336020","104171753"
"2223","103336020","103093466"
"2224","103336045","103342792"
"2225","103337153","99977169"
"2226","103337154","88670987"
"2227","103337961","99977764"
"2228","103345460","103342861"
"2229","103345461","103337761"
"2230","103345462","103336407"
"2231","103345463","103080868"
"2232","103345464","86678132"
"2233","103345465","103089879"
"2234","103345466","99971942"
"2235","103345467","104171386"
"2236","103345468","99971875"
"2237","103345469","104180022"
"2238","103345470","104175077"
"2239","103345472","99979501"
"2240","103345473","104183683"
"2241","103345474","103081361"
"2242","103345475","103345472"
"2243","103491319","103343445"
"2244","103491344","104171497"
"2245","103492452","104180648"
"2246","103492453","104170900"
"2247","103493260","103336079"
"2248","104170047","103081337"
"2249","104171094","103349341"
"2250","104171094","103344229"
"2251","104171119","78890215"
"2252","104172227","103087650"
"2253","104172228","103082087"
"2254","104173035","104171037"
"2255","104180534","104179436"
"2256","104180535","103343651"
"2257","104180536","103341956"
"2258","104180537","104174276"
"2259","104180538","104170987"
"2260","104180539","103081473"
"2261","104180540","97754597"
"2262","104180541","104174277"
"2263","104180542","104184292"
"2264","104180543","104184397"
"2265","104180544","104178597"
"2266","104180546","104176849"
"2267","104180547","103337912"
"2268","104180548","104178215"
"2269","104180549","99973340"
"2270","94197597","103080894"
"2271","97746586","97748239"
"2272","97746736","103345466"
"2273","97747251","104171000"
"2274","97754311","99979506"
"2275","97754311","103091806"
"2276","99970650","103088590"
"2277","99971776","103335846"
"2278","99971926","104172086"
"2279","99971926","103080955"
"2280","99971942","103094627"
"2281","99972441","99971924"
"2282","99979295","99972119"
"2283","99979501","104183609"
"2284","99979501","94195313"
"2285","103080974","99971692"
"2286","103336044","104171617"
"2287","103337279","97749010"
"2288","104171118","104179612"
"2289","104172353","99977765"
"2290","103081587","103337701"
"2291","103087429","103492453"
"2292","103087723","104171619"
"2293","103087723","97754704"
"2294","103089056","103336034"
"2295","103336657","92251281"
"2296","103342499","103349243"
"2297","103342793","103492725"
"2298","103342793","104172474"
"2299","103344126","103087156"
"2300","103344126","103336079"
"2301","103491956","99971651"
"2302","103495073","103335897"
"2303","103495345","99970650"
"2304","103495345","103495906"
"2305","104171731","103084006"
"2306","104177573","104180466"
"2307","104177867","99971116"
"2308","104177867","103088405"
"2309","104179200","99970644"
"2310","104179200","103089418"
"2311","97747807","104171343"
"2312","97747808","103345411"
"2313","97747809","103079841"
"2314","99972997","103088572"
"2315","99972998","103090401"
"2316","99972999","103335282"
"2317","103081103","104172928"
"2318","103081103","94202550"
"2319","103081472","88670659"
"2320","103336173","103082418"
"2321","103336173","103081111"
"2322","103336542","104170894"
"2323","103336542","104172774"
"2324","103336542","94198166"
"2325","103336542","103088017"
"2326","103491472","88626639"
"2327","103491472","104173917"
"2328","103491841","103337036"
"2329","104171247","94196986"
"2330","104171247","103338883"
"2331","104171616","103086835"
"2332","104171616","104171205"
"2333","104171616","103087791"
"2334","104171616","103336359"
"2335","94196617","104174062"
"2336","94197599","104177632"
"2337","94197599","104177864"
"2338","94202608","104180534"
"2339","94202947","96095872"
"2340","96091610","103503916"
"2341","96091904","69723482"
"2342","96097252","103336026"
"2343","96097252","104176940"
"2344","96097253","104171247"
"2345","103081087","92446214"
"2346","103081087","103337973"
"2347","103081586","92252729"
"2348","103081969","103342121"
"2349","103084005","94196378"
"2350","103084005","103495484"
"2351","103336157","104181047"
"2352","103336157","103086846"
"2353","103336656","103496116"
"2354","103337039","99981040"
"2355","103339075","104172756"
"2356","103339075","104174022"
"2357","103491456","97746566"
"2358","103491456","65983358"
"2359","103491955","97754873"
"2360","103504044","104170410"
"2361","104171231","104174766"
"2362","104171231","104170070"
"2363","104171730","103337681"
"2364","104172113","94200398"
"2365","104174149","104172654"
"2366","104174149","103080750"
"2367","94196601","103337579"
"2368","94196601","103336270"
"2369","94197100","103082591"
"2370","97749734","94198406"
"2371","99973338","103341086"
"2372","99973338","99980063"
"2373","99974924","94198994"
"2374","99980225","103338793"
"2375","103080831","103504044"
"2376","103080831","94205942"
"2377","103081304","103087034"
"2378","103081304","94201792"
"2379","103083639","104179873"
"2380","103083639","92446223"
"2381","103083910","99973223"
"2382","103083910","88672567"
"2383","103086242","103080730"
"2384","103086242","104184337"
"2385","103086931","92443880"
"2386","103335901","104177763"
"2387","103335901","99971873"
"2388","103336374","103336819"
"2389","103336374","103500883"
"2390","103336374","104174150"
"2391","103337538","99980218"
"2392","103337538","97748244"
"2393","103338709","103081103"
"2394","103338709","104172707"
"2395","103338980","103342503"
"2396","103338980","103089446"
"2397","103341312","104179061"
"2398","103341312","94198295"
"2399","103342001","99970652"
"2400","103491200","103088802"
"2401","103494312","103491195"
"2402","104170975","104170029"
"2403","104170975","99979540"
"2404","104171448","104179604"
"2405","104171448","96088997"
"2406","104171448","103336273"
"2407","104171448","103336271"
"2408","104172612","104171623"
"2409","104172612","103504410"
"2410","104172612","104179105"
"2411","104173783","104171167"
"2412","104173783","103337489"
"2413","104174054","99973760"
"2414","104174054","103495096"
"2415","104174054","103337961"
"2416","104176386","103080879"
"2417","104176386","97748239"
"2418","104177075","97753354"
"2419","104179288","99979521"
"2420","94205835","103345465"
"2421","96089016","103345760"
"2422","97746679","103496138"
"2423","97754104","99971943"
"2424","97754885","92250810"
"2425","99971869","103337560"
"2426","99971869","92446677"
"2427","99972594","97754306"
"2428","99973237","103501521"
"2429","99974558","103341320"
"2430","99974558","103349990"
"2431","99974829","104184316"
"2432","99979294","103082398"
"2433","99979326","99980358"
"2434","99980075","104172779"
"2435","99978641","103500985"
"2436","103081100","103341329"
"2437","103081699","103495167"
"2438","103081699","88670524"
"2439","103081699","104176979"
"2440","103083925","99971924"
"2441","103083925","103090510"
"2442","103088583","94196986"
"2443","103089752","103344820"
"2444","103336170","104172565"
"2445","103336769","103345412"
"2446","103336769","103336109"
"2447","103336769","104169982"
"2448","103338995","104171666"
"2449","103338995","104171290"
"2450","103343653","80121654"
"2451","103344821","104171822"
"2452","103491469","104180832"
"2453","103492068","99975541"
"2454","103492068","97747404"
"2455","103496373","92257722"
"2456","104169990","104178771"
"2457","104171244","88672690"
"2458","104171843","104171094"
"2459","104171843","88624860"
"2460","104171843","72816703"
"2461","104174069","99971762"
"2462","104174069","104172102"
"2463","104174069","104176158"
"2464","104178727","94204104"
"2465","104179895","103080839"
"2466","104179895","99979509"
"2467","94196614","103086250"
"2468","99973339","104174064"
"2469","99974844","104184754"
"2470","103080744","103337580"
"2471","103081018","97746560"
"2472","103081018","104184306"
"2473","103081084","97746929"
"2474","103081099","99974848"
"2475","103081198","97753363"
"2476","103335814","104180535"
"2477","103336088","103089468"
"2478","103336088","94202947"
"2479","103336154","99971926"
"2480","103336169","99975852"
"2481","103336268","104180541"
"2482","103491387","103492787"
"2483","103491453","94198989"
"2484","103491468","103083928"
"2485","104170888","103342794"
"2486","104171162","88625668"
"2487","104171162","103335938"
"2488","104171228","103080847"
"2489","104171243","103088583"
"2490","104171342","103336592"
"2491","94196254","104179450"
"2492","94196532","103080864"
"2493","94196598","103080898"
"2494","94196613","103491102"
"2495","96098319","99973510"
"2496","96098597","96091610"
"2497","97753451","104177596"
"2498","97755186","99971893"
"2499","99980219","103341783"
"2500","99980219","103344488"
"2501","99980375","104174022"
"2502","103080951","103334800"
"2503","103336021","103080962"
"2504","104171095","103491206"
"2505","94195660","104171045"
"2506","94204124","104171122"
"2507","96090727","96093093"
"2508","96099191","103335815"
"2509","99973337","103090393"
"2510","103081013","104172258"
"2511","103081083","99972999"
"2512","103081093","99973512"
"2513","103081585","96095479"
"2514","103081957","103337551"
"2515","103336083","104175781"
"2516","103336153","103337275"
"2517","103336163","103090062"
"2518","103336655","104171131"
"2519","103337027","104179399"
"2520","103491452","103083534"
"2521","103491462","103090341"
"2522","103491954","97753451"
"2523","104170336","86680048"
"2524","104171157","104172807"
"2525","104171227","103081121"
"2526","104171237","103080819"
"2527","104171729","92252808"
"2528","104172101","103349290"
"2529","94196597","103338982"
"2530","94196607","99971924"
"2531","94196718","104171624"
"2532","94197099","103081475"
"2533","94204111","103495224"
"2534","96090740","104171816"
"2535","96098133","99973237"
"2536","103080197","104178215"
"2537","103080834","99973238"
"2538","103080834","103500885"
"2539","103080834","103080883"
"2540","103080945","103500655"
"2541","103080948","99981033"
"2542","103081190","103080978"
"2543","103081296","103342499"
"2544","103081296","99980649"
"2545","103081296","94198241"
"2546","103083978","94206486"
"2547","103083978","104172986"
"2548","103087983","103492322"
"2549","103089425","104173687"
"2550","103335267","104171228"
"2551","103335904","103337023"
"2552","103335904","103346021"
"2553","103335904","104171749"
"2554","103336015","103492025"
"2555","103336018","103492957"
"2556","103336260","103345471"
"2557","103336366","103082779"
"2558","103336366","104177469"
"2559","103336366","103082593"
"2560","103336366","103345182"
"2561","103339048","94196818"
"2562","103339048","103090403"
"2563","103343053","103336658"
"2564","103343053","103337341"
"2565","103343053","103334916"
"2566","103344495","103337508"
"2567","103490566","96088309"
"2568","103491203","103087159"
"2569","103491203","104178902"
"2570","103491314","103344229"
"2571","103491317","94197779"
"2572","103491559","103492767"
"2573","103491665","96088212"
"2574","103491665","103080948"
"2575","103496137","104171347"
"2576","103504071","103343775"
"2577","104170341","103088584"
"2578","104170978","104172254"
"2579","104170978","103084132"
"2580","104170978","103339683"
"2581","104171089","103491556"
"2582","104171092","99978544"
"2583","104171334","103346876"
"2584","104171440","103335802"
"2585","104171440","104180234"
"2586","104171440","103495567"
"2587","104171440","103491561"
"2588","104174122","103090337"
"2589","104174122","103337279"
"2590","104178127","103080954"
"2591","104178127","103082422"
"2592","104178127","104179583"
"2593","104178127","103492879"
"2594","104178127","103337661"
"2595","104178127","103335958"
"2596","104178568","104178149"
"2597","104179569","103336043"
"2598","104185302","104180135"
"2599","94195670","104170926"
"2600","94196459","97749734"
"2601","94196704","92258511"
"2602","94196714","97755844"
"2603","94196714","103090397"
"2604","94196810","104171098"
"2605","94198244","103491245"
"2606","94206392","103088407"
"2607","96088459","88625157"
"2608","96096607","103081699"
"2609","96098137","104178219"
"2610","96098137","103088351"
"2611","96098147","103491382"
"2612","96099181","96089016"
"2613","97746563","97753451"
"2614","97746563","103337795"
"2615","97746735","104171629"
"2616","97746907","103349268"
"2617","97747735","103082563"
"2618","97747735","94197598"
"2619","97749707","103088573"
"2620","97754566","104171255"
"2621","97755154","103495280"
"2622","99971753","97748357"
"2623","99971753","99979894"
"2624","99971753","103343712"
"2625","99971925","103339076"
"2626","99972097","103336391"
"2627","99972925","94206391"
"2628","99972925","92252734"
"2629","99974897","103342104"
"2630","99974897","103089418"
"2631","99975052","88676822"
"2632","99979756","103335844"
"2633","99980344","88670526"
"2634","103088582","103345462"
"2635","103088582","104173107"
"2636","103343652","99974830"
"2637","103343652","103345475"
"2638","103495658","92250954"
"2639","103495658","96096821"
"2640","104178726","96088717"
"2641","104178726","103335976"
"2642","94196522","99971753"
"2643","94204103","104178215"
"2644","94204103","103081011"
"2645","94204103","103336026"
"2646","96090748","103335800"
"2647","96090748","104171481"
"2648","96090748","104170984"
"2649","96098329","94196416"
"2650","99973154","103344362"
"2651","99973155","103080838"
"2652","103080828","103089288"
"2653","103081077","96088909"
"2654","103081092","103082729"
"2655","103083926","96090740"
"2656","103084004","99973000"
"2657","103088587","92250955"
"2658","103089416","103345983"
"2659","103335898","103088626"
"2660","103336147","103081588"
"2661","103336162","103344948"
"2662","103338996","104174164"
"2663","103339074","103090503"
"2664","103343657","99971869"
"2665","103344486","104172462"
"2666","103491446","88674670"
"2667","103491461","104172847"
"2668","103504045","103336051"
"2669","103504123","103089752"
"2670","104170972","103335284"
"2671","104171221","104170876"
"2672","104171236","99971888"
"2673","104174070","99974558"
"2674","104174148","104178547"
"2675","104178731","104179301"
"2676","104179560","103086015"
"2677","94196591","103344412"
"2678","94196606","104181950"
"2679","94204108","103336656"
"2680","96090743","103337579"
"2681","97747202","103334818"
"2682","97749655","96098319"
"2683","97751972","104172659"
"2684","99972392","103082510"
"2685","99974845","104171538"
"2686","99977162","103344821"
"2687","99980335","104170336"
"2688","103080939","103492787"
"2689","103081377","97747809"
"2690","103081471","104178734"
"2691","103081471","97746574"
"2692","103081968","103338954"
"2693","103088577","88623967"
"2694","103089158","103335905"
"2695","103089158","103336081"
"2696","103336009","103082318"
"2697","103336447","92250820"
"2698","103336541","103336359"
"2699","103336541","94196388"
"2700","103336541","103082561"
"2701","103336541","103341079"
"2702","103337038","104173723"
"2703","103337758","99971770"
"2704","103343647","99979508"
"2705","103344228","103491472"
"2706","103344228","103336105"
"2707","103491308","96088721"
"2708","103491746","104171221"
"2709","103491840","104171112"
"2710","103492337","96095882"
"2711","104171083","103086844"
"2712","104171521","99975052"
"2713","104171615","94205835"
"2714","104171615","103335969"
"2715","104171615","104170979"
"2716","104171615","103088872"
"2717","104171615","103084132"
"2718","104172112","103090111"
"2719","104172832","88670978"
"2720","104178721","94196598"
"2721","104179302","104171244"
"2722","104179302","103491324"
"2723","94196453","99979019"
"2724","94196719","103337306"
"2725","94196891","97746736"
"2726","94196891","103338980"
"2727","94196985","103345970"
"2728","94197482","103081296"
"2729","94204098","104180248"
"2730","94206129","103343938"
"2731","96088722","103492574"
"2732","96090753","104171125"
"2733","96098132","103337400"
"2734","103080184","103090395"
"2735","103080184","103081369"
"2736","103080820","103490213"
"2737","103080829","103335932"
"2738","103080832","103337081"
"2739","103080944","94196714"
"2740","103081007","104178215"
"2741","103081007","99973649"
"2742","103081076","88671654"
"2743","103081584","103086015"
"2744","103081584","103080266"
"2745","103081965","104170941"
"2746","103081965","103081586"
"2747","103081973","94196704"
"2748","103081973","104172635"
"2749","103082006","103339698"
"2750","103082006","99973016"
"2751","103088589","103336544"
"2752","103088589","103495594"
"2753","103088837","99973016"
"2754","103335254","103081384"
"2755","103335254","104176849"
"2756","103335890","96095203"
"2757","103335899","103337153"
"2758","103335902","97754136"
"2759","103336014","97747808"
"2760","103336077","103348609"
"2761","103336077","104170877"
"2762","103336146","103341916"
"2763","103336654","104174099"
"2764","103336654","103081522"
"2765","103337035","97753158"
"2766","103337035","103491317"
"2767","103337043","94196707"
"2768","103337043","97754566"
"2769","103337076","103088587"
"2770","103337076","103336087"
"2771","103343659","96099191"
"2772","103343659","92252862"
"2773","103343907","104176145"
"2774","103491189","94198714"
"2775","103491198","104180548"
"2776","103491313","103336590"
"2777","103491376","99971874"
"2778","103491445","103088584"
"2779","103491450","103337705"
"2780","103491451","103081199"
"2781","103491953","103343473"
"2782","103491953","99980344"
"2783","103492334","94205839"
"2784","103492342","103336091"
"2785","103492375","103349323"
"2786","103492375","103344526"
"2787","103495665","104177947"
"2788","103495849","99971758"
"2789","104170328","104177573"
"2790","104170328","103492605"
"2791","104170964","96091881"
"2792","104170973","103337795"
"2793","104170976","103081585"
"2794","104171088","97748322"
"2795","104171151","103345468"
"2796","104171151","97754104"
"2797","104171220","92442531"
"2798","104171728","103335995"
"2799","104171728","71483108"
"2800","104172109","103495518"
"2801","104172109","103504236"
"2802","104172117","103345995"
"2803","104172117","103344494"
"2804","104172150","96098319"
"2805","104172150","103343987"
"2806","104178733","104176979"
"2807","104178733","103492337"
"2808","104178981","103080842"
"2809","94195657","103081092"
"2810","94195657","104172563"
"2811","94196334","99972594"
"2812","94196521","103081100"
"2813","94196521","103080856"
"2814","94196590","97754306"
"2815","94196595","103491461"
"2816","94196596","94200700"
"2817","94197098","104171618"
"2818","94197098","64913899"
"2819","94197479","103088619"
"2820","94197487","103345410"
"2821","94197520","96098319"
"2822","94197520","65986808"
"2823","94198356","104172106"
"2824","94204110","80121654"
"2825","94204110","104173035"
"2826","96090741","103080835"
"2827","96090741","104172985"
"2828","96096495","103086835"
"2829","96097331","96088239"
"2830","96097331","99980379"
"2831","96097364","104169874"
"2832","96098330","99971874"
"2833","96098330","103081111"
"2834","97754565","104171481"
"2835","99979755","94198143"
"2836","103080195","103345995"
"2837","103081945","92447185"
"2838","103081952","103335902"
"2839","103089291","103335845"
"2840","103335265","103335889"
"2841","103337015","99972591"
"2842","103337022","104178733"
"2843","103343993","103335872"
"2844","103344361","103345062"
"2845","103490564","86681867"
"2846","103491448","86679205"
"2847","103491449","103495342"
"2848","103491466","94204031"
"2849","103491467","104181944"
"2850","103492321","99971937"
"2851","103496105","103081962"
"2852","104170339","103501566"
"2853","104170343","104170923"
"2854","104172089","97747807"
"2855","104172096","99977162"
"2856","104179067","103338118"
"2857","104179435","94197720"
"2858","94195668","103491956"
"2859","94195672","104171290"
"2860","94196593","104179600"
"2861","94196594","103081584"
"2862","94196611","96098139"
"2863","94196612","104176394"
"2864","94197466","104179012"
"2865","94200180","96099179"
"2866","96094671","104171044"
"2867","96099179","94204111"
"2868","103079725","94195672"
"2869","103079725","103082418"
"2870","103079725","103081587"
"2871","103080260","97753353"
"2872","103080821","103085843"
"2873","103080821","103495849"
"2874","103080823","96089048"
"2875","103080824","103344485"
"2876","103080857","97746575"
"2877","103080938","104171236"
"2878","103080942","103337799"
"2879","103081019","99973509"
"2880","103081019","103491953"
"2881","103081019","103341085"
"2882","103081110","96090753"
"2883","103081178","96097061"
"2884","103081178","104179590"
"2885","103081288","103080733"
"2886","103081288","104173783"
"2887","103081288","96088311"
"2888","103081379","103336146"
"2889","103081519","78888435"
"2890","103081559","103339700"
"2891","103081583","99974622"
"2892","103081655","103492067"
"2893","103081655","61683957"
"2894","103081655","67691016"
"2895","103081655","104174786"
"2896","103081698","97746560"
"2897","103081961","94198203"
"2898","103082687","69723484"
"2899","103083274","103342789"
"2900","103083278","103335850"
"2901","103083909","104171417"
"2902","103083909","104180465"
"2903","103083909","103496700"
"2904","103084582","104177236"
"2905","103086952","92252644"
"2906","103087837","103492024"
"2907","103087837","94196712"
"2908","103088588","92252808"
"2909","103088836","99971690"
"2910","103089156","103339707"
"2911","103089156","103335846"
"2912","103089287","103340884"
"2913","103089427","88670902"
"2914","103089445","99973007"
"2915","103090047","104176616"
"2916","103090123","94197599"
"2917","103334795","103081699"
"2918","103334795","103335927"
"2919","103334795","104180254"
"2920","103334795","104179583"
"2921","103335330","103083977"
"2922","103335891","103343473"
"2923","103335891","103495089"
"2924","103335893","103335871"
"2925","103335894","103081190"
"2926","103335927","104172089"
"2927","103336008","104172227"
"2928","103336012","103336653"
"2929","103336089","103335971"
"2930","103336089","104171227"
"2931","103336089","103335894"
"2932","103336248","103088837"
"2933","103336248","104170897"
"2934","103336358","103491451"
"2935","103336358","103335336"
"2936","103336358","104179571"
"2937","103336358","104174783"
"2938","103336449","104171149"
"2939","103336589","94197597"
"2940","103336629","94202970"
"2941","103336653","94198969"
"2942","103336681","104178726"
"2943","103336725","99971933"
"2944","103336725","104178811"
"2945","103336725","92253626"
"2946","103336725","103335852"
"2947","103336768","103336542"
"2948","103337031","103495249"
"2949","103337757","103335958"
"2950","103337757","96091904"
"2951","103338344","103081966"
"2952","103338348","103349678"
"2953","103338979","103090113"
"2954","103338979","80122640"
"2955","103338979","94203242"
"2956","103339652","86681236"
"2957","103339697","104171008"
"2958","103339699","103343907"
"2959","103342022","103336366"
"2960","103342907","103080957"
"2961","103342907","97747203"
"2962","103343658","103345408"
"2963","103343906","103080859"
"2964","103344226","86680344"
"2965","103344226","96099541"
"2966","103344226","94205905"
"2967","103344357","94202379"
"2968","103344497","104170919"
"2969","103344515","88670018"
"2970","103344788","96091881"
"2971","103345116","94196255"
"2972","103345192","103343141"
"2973","103491190","97746690"
"2974","103491190","104176988"
"2975","103491192","104171755"
"2976","103491193","104170044"
"2977","103491226","103341783"
"2978","103491307","103080266"
"2979","103491311","97752660"
"2980","103491388","104180536"
"2981","103491388","103087634"
"2982","103491447","104183613"
"2983","103491463","94198244"
"2984","103491464","103080749"
"2985","103491465","96097250"
"2986","103491479","104172847"
"2987","103491547","103344226"
"2988","103491547","103090509"
"2989","103491657","103090392"
"2990","103491657","104178446"
"2991","103491657","97755851"
"2992","103491888","94203943"
"2993","103491928","103334802"
"2994","103491952","103081337"
"2995","103492024","104174801"
"2996","103492024","103345464"
"2997","103492024","103495653"
"2998","103492067","103336547"
"2999","103493056","104171221"
"3000","103493643","99979520"
"3001","103495373","104171521"
"3002","103495373","99980344"
"3003","103495664","103343657"
"3004","103495848","103336157"
"3005","103495992","103337774"
"3006","103496101","104170903"
"3007","103496139","104180537"
"3008","103504140","103088667"
"3009","103504140","104172777"
"3010","104169869","97755029"
"3011","104169869","94198240"
"3012","104169869","103335844"
"3013","104169869","104184763"
"3014","104169869","94197601"
"3015","104170404","103089171"
"3016","104170965","104172869"
"3017","104170965","94196390"
"3018","104170967","103080938"
"3019","104170968","99980387"
"3020","104171001","103491198"
"3021","104171082","103080955"
"3022","104171086","99973547"
"3023","104171163","96091885"
"3024","104171163","103335285"
"3025","104171163","103336137"
"3026","104171322","103086242"
"3027","104171322","103087463"
"3028","104171432","103081337"
"3029","104171432","103336024"
"3030","104171432","103336015"
"3031","104171432","97748621"
"3032","104171523","99971781"
"3033","104171663","103080843"
"3034","104171703","103339953"
"3035","104171727","67691015"
"3036","104171755","99974498"
"3037","104171755","103080756"
"3038","104171755","103082646"
"3039","104171799","104171732"
"3040","104171799","99980211"
"3041","104171799","104170963"
"3042","104171799","103090105"
"3043","104171842","103337631"
"3044","104172105","104171086"
"3045","104172831","94196335"
"3046","104172831","103088408"
"3047","104173418","97755145"
"3048","104173418","103080192"
"3049","104173422","97752660"
"3050","104174053","104170328"
"3051","104174053","103088290"
"3052","104174053","97747202"
"3053","104174726","96097865"
"3054","104174771","94195685"
"3055","104174773","103082562"
"3056","104174781","97753158"
"3057","104174783","99979666"
"3058","104175977","97748319"
"3059","104175979","96099541"
"3060","104177096","94197519"
"3061","104177096","96088459"
"3062","104177981","103491456"
"3063","104177981","103081200"
"3064","104178732","103494312"
"3065","104178980","96098435"
"3066","104179300","103081949"
"3067","104179300","96098324"
"3068","104179300","103081485"
"3069","104179431","103349263"
"3070","104179571","104178763"
"3071","104179589","103491466"
"3072","104179597","103082891"
"3073","104179601","103334970"
"3074","104179862","103503427"
"3075","104180190","94196712"
"3076","104180266","103080851"
"3077","88670896","103344851"
"3078","92251192","103349262"
"3079","94195197","103342522"
"3080","94195685","104171706"
"3081","94195685","103344705"
"3082","94196335","94204122"
"3083","94196335","104178774"
"3084","94196338","103343672"
"3085","94196371","104172923"
"3086","94196452","94195197"
"3087","94196456","103344799"
"3088","94196533","99980798"
"3089","94196533","103080732"
"3090","94196592","103081562"
"3091","94196608","103495663"
"3092","94196609","103336180"
"3093","94196610","103336351"
"3094","94196624","103082687"
"3095","94196692","103088583"
"3096","94196692","103337042"
"3097","94196802","103495278"
"3098","94196893","94196415"
"3099","94197073","103336018"
"3100","94197097","103081337"
"3101","94197102","104171728"
"3102","94197102","104181765"
"3103","94197102","104171094"
"3104","94197102","99980213"
"3105","94197102","94206293"
"3106","94197102","103088589"
"3107","94197102","103082561"
"3108","94197102","103337032"
"3109","94197169","104170976"
"3110","94197169","103491570"
"3111","94197169","94202402"
"3112","94197169","103089300"
"3113","94197170","97753449"
"3114","94197170","99971118"
"3115","94197170","99971937"
"3116","94197212","99971945"
"3117","94197786","103336268"
"3118","94197787","104184353"
"3119","94198202","103086845"
"3120","94200178","103089992"
"3121","94200701","104171018"
"3122","94202307","96091904"
"3123","94202684","97747816"
"3124","94202697","103335849"
"3125","94202698","103336555"
"3126","94203356","96097045"
"3127","94204109","99979326"
"3128","94205803","94202981"
"3129","94206128","94196242"
"3130","94206258","99980365"
"3131","94206394","103491446"
"3132","94206642","96089078"
"3133","96088209","104178762"
"3134","96088723","99980225"
"3135","96089048","94204111"
"3136","96090742","104172108"
"3137","96091495","103491446"
"3138","96092153","92444768"
"3139","96092154","103343908"
"3140","96092167","103495294"
"3141","96092544","104170900"
"3142","96094150","97746683"
"3143","96094673","104172635"
"3144","96097064","103336021"
"3145","96097065","94203241"
"3146","96097681","96097047"
"3147","96097681","97748149"
"3148","96097681","64910532"
"3149","96097749","103496394"
"3150","96097749","103339699"
"3151","96097749","104172653"
"3152","96097749","99971932"
"3153","96097749","94205839"
"3154","96098159","103491841"
"3155","96098159","103080885"
"3156","96098318","103342793"
"3157","96098318","94196332"
"3158","96098480","104171348"
"3159","96099166","103089301"
"3160","96099166","103088628"
"3161","96099654","94205942"
"3162","97747317","103080840"
"3163","97747317","99971884"
"3164","97747317","104176150"
"3165","97747317","104178552"
"3166","97747317","99971932"
"3167","97747317","104172653"
"3168","97747317","103335820"
"3169","97747385","103496007"
"3170","97747385","104171618"
"3171","97747385","103491448"
"3172","97747385","99979295"
"3173","97747702","103338351"
"3174","97749638","103504123"
"3175","97749638","94196607"
"3176","97753566","103341313"
"3177","97753566","96097662"
"3178","97754900","103089461"
"3179","99971663","104171615"
"3180","99972507","99979757"
"3181","99972507","104171624"
"3182","99972507","94206023"
"3183","99972507","72765470"
"3184","99972507","104179303"
"3185","99972507","96097864"
"3186","99972507","96088714"
"3187","99972575","103491572"
"3188","99972575","96097027"
"3189","99972575","65797853"
"3190","99972575","99973338"
"3191","99972575","103342022"
"3192","99972892","104171255"
"3193","99972892","92252644"
"3194","99974828","94196624"
"3195","99974828","99975576"
"3196","99974828","96088588"
"3197","99978756","94196343"
"3198","99978756","104178837"
"3199","99980090","103337031"
"3200","99980364","103081485"
"3201","99981042","92250957"
"3202","103080880","94197098"
"3203","103080880","88670514"
"3204","103335950","94198418"
"3205","103335950","94197100"
"3206","104171024","99971769"
"3207","104171024","103080840"
"3208","104179908","103336170"
"3209","94196394","94197526"
"3210","96097958","97749639"
"3211","96098234","104172098"
"3212","96098234","104172832"
"3213","96098250","103080838"
"3214","96098250","96094689"
"3215","97746816","94197212"
"3216","97746816","103341072"
"3217","97746832","103080951"
"3218","97746832","103344241"
"3219","97749733","103335324"
"3220","97751971","97754567"
"3221","99972006","104171448"
"3222","99972006","96095479"
"3223","99972022","92261125"
"3224","99972022","103080890"
"3225","99972298","103341079"
"3226","99973236","104170987"
"3227","99974923","92251198"
"3228","99977161","104171731"
"3229","99977161","94205947"
"3230","103081118","103082650"
"3231","103081521","103341346"
"3232","103081521","94200152"
"3233","103336591","103495653"
"3234","103336591","96095283"
"3235","103491487","104178745"
"3236","103491890","96096607"
"3237","103491890","104179863"
"3238","104171665","103345174"
"3239","104171665","103493210"
"3240","88670904","103337388"
"3241","92251200","94196718"
"3242","94196632","103337305"
"3243","97747690","97748459"
"3244","99971754","103336655"
"3245","99972880","104171243"
"3246","99972880","103337705"
"3247","103089298","103335909"
"3248","103344368","94206543"
"3249","103500987","94196607"
"3250","104179442","103081562"
"3251","96098049","103336769"
"3252","96098511","104181053"
"3253","97746555","92444764"
"3254","97747017","103082515"
"3255","97747017","104174726"
"3256","97747025","97745921"
"3257","97747694","103336351"
"3258","97747694","103090904"
"3259","99971745","103082271"
"3260","99972207","104173192"
"3261","99972207","104183628"
"3262","99972215","99972880"
"3263","99972223","103492068"
"3264","99972884","103344045"
"3265","99972884","103491573"
"3266","99972884","104172773"
"3267","103081091","94203152"
"3268","103088288","97746747"
"3269","103336161","103335889"
"3270","103343358","103080199"
"3271","103491460","103080831"
"3272","103495482","103089415"
"3273","104171235","94196891"
"3274","104178432","94196717"
"3275","88678079","99972507"
"3276","92258375","103343990"
"3277","94196605","103490210"
"3278","94203807","96097372"
"3279","96088460","104181055"
"3280","96098237","103341321"
"3281","96098253","96088458"
"3282","97745461","103349689"
"3283","97746680","104172380"
"3284","97746813","94197169"
"3285","97746829","103080197"
"3286","97755153","103343642"
"3287","99970651","97750356"
"3288","99970651","99971116"
"3289","99971870","104178717"
"3290","99971870","92251200"
"3291","99972003","104179584"
"3292","99972019","103081201"
"3293","99980343","104172583"
"3294","103081374","104181047"
"3295","103084003","92249880"
"3296","103088867","88673321"
"3297","103088867","103088920"
"3298","103089026","104173196"
"3299","103089546","103082727"
"3300","103089546","104176156"
"3301","103089581","94196607"
"3302","103336444","104178731"
"3303","103339073","103337028"
"3304","103343937","103337028"
"3305","103343937","103081187"
"3306","103344096","103082083"
"3307","103344616","88669586"
"3308","103344616","103084933"
"3309","103344651","99974732"
"3310","103491743","94196630"
"3311","103500860","104179300"
"3312","103500874","103500860"
"3313","103500874","96098386"
"3314","103501064","99979586"
"3315","103504046","103335953"
"3316","104171518","104177867"
"3317","104174147","104180193"
"3318","104174147","99972575"
"3319","104179011","99978364"
"3320","104179011","104171706"
"3321","104179170","97755154"
"3322","104179690","104172116"
"3323","104179690","92250945"
"3324","104179725","103080773"
"3325","92251456","99978559"
"3326","94196888","94206393"
"3327","94199518","94196532"
"3328","94205834","104170970"
"3329","94205993","103337492"
"3330","94206423","103081472"
"3331","94206437","103335800"
"3332","94206607","103337703"
"3333","96088308","103337012"
"3334","96088592","103082631"
"3335","96095428","94201530"
"3336","96099194","94206393"
"3337","96099194","104177640"
"3338","97746677","104179895"
"3339","97746748","103504045"
"3340","97746748","94205773"
"3341","97746751","103491746"
"3342","97749542","94202681"
"3343","97749637","103491842"
"3344","97755017","96088723"
"3345","97755144","103343358"
"3346","97755144","104174197"
"3347","97755482","103344050"
"3348","99971751","103088975"
"3349","99971867","94198030"
"3350","99971938","103081698"
"3351","99971938","94202608"
"3352","99971941","99972097"
"3353","99974732","103083850"
"3354","99974827","99971995"
"3355","99980207","94196416"
"3356","99980334","97746680"
"3357","99980334","94195754"
"3358","99980671","88672512"
"3359","103081104","103080743"
"3360","103088725","99982870"
"3361","103088725","104176160"
"3362","103336174","94197810"
"3363","103343795","104178763"
"3364","103343795","104173784"
"3365","103491473","96091610"
"3366","103495773","103345409"
"3367","103495773","96099181"
"3368","104171248","103503392"
"3369","104178869","103082891"
"3370","104178869","88673330"
"3371","88670890","96097063"
"3372","92251186","99972240"
"3373","94196618","103336407"
"3374","94205692","103344530"
"3375","94205692","104171290"
"3376","96088538","103496101"
"3377","96088589","103339094"
"3378","96097638","103336415"
"3379","97747428","94198202"
"3380","97755020","96093502"
"3381","97755071","103335944"
"3382","99971747","97747203"
"3383","99972618","104179602"
"3384","99972618","103336366"
"3385","99980210","94196590"
"3386","99980261","99979318"
"3387","96095333","103491954"
"3388","96095333","103344361"
"3389","96097750","104170965"
"3390","96098240","104171120"
"3391","96098241","103336000"
"3392","96098242","94205804"
"3393","96098243","94202575"
"3394","96098256","104171749"
"3395","96098257","103500815"
"3396","96098258","94196459"
"3397","96098259","104174072"
"3398","96098392","88671503"
"3399","96098510","104171113"
"3400","97746556","103337082"
"3401","97746674","103338978"
"3402","97746807","103337774"
"3403","97746808","103093469"
"3404","97746809","94196346"
"3405","97746810","103089751"
"3406","97746823","103344488"
"3407","97746824","96090663"
"3408","97746825","103500874"
"3409","97746826","103090404"
"3410","97747201","96097638"
"3411","97747316","103335819"
"3412","97749706","103495658"
"3413","97749732","103490094"
"3414","97749732","97749655"
"3415","99971746","103080820"
"3416","99971864","103080801"
"3417","99971997","103080885"
"3418","99971998","94206612"
"3419","99971999","104171620"
"3420","99972000","97754105"
"3421","99972013","103081675"
"3422","99972014","99973510"
"3423","99972015","103337079"
"3424","99972016","97751971"
"3425","99972391","99971776"
"3426","99972506","99973359"
"3427","99974896","96094694"
"3428","99974922","97755021"
"3429","99974922","103495341"
"3430","103082417","103343647"
"3431","103082417","104171131"
"3432","103082417","103492787"
"3433","103337487","103345467"
"3434","103337487","103343942"
"3435","103337487","94198357"
"3436","103492786","104175979"
"3437","103492786","104178161"
"3438","103492786","103341957"
"3439","104172561","103343659"
"3440","104172561","104171663"
"3441","104172561","104178124"
"3442","96088858","96096821"
"3443","97746673","103084133"
"3444","97754755","99980084"
"3445","97755276","96098147"
"3446","99971863","94196597"
"3447","99979945","94196818"
"3448","99980465","104170395"
"3449","103081090","104170986"
"3450","103081090","103088628"
"3451","103087981","99971781"
"3452","103336160","99979757"
"3453","103336160","92446687"
"3454","103343051","94202963"
"3455","103491459","96098509"
"3456","103491459","104171810"
"3457","104171234","94196617"
"3458","104171234","94197478"
"3459","104178125","99978756"
"3460","94196604","94198243"
"3461","94196604","103082780"
"3462","96088457","104169873"
"3463","96097365","103080820"
"3464","96097373","103082084"
"3465","96098395","96090748"
"3466","97746671","99973155"
"3467","97747693","99979496"
"3468","97747701","99973552"
"3469","97755156","103089306"
"3470","99971861","104178495"
"3471","99972883","94201530"
"3472","99972891","103496007"
"3473","99980346","104170887"
"3474","103081470","96097864"
"3475","103081624","99972891"
"3476","103336540","99979496"
"3477","103336540","103344096"
"3478","103336540","103089546"
"3479","103336540","104172255"
"3480","103336694","103504141"
"3481","103336694","103336444"
"3482","103336694","104169998"
"3483","103336694","94196415"
"3484","103491839","103491313"
"3485","103491993","104177638"
"3486","104171614","103080828"
"3487","104171614","103082235"
"3488","104171614","96093329"
"3489","104171614","103080976"
"3490","104171768","104177300"
"3491","104171768","104181055"
"3492","104171768","99971754"
"3493","104171768","103082012"
"3494","104172937","96098139"
"3495","92257176","103342792"
"3496","92257176","99979787"
"3497","92260403","96095332"
"3498","94196984","103090394"
"3499","94197138","103349261"
"3500","96098519","104171024"
"3501","97746547","104177592"
"3502","97746558","104170964"
"3503","99971737","104171526"
"3504","99971748","103336263"
"3505","99972888","103336449"
"3506","103080830","97746684"
"3507","103080865","103336415"
"3508","103080865","103337538"
"3509","103082792","103492338"
"3510","103335900","94196522"
"3511","103335935","99973387"
"3512","103335935","103349316"
"3513","103337862","103494313"
"3514","103491199","94195670"
"3515","103493161","103490101"
"3516","104170974","103080775"
"3517","104171009","88671452"
"3518","104171009","103082628"
"3519","104172936","94197180"
"3520","92251181","103081014"
"3521","92252875","104171526"
"3522","92252924","99972507"
"3523","92260371","103081093"
"3524","94198307","103081369"
"3525","96097385","104184670"
"3526","97747681","99973400"
"3527","99972871","94196611"
"3528","103082416","88672438"
"3529","103082416","103337862"
"3530","103337486","94196894"
"3531","103337486","88672314"
"3532","103492785","99971888"
"3533","103492785","99973509"
"3534","104172560","97746752"
"3535","104172560","99972872"
"3536","92250949","94203356"
"3537","92252499","97747702"
"3538","94197931","94206142"
"3539","96097254","99973339"
"3540","96097380","103492318"
"3541","96097751","96098240"
"3542","96097866","103343653"
"3543","96098518","104173679"
"3544","97746548","99973006"
"3545","97747200","103337039"
"3546","97747315","104171270"
"3547","97747686","96097681"
"3548","97747812","103335950"
"3549","97747813","103336034"
"3550","99971738","99971864"
"3551","99972390","99978569"
"3552","99972505","104172156"
"3553","99972876","104172102"
"3554","99973002","103496139"
"3555","99973003","103081377"
"3556","99979975","104170903"
"3557","103080822","103495345"
"3558","103080822","103495230"
"3559","103080822","104174081"
"3560","103081075","97747701"
"3561","103335892","103493161"
"3562","103335892","88677808"
"3563","103335892","104177178"
"3564","103336145","96097368"
"3565","103491191","96095862"
"3566","103491191","103336375"
"3567","103491191","104172794"
"3568","103491444","104173873"
"3569","104170966","97754128"
"3570","104170966","92251748"
"3571","104170966","65983427"
"3572","104171219","94202957"
"3573","92250227","103087445"
"3574","92250903","97746828"
"3575","92250903","80121411"
"3576","92251175","103090399"
"3577","92252770","104171162"
"3578","94196336","103336147"
"3579","94196336","104171666"
"3580","94196336","104170971"
"3581","94196589","104171009"
"3582","96096649","104171651"
"3583","96097388","104173867"
"3584","96099183","96098258"
"3585","97745924","103084657"
"3586","97747678","97754317"
"3587","97748416","103088593"
"3588","99971114","103503996"
"3589","99972868","92261054"
"3590","99973606","104171001"
"3591","103081960","103341084"
"3592","103082626","94195316"
"3593","103082626","103493272"
"3594","103337030","104170975"
"3595","103337696","92251181"
"3596","103337696","94205834"
"3597","103492329","104171664"
"3598","103492995","94201531"
"3599","103492995","103080197"
"3600","104172104","103335908"
"3601","104172770","103337074"
"3602","104172770","104171620"
"3603","92251667","103082416"
"3604","92258679","94196465"
"3605","94197474","103496695"
"3606","94198141","103496700"
"3607","96095360","104171727"
"3608","96095360","103336542"
"3609","96095360","103342235"
"3610","96097369","99972002"
"3611","96097369","103491461"
"3612","97747697","94196336"
"3613","97747697","92252733"
"3614","97749705","94202943"
"3615","97749705","92252481"
"3616","97749705","96098033"
"3617","99972887","103339076"
"3618","99972887","97747201"
"3619","99974895","104172561"
"3620","99974895","104178792"
"3621","99974895","96093320"
"3622","103080816","97754565"
"3623","103080943","97753162"
"3624","103080949","103334955"
"3625","103081102","104171336"
"3626","103081580","94196333"
"3627","103081580","92445404"
"3628","103081580","94197459"
"3629","103081580","104172737"
"3630","103081580","103082510"
"3631","103082437","103083861"
"3632","103082437","103336768"
"3633","103083767","103491324"
"3634","103083767","103344799"
"3635","103083976","103343908"
"3636","103083976","103343695"
"3637","103083976","94206277"
"3638","103089305","103088867"
"3639","103089305","103343523"
"3640","103335886","94195658"
"3641","103336013","103491191"
"3642","103336019","97747203"
"3643","103336172","104171043"
"3644","103336650","96090752"
"3645","103336650","103336009"
"3646","103336650","104179873"
"3647","103336650","104175028"
"3648","103336650","104178168"
"3649","103337507","103087429"
"3650","103337507","97746548"
"3651","103337507","103336374"
"3652","103337577","104170889"
"3653","103338837","94197189"
"3654","103338837","94197099"
"3655","103339046","92260844"
"3656","103339046","103084617"
"3657","103339046","96088605"
"3658","103344375","103089287"
"3659","103344375","94196453"
"3660","103344448","94200181"
"3661","103491185","103337658"
"3662","103491312","104180542"
"3663","103491318","104170983"
"3664","103491471","104171842"
"3665","103491949","96094719"
"3666","103491949","94205776"
"3667","103491949","103088947"
"3668","103491949","86686951"
"3669","103491949","103492930"
"3670","103500980","99972022"
"3671","103500980","103335913"
"3672","103504073","103336544"
"3673","103504073","99972438"
"3674","103504073","99980217"
"3675","103504282","103086931"
"3676","104170960","88670902"
"3677","104171087","103081717"
"3678","104171093","104171192"
"3679","104171246","104171409"
"3680","104171724","94196613"
"3681","104171724","99973648"
"3682","104171724","103090398"
"3683","104171724","103343170"
"3684","104171724","94196338"
"3685","104172581","103081656"
"3686","104172581","103336461"
"3687","104172581","103338837"
"3688","104172651","99972393"
"3689","104173911","94203238"
"3690","104173911","96097749"
"3691","104174120","94196630"
"3692","104174120","104171524"
"3693","104174120","104174174"
"3694","104174120","94196606"
"3695","104179449","94206394"
"3696","104179449","103336547"
"3697","104179522","92251181"
"3698","92250809","103493094"
"3699","92250809","92260844"
"3700","92250812","103081090"
"3701","92250812","103495893"
"3702","92251024","103090339"
"3703","92251184","99971737"
"3704","92251287","99980671"
"3705","92251662","103334911"
"3706","94196330","104174149"
"3707","94196457","104170001"
"3708","94196616","88670661"
"3709","94197094","86680731"
"3710","94197094","103492035"
"3711","94197094","103338344"
"3712","94197094","104180265"
"3713","94197094","92251378"
"3714","94199282","104169876"
"3715","94199491","94204099"
"3716","94199491","96091908"
"3717","94199491","99979806"
"3718","94206276","103345461"
"3719","94206276","92254696"
"3720","96088414","99978352"
"3721","96088964","103084005"
"3722","96088964","96091495"
"3723","96088964","97753177"
"3724","96095569","96098609"
"3725","96097639","103082687"
"3726","96097752","99972207"
"3727","96097960","96088209"
"3728","96097960","103495107"
"3729","96098513","97755154"
"3730","97746552","104178125"
"3731","97746553","103082209"
"3732","97747106","97748458"
"3733","97747314","99971692"
"3734","97747427","103491307"
"3735","97749003","104170975"
"3736","97754649","103344358"
"3737","97754649","96091888"
"3738","97754649","104178215"
"3739","97755027","104184303"
"3740","97755311","104178981"
"3741","99971742","99972871"
"3742","99971743","103501566"
"3743","99972296","96093339"
"3744","99972504","96095852"
"3745","99972617","103339712"
"3746","99974193","96095857"
"3747","99979839","103090507"
"3748","99979839","103342660"
"3749","99979839","96091904"
"3750","99980217","96090820"
"3751","99980500","97753162"
"3752","103081015","104170917"
"3753","103081015","97746673"
"3754","103081015","103338709"
"3755","103089754","103337597"
"3756","103336085","92444511"
"3757","103336085","94199441"
"3758","103336085","104171023"
"3759","103344823","104176594"
"3760","103491384","97755722"
"3761","103491384","103495688"
"3762","103491384","94198984"
"3763","103496374","96099193"
"3764","104171159","103492997"
"3765","104171159","104171543"
"3766","104171159","94198203"
"3767","104179897","104173107"
"3768","94196529","94206639"
"3769","94196529","103080859"
"3770","94196529","94197094"
"3771","103081956","92252034"
"3772","103082415","103492998"
"3773","103082415","104172770"
"3774","103086000","96097681"
"3775","103337026","104178215"
"3776","103337485","96094671"
"3777","103337485","104171622"
"3778","103341070","92250908"
"3779","103344446","103336034"
"3780","103492325","103080945"
"3781","103492784","104180539"
"3782","103492784","103088626"
"3783","103494160","103336545"
"3784","104172100","92253617"
"3785","104172559","94203809"
"3786","104172559","103500980"
"3787","104176144","96095203"
"3788","104179520","104180650"
"3789","92250237","97749003"
"3790","92251174","97755156"
"3791","92252038","96096648"
"3792","92252498","99971938"
"3793","92256084","103337804"
"3794","92258678","103081952"
"3795","94197470","104177866"
"3796","94197930","99981831"
"3797","94201516","103090405"
"3798","96097753","96093322"
"3799","96097753","97754403"
"3800","96098244","97749733"
"3801","96098260","104171465"
"3802","97746806","96099193"
"3803","97746822","103081204"
"3804","97747313","104170412"
"3805","97747313","103080750"
"3806","99971996","104170893"
"3807","99972012","104171119"
"3808","99972503","97746689"
"3809","99972503","104177534"
"3810","103079904","103492457"
"3811","103079904","99971861"
"3812","103081516","94196701"
"3813","103081516","103495893"
"3814","103081724","64910735"
"3815","103334974","92251024"
"3816","103334974","97746671"
"3817","103334974","103343494"
"3818","103334974","103349270"
"3819","103336586","96094704"
"3820","103336586","103337849"
"3821","103336794","104172775"
"3822","103491885","96092276"
"3823","103491885","104170941"
"3824","103492093","104180966"
"3825","104170048","103493982"
"3826","104170048","103343763"
"3827","104170048","104170986"
"3828","104170048","104181501"
"3829","104171660","103080986"
"3830","104171660","103335960"
"3831","104171868","96097055"
"3832","92250902","103492330"
"3833","92251598","103081962"
"3834","94197030","99971870"
"3835","94197030","92252499"
"3836","94197238","103088100"
"3837","96098398","96098332"
"3838","96098517","92252875"
"3839","97746549","103335823"
"3840","97746668","103081361"
"3841","99971739","99971999"
"3842","99971858","103495992"
"3843","103081101","104177866"
"3844","103081971","97747734"
"3845","103081971","103349218"
"3846","103088804","104170923"
"3847","103088804","104178433"
"3848","103336171","96098513"
"3849","103337041","88673330"
"3850","103337041","104173867"
"3851","103343874","104178554"
"3852","103343874","103495186"
"3853","103491470","92251198"
"3854","103492340","103345119"
"3855","103495818","103087722"
"3856","103495818","104178849"
"3857","104171245","99974193"
"3858","104172115","104172659"
"3859","104172115","96096649"
"3860","104178948","103349687"
"3861","104178948","97748322"
"3862","92250224","104177180"
"3863","92250224","92251780"
"3864","92250900","103083274"
"3865","92251158","103344370"
"3866","92251163","94196591"
"3867","92251183","104172772"
"3868","92251666","99973811"
"3869","92252053","99975546"
"3870","92258677","96091699"
"3871","94196615","103083911"
"3872","94197485","104173785"
"3873","96097381","94201531"
"3874","96097682","103080942"
"3875","96097682","99971888"
"3876","96097682","96096649"
"3877","96097682","104172626"
"3878","97747384","96098514"
"3879","97747384","103081971"
"3880","97747384","104171047"
"3881","97747674","103339075"
"3882","97747685","103337699"
"3883","99972574","94198141"
"3884","99972574","99980075"
"3885","99972574","94197001"
"3886","99972574","103088838"
"3887","99972875","99972006"
"3888","103080747","96097865"
"3889","103080747","94206437"
"3890","103081469","99973551"
"3891","103082414","103343993"
"3892","103082414","94198076"
"3893","103082625","97748459"
"3894","103082625","103343170"
"3895","103082627","99975556"
"3896","103082627","104177030"
"3897","103335817","103081469"
"3898","103335817","94198308"
"3899","103336539","103094149"
"3900","103336539","104171432"
"3901","103336539","96097065"
"3902","103336539","103080735"
"3903","103337484","97746564"
"3904","103337484","99980345"
"3905","103337695","99972017"
"3906","103337695","94195657"
"3907","103337697","99978352"
"3908","103337697","104171165"
"3909","103491838","104179456"
"3910","103492783","103492604"
"3911","103492783","104171619"
"3912","103492994","94202379"
"3913","103492996","97746812"
"3914","104170891","103089342"
"3915","104170891","97746907"
"3916","104171613","103336557"
"3917","104171613","103089306"
"3918","104171613","104172086"
"3919","104171613","104171619"
"3920","104172558","103335011"
"3921","104172558","99980261"
"3922","104172769","104171526"
"3923","104172769","99974622"
"3924","104172771","104172563"
"3925","104172771","96097753"
"3926","92250235","103080195"
"3927","92250239","94197170"
"3928","92250824","104171800"
"3929","92251161","86680161"
"3930","92251162","97747385"
"3931","92251179","94198939"
"3932","92251180","96098519"
"3933","92251551","104178716"
"3934","92252497","103336260"
"3935","92252497","103336088"
"3936","92254748","103495482"
"3937","92260830","92251172"
"3938","94196983","104184297"
"3939","94197929","99972885"
"3940","94197929","99971756"
"3941","94198140","103081968"
"3942","103080878","103342861"
"3943","103080878","92253820"
"3944","103081272","94197808"
"3945","103081272","92253816"
"3946","103081280","104179570"
"3947","103081280","103081473"
"3948","103081280","99974200"
"3949","103081373","104179452"
"3950","103081376","104171619"
"3951","103081515","99982797"
"3952","103081560","96092273"
"3953","103081560","104172924"
"3954","103081560","104184358"
"3955","103081563","103335896"
"3956","103081563","103088621"
"3957","103081563","103081022"
"3958","103081671","103490564"
"3959","103081674","94196701"
"3960","103081697","62955751"
"3961","103081700","104184319"
"3962","103081700","99972391"
"3963","103081700","97753566"
"3964","103081700","103082626"
"3965","103081797","103491928"
"3966","103081948","103083723"
"3967","103081948","92260498"
"3968","103081967","104175666"
"3969","103081967","104180265"
"3970","103082413","97747200"
"3971","103082413","104180540"
"3972","103082436","103085833"
"3973","103082436","103336540"
"3974","103083733","92250320"
"3975","103083907","97746558"
"3976","103083907","103493019"
"3977","103085572","92250897"
"3978","103087721","103081280"
"3979","103087721","104171730"
"3980","103087721","96097059"
"3981","103087995","104179858"
"3982","103089660","80127848"
"3983","103335948","92251462"
"3984","103335948","104170980"
"3985","103336342","96088592"
"3986","103336342","92444689"
"3987","103336342","103336083"
"3988","103336350","103491889"
"3989","103336350","103335901"
"3990","103336350","92251023"
"3991","103336350","103336013"
"3992","103336443","104179559"
"3993","103336446","103080797"
"3994","103336585","103491840"
"3995","103336630","104174070"
"3996","103336630","103492466"
"3997","103336630","103342385"
"3998","103336633","104170973"
"3999","103336633","104178519"
"4000","103336633","96098250"
"4001","103336741","97745460"
"4002","103336744","99978371"
"4003","103336767","88670649"
"4004","103336770","104171417"
"4005","103336770","92254966"
"4006","103336770","103338346"
"4007","103336770","96097957"
"4008","103336867","94204099"
"4009","103337018","97749706"
"4010","103337018","94197474"
"4011","103337037","103504073"
"4012","103337037","94200162"
"4013","103337483","99980208"
"4014","103337483","99980220"
"4015","103337506","94197952"
"4016","103337506","99972298"
"4017","103337506","96098398"
"4018","103338803","103084003"
"4019","103338977","103336431"
"4020","103338977","104171065"
"4021","103340642","103491453"
"4022","103342791","92260482"
"4023","103342791","103491201"
"4024","103342791","103088289"
"4025","103343065","94200128"
"4026","103344730","104171008"
"4027","103491641","96088857"
"4028","103491641","94203970"
"4029","103491649","103080821"
"4030","103491649","99980634"
"4031","103491649","103088288"
"4032","103491742","104171941"
"4033","103491745","103081829"
"4034","103491884","103081563"
"4035","103491929","97746734"
"4036","103491929","97754616"
"4037","103491929","104171843"
"4038","103491932","92252709"
"4039","103491932","104171707"
"4040","103491932","103491569"
"4041","103492043","103338624"
"4042","103492066","97753154"
"4043","103492069","97746822"
"4044","103492069","92445403"
"4045","103492069","96094151"
"4046","103492166","103089298"
"4047","103492317","103491479"
"4048","103492317","92251737"
"4049","103492336","99971884"
"4050","103492336","94199492"
"4051","103492782","96097369"
"4052","103492782","104179431"
"4053","103493978","103080266"
"4054","103495343","104172352"
"4055","103495343","99971179"
"4056","103495343","103088838"
"4057","103500818","94205994"
"4058","103501582","103343718"
"4059","103504142","103336658"
"4060","103504142","104179119"
"4061","104171022","103080824"
"4062","104171022","103080185"
"4063","104171416","103491657"
"4064","104171416","92252729"
"4065","104171416","103344375"
"4066","104171424","88625384"
"4067","104171424","103344214"
"4068","104171424","103495424"
"4069","104171424","92439393"
"4070","104171517","103336342"
"4071","104171520","99972504"
"4072","104171659","104171258"
"4073","104171704","104179435"
"4074","104171704","103334981"
"4075","104171704","104170897"
"4076","104171707","103088100"
"4077","104171707","94198898"
"4078","104171707","97753192"
"4079","104171815","103081969"
"4080","104171818","99972016"
"4081","104171841","99974841"
"4082","104171844","104177075"
"4083","104171844","104184345"
"4084","104171844","104171631"
"4085","104171844","92252356"
"4086","104171941","103346099"
"4087","104172092","103341324"
"4088","104172092","103089158"
"4089","104172111","103089424"
"4090","104172111","103338793"
"4091","104172557","103491114"
"4092","104172557","103082420"
"4093","104172580","103081697"
"4094","104172580","96096708"
"4095","104172580","88672433"
"4096","104173877","103082213"
"4097","104174051","99972502"
"4098","104174051","103342533"
"4099","104175716","97746586"
"4100","104177865","99974896"
"4101","104177865","103341080"
"4102","104177865","94200701"
"4103","104178139","103081280"
"4104","104179804","99973236"
"4105","104179858","96097750"
"4106","92249764","103336654"
"4107","92249764","104174070"
"4108","92250252","103504073"
"4109","92250252","103492879"
"4110","92250899","104172654"
"4111","92250899","92260962"
"4112","92251019","92252520"
"4113","92251160","97754311"
"4114","92251176","103090689"
"4115","92251177","103337026"
"4116","92251178","96097751"
"4117","92251370","103491649"
"4118","92251455","103336681"
"4119","92251461","92252876"
"4120","92251597","104179690"
"4121","92251641","94200132"
"4122","92251644","94196613"
"4123","92251665","103336544"
"4124","92251737","104184313"
"4125","92252030","96097388"
"4126","92252030","92255268"
"4127","92252049","103504139"
"4128","92252049","103502470"
"4129","92252354","72816701"
"4130","92252355","92252729"
"4131","92252496","94196532"
"4132","92252496","103335912"
"4133","92252519","103337681"
"4134","92252519","80124792"
"4135","92253990","94203500"
"4136","92254746","97749542"
"4137","92255269","103493148"
"4138","92255656","94198789"
"4139","92256875","99973134"
"4140","92257252","103081797"
"4141","92257260","99972617"
"4142","92257265","104170410"
"4143","92257266","92252986"
"4144","92257808","92252610"
"4145","92257808","96098393"
"4146","92257808","96098256"
"4147","92258082","94203041"
"4148","92258676","103338784"
"4149","92260498","103335932"
"4150","92260826","104170176"
"4151","92261051","104170972"
"4152","92261124","94196349"
"4153","94196786","92446540"
"4154","94196786","97755071"
"4155","94196794","103335262"
"4156","94196794","92252925"
"4157","94196794","103491190"
"4158","94196887","103336383"
"4159","94196890","103089730"
"4160","94197029","103500978"
"4161","94197074","104171108"
"4162","94197074","104178495"
"4163","94197074","99979507"
"4164","94197077","97749432"
"4165","94197077","104171448"
"4166","94197077","94201512"
"4167","94197188","99980358"
"4168","94197211","99980670"
"4169","94197214","103335934"
"4170","94197214","103500657"
"4171","94197311","97748244"
"4172","94197462","97746811"
"4173","94197462","92251806"
"4174","94197481","103082421"
"4175","94197481","99973510"
"4176","94197928","99971745"
"4177","94197928","103081374"
"4178","94197951","94198979"
"4179","94199422","103335898"
"4180","94199422","92254735"
"4181","94201088","103342234"
"4182","94202645","104179450"
"4183","94203240","104172355"
"4184","94203240","94197033"
"4185","94203240","103341084"
"4186","94203514","104170900"
"4187","94206483","99978553"
"4188","94206545","97746561"
"4189","96088306","103089287"
"4190","96088572","103082617"
"4191","96088593","103080954"
"4192","96091609","104171489"
"4193","96091609","94198076"
"4194","96092206","103337483"
"4195","96095429","94205993"
"4196","96095429","94196452"
"4197","96097754","103341915"
"4198","96098320","92251597"
"4199","96098399","104172790"
"4200","96098516","103493148"
"4201","96098516","94201088"
"4202","97746550","103491384"
"4203","97746550","96093321"
"4204","97746667","94196893"
"4205","97746746","97748319"
"4206","97747312","96090753"
"4207","97749636","104176420"
"4208","97749636","103338981"
"4209","97753448","104169990"
"4210","97753452","103081288"
"4211","97753452","97755016"
"4212","97753452","88671583"
"4213","97755016","99972575"
"4214","97755037","86679533"
"4215","99971740","94204104"
"4216","99971740","104173035"
"4217","99971857","96093321"
"4218","99971936","103081184"
"4219","99972502","103082413"
"4220","99974826","99971742"
"4221","99974826","103081485"
"4222","99977871","103080759"
"4223","99978638","104174147"
"4224","99978642","99972502"
"4225","99978642","104177769"
"4226","99978642","65797652"
"4227","99980206","86679060"
"4228","99980227","96093319"
"4229","103088726","92260915"
"4230","103343796","103336555"
"4231","103495774","104170410"
"4232","104178870","92251182"
"4233","97755484","65797783"
"4234","99980673","99972097"
"4235","97747250","99982869"
"4236","99972440","96096495"
"4237","103080889","103336154"
"4238","103081651","96091904"
"4239","103081944","104174767"
"4240","103081944","94199248"
"4241","103335959","103080843"
"4242","103336721","103080888"
"4243","103337014","103500896"
"4244","103337014","104171185"
"4245","103492020","103340707"
"4246","103492313","61771852"
"4247","103492313","92251025"
"4248","104171033","104172776"
"4249","104171795","104172737"
"4250","104172088","69500561"
"4251","104172088","103503407"
"4252","92252026","97746747"
"4253","92252026","104169989"
"4254","94197458","103491449"
"4255","94197458","103090114"
"4256","96097377","71485207"
"4257","96097386","103081470"
"4258","97747680","94205692"
"4259","97747689","92250899"
"4260","99972870","94203154"
"4261","99972879","92252500"
"4262","103337535","104174781"
"4263","104172609","104178244"
"4264","96097774","86683216"
"4265","96097774","103343766"
"4266","97747292","97748320"
"4267","97747292","97747427"
"4268","97748620","103343053"
"4269","97749496","103338992"
"4270","99972482","103345578"
"4271","99972482","103080865"
"4272","99973810","103343696"
"4273","99974686","103343141"
"4274","103080875","96088219"
"4275","103080875","103343643"
"4276","103080875","92252376"
"4277","103080884","94195670"
"4278","103081625","99980465"
"4279","103335945","103082903"
"4280","103335945","103080732"
"4281","103335945","94202957"
"4282","103335954","104171489"
"4283","103336695","103339727"
"4284","103336695","99971751"
"4285","103491253","103081611"
"4286","103491994","99978382"
"4287","104171019","103081971"
"4288","104171019","88625042"
"4289","104171019","99971883"
"4290","104171028","104177667"
"4291","104171769","103080280"
"4292","104171769","103083850"
"4293","88670669","104176936"
"4294","92250965","97746684"
"4295","92251707","94196786"
"4296","94196389","103495024"
"4297","94196389","61775424"
"4298","94196398","99980345"
"4299","94197139","94202947"
"4300","96088284","99980225"
"4301","96097366","97746824"
"4302","96097961","103343477"
"4303","97747105","96098511"
"4304","97747700","104171613"
"4305","97755506","88670530"
"4306","99972295","99972011"
"4307","99972890","103338978"
"4308","99972890","96098332"
"4309","99980695","92251266"
"4310","103081488","103081697"
"4311","103087982","96088574"
"4312","103087982","103082891"
"4313","103336558","103082319"
"4314","103343052","94204188"
"4315","103343052","92252709"
"4316","103491857","104179432"
"4317","103501594","99974895"
"4318","104171632","92445586"
"4319","104176939","96097252"
"4320","104178126","103500818"
"4321","104178126","103338808"
"4322","65799637","96097043"
"4323","67692745","103082515"
"4324","69502533","103336153"
"4325","71485208","97747315"
"4326","78889691","104184318"
"4327","80128189","94196606"
"4328","86679820","104172097"
"4329","88625383","92257525"
"4330","88671274","104180546"
"4331","92251570","103336163"
"4332","92445927","103491465"
"4333","94197002","96098399"
"4334","94203501","104171265"
"4335","96097370","104177075"
"4336","96097370","103345473"
"4337","96097374","96095922"
"4338","96097374","99972439"
"4339","96097389","69502533"
"4340","96097389","104170964"
"4341","96097393","97747314"
"4342","96097713","99974923"
"4343","96097777","94200167"
"4344","96097777","104179064"
"4345","96097817","99972997"
"4346","96098521","103088804"
"4347","97746545","103336319"
"4348","97746559","104171165"
"4349","97747249","92256080"
"4350","97747288","104171620"
"4351","97747289","103082085"
"4352","97747289","103492313"
"4353","97747673","103342226"
"4354","97747673","104171536"
"4355","97747677","96096445"
"4356","97747677","99972223"
"4357","97747696","103089376"
"4358","97747696","103081015"
"4359","99971735","99971758"
"4360","99971749","104172562"
"4361","99972439","94196462"
"4362","99972479","92252054"
"4363","99972479","92256970"
"4364","99972590","65983634"
"4365","99972863","103492994"
"4366","99972867","94206279"
"4367","99972867","103493979"
"4368","99972886","103336736"
"4369","99972886","103491206"
"4370","99974652","104176990"
"4371","97747692","103081272"
"4372","97747692","99972867"
"4373","99972882","104181059"
"4374","99972882","103335336"
"4375","96098322","104181500"
"4376","96098322","96099186"
"4377","96098322","103338977"
"4378","96098322","103491470"
"4379","97746744","103342509"
"4380","97746744","103341086"
"4381","97746744","88672566"
"4382","97746744","94196532"
"4383","99971934","103491559"
"4384","99971934","104172616"
"4385","99971934","103344509"
"4386","99971934","103335946"
"4387","103080754","104179582"
"4388","103080754","103082436"
"4389","103081004","103492321"
"4390","103081963","103336767"
"4391","103081963","103340903"
"4392","103089438","104172609"
"4393","103089438","103080987"
"4394","103089438","103337037"
"4395","103335824","92260847"
"4396","103335824","92251551"
"4397","103336074","92252364"
"4398","103337033","103501064"
"4399","103337033","103337698"
"4400","103344508","104172542"
"4401","103344508","103492930"
"4402","103344508","96092243"
"4403","103491123","94197481"
"4404","103491123","103335324"
"4405","103491373","99971719"
"4406","103492332","103340642"
"4407","103492332","97750351"
"4408","104170898","104178168"
"4409","104170898","99972503"
"4410","104171148","94196984"
"4411","104172107","103344784"
"4412","104172107","104174068"
"4413","104179582","103492994"
"4414","104179582","103337283"
"4415","104179582","103082468"
"4416","104179582","103336658"
"4417","86679081","92252053"
"4418","88670535","92251644"
"4419","92250831","103086254"
"4420","92251085","103493015"
"4421","92252045","97754396"
"4422","92252045","94201527"
"4423","92446666","103082527"
"4424","94196264","97755484"
"4425","94196264","97747312"
"4426","94196518","99971695"
"4427","94197477","99971748"
"4428","94197477","94200157"
"4429","94205693","103090396"
"4430","96088369","103492962"
"4431","99980357","103504142"
"4432","99980357","96094714"
"4433","99980357","103336024"
"4434","99980570","99978639"
"4435","103081074","92254746"
"4436","103081074","104183681"
"4437","103089263","94197074"
"4438","103336144","99980911"
"4439","103336144","96088858"
"4440","103344333","103343796"
"4441","103344333","104171012"
"4442","103491443","96098329"
"4443","103491443","92251666"
"4444","103496091","103495850"
"4445","104171218","97753177"
"4446","104171218","99972543"
"4447","104179407","103495659"
"4448","104179407","94206137"
"4449","92251156","103495909"
"4450","92251156","104171148"
"4451","92260802","97747697"
"4452","94196588","99971772"
"4453","94196588","94197806"
"4454","94206234","94196614"
"4455","96097867","104175861"
"4456","97747199","103335960"
"4457","99972389","103494847"
"4458","103081959","94204103"
"4459","103081959","103084003"
"4460","103089651","103079885"
"4461","103089651","103080187"
"4462","103337029","97749462"
"4463","103337029","103344446"
"4464","103344721","94195733"
"4465","103344721","103090506"
"4466","103492328","103088980"
"4467","103492328","94197311"
"4468","104172103","94197788"
"4469","104172103","103491649"
"4470","104179795","103082235"
"4471","104179795","103491187"
"4472","92252041","104171704"
"4473","92252041","104174055"
"4474","94197473","94199372"
"4475","94197473","103088582"
"4476","94206482","94196264"
"4477","96097378","97746679"
"4478","96097378","103491243"
"4479","97747688","104176979"
"4480","97747688","104172561"
"4481","97754153","92252499"
"4482","99972878","96097393"
"4483","99972878","78896226"
"4484","103088287","104177577"
"4485","103343357","99971949"
"4486","103345075","92251096"
"4487","103345076","92250826"
"4488","103345077","103088424"
"4489","103345078","96088961"
"4490","103345240","94196456"
"4491","103345241","99971747"
"4492","103345242","92255660"
"4493","103349653","99981041"
"4494","103349662","92249764"
"4495","103349671","96094150"
"4496","103495481","92252355"
"4497","104176934","103492466"
"4498","104178431","103086931"
"4499","104180149","97755852"
"4500","104180150","103336541"
"4501","104180151","99972890"
"4502","104180152","104179458"
"4503","104180314","96099654"
"4504","104180315","99971746"
"4505","104180316","96098322"
"4506","104184727","103346099"
"4507","104184736","94203514"
"4508","104184745","104172847"
"4509","88678078","96095912"
"4510","88678394","103349248"
"4511","92258374","103088889"
"4512","94203806","104172101"
"4513","96091242","103081083"
"4514","96091242","94198143"
"4515","96091242","104178870"
"4516","97746678","96097867"
"4517","97753819","103491842"
"4518","97753819","103504316"
"4519","97753819","64910463"
"4520","99971868","96097867"
"4521","99979009","103088127"
"4522","99979009","104178431"
"4523","99979009","99979322"
"4524","103079843","103491312"
"4525","103079843","103088403"
"4526","103081468","103091807"
"4527","103081799","96098234"
"4528","103081955","94203806"
"4529","103081955","103491932"
"4530","103083906","103491199"
"4531","103083917","103491885"
"4532","103083917","104184421"
"4533","103334913","99973607"
"4534","103334913","99973649"
"4535","103334913","103339652"
"4536","103336538","103336074"
"4537","103336538","103336145"
"4538","103336538","94198245"
"4539","103336869","103337485"
"4540","103337025","103083926"
"4541","103337025","103081329"
"4542","103338976","103094609"
"4543","103338987","104174121"
"4544","103338987","103337759"
"4545","103490212","88677515"
"4546","103490212","88671741"
"4547","103491837","99979624"
"4548","103492324","104171441"
"4549","103492324","103491649"
"4550","103504132","97748320"
"4551","103504132","104173035"
"4552","104169987","103337041"
"4553","104169987","92252296"
"4554","104169987","96096708"
"4555","104171612","104171034"
"4556","104171612","103082841"
"4557","104171612","103501019"
"4558","104171943","104170946"
"4559","104172099","104179486"
"4560","104172099","96091704"
"4561","104174050","99971006"
"4562","104174050","94197486"
"4563","104174061","104175978"
"4564","104174061","92251782"
"4565","88671741","103079841"
"4566","88678365","97746805"
"4567","92251550","103492168"
"4568","92252037","104178168"
"4569","92252037","104171227"
"4570","92254000","104178770"
"4571","92254000","96095283"
"4572","94195315","103081588"
"4573","94195315","97746810"
"4574","94195315","104180113"
"4575","94196982","104173687"
"4576","94197469","96097376"
"4577","94197469","94196810"
"4578","94199432","96098257"
"4579","94199432","103492161"
"4580","94206439","103346876"
"4581","96088412","103080816"
"4582","96095419","103492325"
"4583","96097382","103491567"
"4584","96097382","96096445"
"4585","97747684","94197073"
"4586","97747684","103338998"
"4587","97749646","88678078"
"4588","99972874","88670674"
"4589","99972874","96095333"
"4590","99974825","103088024"
"4591","99974836","97755167"
"4592","99974836","103079841"
"4593","103079853","103337485"
"4594","103079853","103081474"
"4595","103080814","103491189"
"4596","103081196","103344361"
"4597","103334923","103345131"
"4598","103334923","104169869"
"4599","103334923","104170410"
"4600","103335884","103336319"
"4601","103336266","103079725"
"4602","103337576","96097373"
"4603","103490222","103337357"
"4604","103490222","103339697"
"4605","103491183","103084581"
"4606","104169997","104179407"
"4607","104169997","104179399"
"4608","104169997","97746567"
"4609","104170958","92250831"
"4610","104171340","94195317"
"4611","104172650","103337033"
"4612","88669941","103344378"
"4613","88670603","103343065"
"4614","88672579","92258677"
"4615","92250895","103349316"
"4616","92251278","103080876"
"4617","92251278","104172654"
"4618","92251278","104171973"
"4619","94196328","103342861"
"4620","96096544","103082563"
"4621","96097390","96098472"
"4622","96097390","103493149"
"4623","97747676","103081958"
"4624","97747676","96098139"
"4625","97748521","92251461"
"4626","99972866","94201517"
"4627","99972866","99971694"
"4628","99973711","103345241"
"4629","103080196","103492787"
"4630","103080196","96092472"
"4631","103080234","92251455"
"4632","103080871","103342646"
"4633","103080896","103336144"
"4634","103081086","103343496"
"4635","103081367","99972887"
"4636","103081368","96091894"
"4637","103081650","97755016"
"4638","103081650","96097866"
"4639","103081729","103080212"
"4640","103081951","103349236"
"4641","103081951","103334955"
"4642","103335266","103335920"
"4643","103335266","103336161"
"4644","103335304","97748458"
"4645","103335941","103080836"
"4646","103335966","103080970"
"4647","103336156","103491461"
"4648","103336437","103496116"
"4649","103336438","97748416"
"4650","103336720","96088212"
"4651","103336720","96098241"
"4652","103336799","103089298"
"4653","103337021","104174926"
"4654","103337021","104180113"
"4655","103341250","96095603"
"4656","103490565","94197473"
"4657","103490565","92251881"
"4658","103491240","92256084"
"4659","103491455","103491233"
"4660","103492019","104172581"
"4661","103492019","103082413"
"4662","103492320","92250812"
"4663","103492320","94196887"
"4664","104170340","96098521"
"4665","104170340","103495192"
"4666","104170378","99972507"
"4667","104170378","96097960"
"4668","104170378","99974830"
"4669","104171015","94196595"
"4670","104171040","104173882"
"4671","104171230","104170082"
"4672","104171511","88670519"
"4673","104171512","104170963"
"4674","104171794","59212049"
"4675","104171794","97746567"
"4676","104171873","97745461"
"4677","104172095","104172653"
"4678","104172095","99973607"
"4679","104174927","99973337"
"4680","104176324","104174148"
"4681","86679202","96094670"
"4682","88670609","92260561"
"4683","88670656","96099183"
"4684","88670872","96088593"
"4685","88671153","104172625"
"4686","88671737","104170358"
"4687","92250236","103080818"
"4688","92250236","103345188"
"4689","92250952","92252049"
"4690","92251168","94196818"
"4691","92251811","97746825"
"4692","92252033","86685368"
"4693","92252033","104177720"
"4694","92254866","103082590"
"4695","92446545","92251275"
"4696","94195669","97747696"
"4697","94195669","92258082"
"4698","94196385","103492340"
"4699","94196410","104174054"
"4700","94196600","103344510"
"4701","94197164","103495343"
"4702","94197164","103336173"
"4703","94197243","103491443"
"4704","94197465","94200128"
"4705","94197465","103086795"
"4706","94200298","103349653"
"4707","96096711","99980218"
"4708","96097637","103491641"
"4709","96097637","104172379"
"4710","97747429","92252863"
"4711","97747429","103087791"
"4712","97747429","103343737"
"4713","97748146","69502532"
"4714","97748146","97754755"
"4715","97748146","86685124"
"4716","97748354","103336109"
"4717","99972619","104178547"
"4718","99972619","97755190"
"4719","99972619","104181095"
"4720","99972619","103082097"
"4721","99973336","94205890"
"4722","99973336","94206129"
"4723","99973336","103082085"
"4724","99973544","103336545"
"4725","99973544","96088412"
"4726","103080937","103081655"
"4727","103080937","103343650"
"4728","103080937","92250818"
"4729","103089264","94206269"
"4730","103089264","103345575"
"4731","103336007","103088838"
"4732","103336007","103088612"
"4733","103336007","94203514"
"4734","103344334","103342518"
"4735","103344334","104179315"
"4736","103344334","94199421"
"4737","103491306","96097064"
"4738","103491306","103492033"
"4739","103491306","103492093"
"4740","103496092","104171873"
"4741","104171081","88676050"
"4742","104171081","104170424"
"4743","104171081","104171659"
"4744","104171494","99973337"
"4745","104179408","103336044"
"4746","104179408","104172612"
"4747","104179408","99971876"
"4748","104179805","104180544"
"4749","88670602","104179894"
"4750","88670722","88675789"
"4751","88670861","104178168"
"4752","88678383","99972015"
"4753","88680851","97748320"
"4754","92251018","103343171"
"4755","92251018","103086014"
"4756","92251018","103349662"
"4757","92260656","99978902"
"4758","92260803","103335900"
"4759","94196451","103084006"
"4760","94196451","103081084"
"4761","94196451","88671153"
"4762","94206235","103336633"
"4763","96089131","103335912"
"4764","96089131","99972876"
"4765","96093759","92254865"
"4766","96097868","99972018"
"4767","97747198","103494674"
"4768","97751305","96098395"
"4769","97754482","104171043"
"4770","99972388","104175717"
"4771","99976495","103344369"
"4772","99979672","103492783"
"4773","99979672","103343990"
"4774","103080760","103492338"
"4775","103080769","96098238"
"4776","103080772","94196260"
"4777","103080812","103504515"
"4778","103080891","99975561"
"4779","103081582","103081296"
"4780","103081582","103491553"
"4781","103081582","103337030"
"4782","103081582","97747203"
"4783","103081828","94206269"
"4784","103081947","103345922"
"4785","103081947","99972506"
"4786","103082109","94201526"
"4787","103082109","92250239"
"4788","103082109","96098318"
"4789","103082109","94196610"
"4790","103082109","92444768"
"4791","103082109","94197473"
"4792","103087032","104171616"
"4793","103088286","96094751"
"4794","103089661","96088538"
"4795","103089661","99973545"
"4796","103089760","103495818"
"4797","103335830","99971753"
"4798","103335839","96090743"
"4799","103335842","103082437"
"4800","103335882","92252041"
"4801","103335961","103080842"
"4802","103336652","92252590"
"4803","103336652","97747680"
"4804","103336652","103344828"
"4805","103336652","103094618"
"4806","103336898","103084004"
"4807","103337017","103337033"
"4808","103337017","103337019"
"4809","103337179","94200172"
"4810","103337179","99977195"
"4811","103337179","96096710"
"4812","103337179","65799636"
"4813","103337179","103080831"
"4814","103337179","92256094"
"4815","103342102","103345979"
"4816","103343356","104171616"
"4817","103344731","103491470"
"4818","103344731","88670604"
"4819","103344829","103335961"
"4820","103491129","99973337"
"4821","103491181","103082109"
"4822","103491260","88670730"
"4823","103491951","103086952"
"4824","103491951","103337029"
"4825","103491951","99978382"
"4826","103491951","99980343"
"4827","103492197","103501594"
"4828","103492316","92252049"
"4829","103492316","99972505"
"4830","103492478","92446671"
"4831","103492478","94197792"
"4832","103492765","99972012"
"4833","103495480","103335966"
"4834","103500817","96098245"
"4835","104170904","94196276"
"4836","104170913","99974845"
"4837","104170916","96097389"
"4838","104170956","97753181"
"4839","104171035","97747689"
"4840","104171726","103336391"
"4841","104171726","99973336"
"4842","104171726","104170341"
"4843","104171726","94196706"
"4844","104171972","103337506"
"4845","104172091","99971857"
"4846","104172091","94196344"
"4847","104172253","92258373"
"4848","104172253","94206502"
"4849","104172253","103494678"
"4850","104172253","103342515"
"4851","104172253","103336630"
"4852","104172253","104179602"
"4853","104177176","104171727"
"4854","104178430","103086887"
"4855","104179903","103491951"
"4856","59212048","103081074"
"4857","59660230","103089651"
"4858","61579305","96097752"
"4859","61687531","103081087"
"4860","61775423","103082728"
"4861","62955783","103491129"
"4862","64910564","97748147"
"4863","64978032","94196399"
"4864","65797885","103080730"
"4865","65983459","103338920"
"4866","67690832","104177583"
"4867","69500593","104178281"
"4868","71483264","99974827"
"4869","78890031","104175027"
"4870","80127849","94197461"
"4871","86679222","92250227"
"4872","86680160","88625670"
"4873","88625043","94196713"
"4874","88669939","103081749"
"4875","88670541","99980210"
"4876","88670676","103337536"
"4877","88671441","104173343"
"4878","88671614","96097366"
"4879","88671733","96093761"
"4880","88671895","97755018"
"4881","88671895","103090164"
"4882","88676046","96099194"
"4883","88678077","104177935"
"4884","88680879","99972232"
"4885","92250837","104172755"
"4886","92250893","104171081"
"4887","92250972","103344616"
"4888","92251664","96095429"
"4889","92251664","103089308"
"4890","92251664","97749332"
"4891","92251910","96098517"
"4892","92252029","88680309"
"4893","92252029","103080760"
"4894","92252191","94196518"
"4895","92252191","103495076"
"4896","92258373","103336216"
"4897","92261052","103089460"
"4898","92445587","103344357"
"4899","92446525","97748146"
"4900","94196270","88670973"
"4901","94196326","103491373"
"4902","94196405","103090050"
"4903","94197096","104184312"
"4904","94197096","103343688"
"4905","94197096","97746556"
"4906","94197096","99971114"
"4907","94197342","104172705"
"4908","94197461","97754482"
"4909","94197461","94205905"
"4910","94197623","94198791"
"4911","94197623","103343993"
"4912","94197623","96098242"
"4913","94203805","94202578"
"4914","94206484","103340646"
"4915","96091337","104172610"
"4916","96096710","99971758"
"4917","96097821","94197928"
"4918","96097821","103344017"
"4919","96097821","103334924"
"4920","96097821","86679096"
"4921","96098515","96091757"
"4922","96098515","103089439"
"4923","96098515","92257118"
"4924","97746551","96089012"
"4925","97746551","94205947"
"4926","97746551","94206550"
"4927","97747245","94197170"
"4928","97747245","94198140"
"4929","97747245","103081184"
"4930","97747245","94199372"
"4931","97748355","103495659"
"4932","97748355","104171235"
"4933","97753724","104176936"
"4934","99971741","88677515"
"4935","99971741","103496136"
"4936","99971741","99972404"
"4937","99972435","103344368"
"4938","99972435","97747428"
"4939","99972435","104171424"
"4940","99972435","99972014"
"4941","99973545","103083922"
"4942","99973545","103337695"
"4943","99978914","92254866"
"4944","103080863","103080773"
"4945","103081349","88670534"
"4946","103081366","96097390"
"4947","103081366","99971763"
"4948","103081627","103080806"
"4949","103081627","92252352"
"4950","103082395","99980346"
"4951","103083831","104171401"
"4952","103088285","103081961"
"4953","103088624","104171417"
"4954","103088753","103349669"
"4955","103088753","103491657"
"4956","103088753","103344334"
"4957","103089293","86681058"
"4958","103089437","99971883"
"4959","103335933","103345242"
"4960","103336419","97754601"
"4961","103336436","94196371"
"4962","103336436","94196609"
"4963","103336697","103337660"
"4964","103336697","103081313"
"4965","103337465","103337544"
"4966","103338901","103336899"
"4967","103343355","103079885"
"4968","103343694","103341914"
"4969","103343823","86679819"
"4970","103343823","94197981"
"4971","103343823","104180151"
"4972","103344363","99980337"
"4973","103344507","103083906"
"4974","103344842","103081487"
"4975","103491232","103080889"
"4976","103491718","96097332"
"4977","103491735","103081698"
"4978","103491996","104170359"
"4979","103491996","97746563"
"4980","103492764","103495092"
"4981","103495479","103083907"
"4982","103495700","104178948"
"4983","103495793","94200142"
"4984","103496149","86679070"
"4985","103504218","103492834"
"4986","104171007","99972499"
"4987","104171493","103080977"
"4988","104171493","96091633"
"4989","104171510","61775423"
"4990","104171510","94197102"
"4991","104171771","92260694"
"4992","104171771","103336457"
"4993","104172539","96090742"
"4994","104173975","103088726"
"4995","104178429","99974895"
"4996","104178768","104171893"
"4997","104178897","94206313"
"4998","104178897","103090172"
"4999","104178897","103337631"
"5000","104179437","104172253"
"5001","104179581","103491138"
"5002","104179916","94197461"
"5003","86679194","65797886"
"5004","88670513","104171800"
"5005","88670516","96095430"
"5006","88670601","94198898"
"5007","88670601","97747105"
"5008","88670607","103083883"
"5009","88670607","99972878"
"5010","88670648","94202468"
"5011","88670724","103492582"
"5012","88670728","97746547"
"5013","88670888","103335958"
"5014","88670991","72765472"
"5015","88671066","103088005"
"5016","88671135","99978358"
"5017","88671152","96097754"
"5018","88671366","104171033"
"5019","88671366","99972240"
"5020","88672182","92251159"
"5021","88678076","104173346"
"5022","88678371","103340707"
"5023","88678382","88676674"
"5024","88678417","94196457"
"5025","88680503","103492067"
"5026","92250944","88670607"
"5027","92251431","64910565"
"5028","92251448","97746677"
"5029","92251709","104179315"
"5030","92251709","103338223"
"5031","92252478","92251569"
"5032","92258372","94198307"
"5033","92258713","86679450"
"5034","92260288","103344730"
"5035","92446553","97746821"
"5036","94196377","94198791"
"5037","94196863","103491135"
"5038","94196880","103494674"
"5039","94197141","92252519"
"5040","94197141","103495409"
"5041","94197910","86689288"
"5042","94203804","103081321"
"5043","94204145","103492478"
"5044","94205720","92257249"
"5045","94205720","92256100"
"5046","96091308","103504446"
"5047","96091308","103492784"
"5048","96091308","104171065"
"5049","96091611","103491253"
"5050","96091611","104176939"
"5051","96091611","104171808"
"5052","96097757","94204124"
"5053","96097757","104174057"
"5054","96097757","94195325"
"5055","96097757","103081964"
"5056","97747309","94203501"
"5057","97747309","94197102"
"5058","97747309","103337702"
"5059","97747309","103494160"
"5060","97747309","103081379"
"5061","97749560","103491191"
"5062","97753450","92255917"
"5063","97753450","103087791"
"5064","97753450","96093319"
"5065","97753753","103089730"
"5066","97753753","103494312"
"5067","97753753","103338976"
"5068","97755166","88672512"
"5069","99972499","97748354"
"5070","99972499","99976495"
"5071","99972499","104170343"
"5072","99972499","88669595"
"5073","99974750","103336734"
"5074","99978640","94199365"
"5075","99978640","99973653"
"5076","99978640","92255917"
"5077","99978943","92446520"
"5078","99978943","103087091"
"5079","99978943","103492374"
"5080","99980356","94199568"
"5081","88670800","103089263"
"5082","88670800","103081075"
"5083","103080183","99971858"
"5084","103080763","103081947"
"5085","103080763","103345078"
"5086","103080886","92258372"
"5087","103081943","94196400"
"5088","103081943","88676260"
"5089","103082624","103088903"
"5090","103082624","99971998"
"5091","103082624","103336156"
"5092","103082722","94197188"
"5093","103083275","88673062"
"5094","103085884","103343075"
"5095","103088090","104172869"
"5096","103088090","104171294"
"5097","103088090","103343937"
"5098","103088090","103337486"
"5099","103088090","104171409"
"5100","103088800","104171246"
"5101","103335253","94196983"
"5102","103335833","103496149"
"5103","103335833","103337021"
"5104","103335956","92258214"
"5105","103337013","103491996"
"5106","103337013","103083281"
"5107","103337694","99980217"
"5108","103337694","96095410"
"5109","103337694","88680892"
"5110","103337792","92251779"
"5111","103338345","88672579"
"5112","103340954","103491888"
"5113","103343160","92258068"
"5114","103343160","104169995"
"5115","103343160","96088709"
"5116","103343160","103492333"
"5117","103343160","86679217"
"5118","103343870","94205983"
"5119","103491132","97751971"
"5120","103491132","103082272"
"5121","103491255","97747814"
"5122","103492312","103343648"
"5123","103492312","96088469"
"5124","103492993","97747677"
"5125","103492993","103081468"
"5126","103492993","88680910"
"5127","103493091","88670676"
"5128","103493644","103087720"
"5129","103501510","103079844"
"5130","103501510","99974829"
"5131","103501510","94197096"
"5132","103502425","92251085"
"5133","104170327","103082506"
"5134","104170907","94196588"
"5135","104170907","103080943"
"5136","104171030","88676820"
"5137","104172087","80127849"
"5138","104172087","96092383"
"5139","104172768","103336658"
"5140","104172768","92251911"
"5141","104172768","88672203"
"5142","104172866","92257609"
"5143","104173419","103345077"
"5144","104176028","94200180"
"5145","104178234","97747964"
"5146","104178234","104172379"
"5147","104178234","103081350"
"5148","104178234","103337029"
"5149","104178234","104176387"
"5150","104178944","104176392"
"5151","86679090","103081958"
"5152","86679217","103080857"
"5153","86681055","97749782"
"5154","88670544","94199421"
"5155","88670544","96091495"
"5156","88670671","94196342"
"5157","88671729","104178775"
"5158","88672202","94201758"
"5159","88672474","96097816"
"5160","88672509","97747678"
"5161","88672628","61579305"
"5162","88675804","92251157"
"5163","88677881","94203805"
"5164","88677881","103494845"
"5165","92250223","96096919"
"5166","92250840","103337483"
"5167","92250840","104171800"
"5168","92250967","92254740"
"5169","92251249","88672411"
"5170","92252025","97747017"
"5171","92252025","103492785"
"5172","92252707","103337036"
"5173","92252707","94197077"
"5174","92252707","92257715"
"5175","92252805","104171045"
"5176","92258177","103335008"
"5177","92258177","103088621"
"5178","92260335","103501808"
"5179","92444692","104173419"
"5180","92446530","88670722"
"5181","92446657","97755166"
"5182","94195656","103495665"
"5183","94196273","94199252"
"5184","94196273","104170991"
"5185","94196400","88671450"
"5186","94197457","92258756"
"5187","94197457","103336140"
"5188","94198139","103082793"
"5189","94198139","94197525"
"5190","94198139","96097754"
"5191","94198237","103081588"
"5192","94198790","103335266"
"5193","94201400","103343710"
"5194","94203609","104171245"
"5195","94203609","103090111"
"5196","94203609","103336438"
"5197","94203609","103336190"
"5198","94205767","97746566"
"5199","96088244","103080880"
"5200","96091350","103079851"
"5201","96093451","97747682"
"5202","96096920","103086846"
"5203","96097394","94198140"
"5204","96097394","104172540"
"5205","96097613","88676039"
"5206","96098246","65799637"
"5207","97746820","92257177"
"5208","97747453","94196982"
"5209","97747672","99979343"
"5210","97747672","104176144"
"5211","97748145","104170987"
"5212","97748145","103337585"
"5213","97748356","94201527"
"5214","97751613","103339047"
"5215","97754533","104170965"
"5216","99972010","103342704"
"5217","99972643","103490566"
"5218","99972862","99972393"
"5219","99972862","92250815"
"5220","99973335","67692745"
"5221","99973335","78889691"
"5222","99973546","103501153"
"5223","99973546","103088631"
"5224","99976803","99972287"
"5225","99979723","94196712"
"5226","103080194","88670530"
"5227","103080194","92252034"
"5228","103080253","103088980"
"5229","103081365","88676578"
"5230","103081365","104171322"
"5231","103089281","103491306"
"5232","103335264","103337015"
"5233","103335264","104181057"
"5234","103335323","104170341"
"5235","103336435","96097386"
"5236","103336435","92256094"
"5237","103344351","104172635"
"5238","103490563","104174066"
"5239","103490563","97751729"
"5240","103491734","103088351"
"5241","103500994","103343523"
"5242","104170338","103339692"
"5243","104170338","104178869"
"5244","104170397","99979372"
"5245","104171509","104172149"
"5246","104171509","103335254"
"5247","104179425","80122884"
"5248","88669938","99979755"
"5249","88669938","104171040"
"5250","88671151","99972436"
"5251","88671510","103336007"
"5252","88674973","103084622"
"5253","88676035","104177763"
"5254","88676042","104171050"
"5255","88676042","103335969"
"5256","88678370","103087983"
"5257","88678381","97747316"
"5258","88680868","103081005"
"5259","88680874","103491200"
"5260","88680909","103081469"
"5261","92250234","92252045"
"5262","92250234","94196604"
"5263","92251447","94197623"
"5264","92260820","103080829"
"5265","94195667","103500921"
"5266","94195667","94203807"
"5267","94196879","104178262"
"5268","94206252","97751613"
"5269","96096922","103336629"
"5270","96098394","67690832"
"5271","96098394","97753753"
"5272","97746672","88680851"
"5273","97746672","88670671"
"5274","97748143","104180651"
"5275","99971862","92251184"
"5276","99971862","88677366"
"5277","99973333","103494170"
"5278","103080757","104172772"
"5279","103080813","99971111"
"5280","103081344","97749638"
"5281","103081344","104171504"
"5282","103081360","103495793"
"5283","103335827","104172774"
"5284","103335883","97749579"
"5285","103336414","92446651"
"5286","103336414","103336437"
"5287","103336430","103504141"
"5288","103344391","92250846"
"5289","103491126","104171448"
"5290","103491182","103345407"
"5291","103491713","103501510"
"5292","104170901","104171337"
"5293","104170957","103081187"
"5294","104171488","104170327"
"5295","104171488","104172580"
"5296","104171488","94196335"
"5297","104171504","94201517"
"5298","104179465","94201516"
"5299","86679084","97746746"
"5300","88670538","96099291"
"5301","88670598","88670669"
"5302","88670606","94206347"
"5303","88670606","103491233"
"5304","88670754","103341860"
"5305","88670887","103336007"
"5306","88671130","92251664"
"5307","88671301","103335892"
"5308","88671301","94206259"
"5309","88677866","92251553"
"5310","92250834","99980210"
"5311","92250894","99979328"
"5312","92251426","103082593"
"5313","92446663","96097864"
"5314","94196267","103335098"
"5315","94196327","96096606"
"5316","94196858","92252497"
"5317","94206292","104174055"
"5318","103080087","103344412"
"5319","103080739","97754649"
"5320","103080767","103344003"
"5321","103082622","94202311"
"5322","103082623","92250234"
"5323","103082623","97746551"
"5324","103087977","103081360"
"5325","103088754","92251597"
"5326","103089168","96096709"
"5327","103335157","103088118"
"5328","103335809","104178430"
"5329","103335837","104170943"
"5330","103337692","92250901"
"5331","103337693","99972298"
"5332","103337693","94196888"
"5333","103343047","96088504"
"5334","103343824","96090740"
"5335","103344238","97755729"
"5336","103490456","97746563"
"5337","103491108","92256085"
"5338","103492991","103080753"
"5339","103492992","103335269"
"5340","103492992","96098394"
"5341","103495794","94196606"
"5342","103496004","94206540"
"5343","103501599","97750366"
"5344","104170231","96097682"
"5345","104170883","103335803"
"5346","104170911","96097666"
"5347","104172766","104174168"
"5348","104172767","92250293"
"5349","104172767","97755017"
"5350","104178121","97747248"
"5351","104178898","88680337"
"5352","104179312","92252041"
"5353","86679066","104171818"
"5354","88669831","103493650"
"5355","88669943","103084003"
"5356","88670520","94196863"
"5357","88672201","99973712"
"5358","88672201","92253990"
"5359","88672410","104171615"
"5360","88674452","103336697"
"5361","88680755","104173419"
"5362","88680878","104172936"
"5363","92250127","92251183"
"5364","92250816","103080888"
"5365","92252705","94203637"
"5366","92252706","104174120"
"5367","92252706","103337720"
"5368","92258064","96088591"
"5369","92260289","103089155"
"5370","92446681","92251180"
"5371","94195560","94197343"
"5372","94196249","103080757"
"5373","94198137","94197214"
"5374","94198138","99972002"
"5375","94198138","92251910"
"5376","94203496","103343795"
"5377","94205721","103080803"
"5378","94206139","92258374"
"5379","96096923","92252707"
"5380","96096923","94196458"
"5381","97748142","99978348"
"5382","97748142","104169987"
"5383","99973332","96096648"
"5384","99973332","104174276"
"5385","103080936","103504123"
"5386","103080936","92260703"
"5387","103081264","104171331"
"5388","103081264","103491536"
"5389","103081264","103336658"
"5390","103081343","103086180"
"5391","103081343","104183107"
"5392","103081359","103490212"
"5393","103081359","96097864"
"5394","103081626","103337486"
"5395","103081654","103081304"
"5396","103081663","92251709"
"5397","103081801","103345979"
"5398","103081801","103089026"
"5399","103081904","94196810"
"5400","103081924","103343660"
"5401","103082003","103336657"
"5402","103082003","97747700"
"5403","103082412","92251175"
"5404","103082412","103086790"
"5405","103083283","103336335"
"5406","103083283","96098319"
"5407","103083283","104171616"
"5408","103083336","103345979"
"5409","103083814","104173420"
"5410","103084116","96088300"
"5411","103084116","96094723"
"5412","103084580","94199366"
"5413","103084612","103081004"
"5414","103084614","88675803"
"5415","103085632","99973649"
"5416","103086923","103081321"
"5417","103087979","103338711"
"5418","103088571","92251175"
"5419","103088663","88677252"
"5420","103088926","104173687"
"5421","103089402","97754393"
"5422","103089414","104175977"
"5423","103336006","103335906"
"5424","103336006","104170966"
"5425","103336334","92446072"
"5426","103336334","88681053"
"5427","103336334","103335974"
"5428","103336334","103491387"
"5429","103336413","96088368"
"5430","103336413","94196527"
"5431","103336429","94195656"
"5432","103336429","104171518"
"5433","103336696","88670603"
"5434","103336724","104171218"
"5435","103336733","92251023"
"5436","103336871","103492960"
"5437","103336871","103503469"
"5438","103336974","103349244"
"5439","103336994","104175776"
"5440","103337073","94206269"
"5441","103337073","103493260"
"5442","103337482","103080896"
"5443","103337482","88673266"
"5444","103338353","97755445"
"5445","103338353","103345576"
"5446","103338353","88670550"
"5447","103338406","103337488"
"5448","103338884","94199519"
"5449","103339186","99979839"
"5450","103339186","92254715"
"5451","103339650","96088904"
"5452","103339682","103336163"
"5453","103339684","99980387"
"5454","103340702","99979502"
"5455","103341993","103087982"
"5456","103343049","103501240"
"5457","103343641","92436459"
"5458","103343733","97746907"
"5459","103343996","99971778"
"5460","103344472","96088593"
"5461","103344484","104173784"
"5462","103491305","99972998"
"5463","103491305","97754318"
"5464","103491633","104171186"
"5465","103491633","103081799"
"5466","103491633","94197102"
"5467","103491712","97755186"
"5468","103491728","92251431"
"5469","103491995","103081083"
"5470","103492023","99972248"
"5471","103492032","104171629"
"5472","103492273","104173497"
"5473","103492372","104172353"
"5474","103492372","96091887"
"5475","103492781","103089320"
"5476","103492781","88670615"
"5477","103493652","103336254"
"5478","103493652","97749707"
"5479","103493652","104179449"
"5480","103493705","94199329"
"5481","103493994","88671526"
"5482","103494740","104171236"
"5483","103495647","103340705"
"5484","103495882","97749705"
"5485","103500897","104171489"
"5486","103501240","94202832"
"5487","103501597","104170397"
"5488","103503933","99974686"
"5489","103504235","96097385"
"5490","104171080","92260859"
"5491","104171080","103080769"
"5492","104171408","103492380"
"5493","104171408","99974844"
"5494","104171408","97751975"
"5495","104171408","94196267"
"5496","104171487","92257007"
"5497","104171487","99972215"
"5498","104171487","94197138"
"5499","104171503","92446663"
"5500","104171503","103501594"
"5501","104171770","99978641"
"5502","104171798","103080942"
"5503","104171807","103335891"
"5504","104171945","104172566"
"5505","104171945","103496004"
"5506","104172048","92252046"
"5507","104172068","96098324"
"5508","104172147","99972616"
"5509","104172147","99971749"
"5510","104172556","97747094"
"5511","104172556","99971719"
"5512","104173427","103084933"
"5513","104173427","88625072"
"5514","104173427","94199329"
"5515","104173427","96092449"
"5516","104173480","103337537"
"5517","104173958","103090343"
"5518","104174260","99973607"
"5519","104174260","71483264"
"5520","104174724","99972103"
"5521","104174756","99973333"
"5522","104174758","103491839"
"5523","104175776","103491462"
"5524","104175778","103335330"
"5525","104175779","104177171"
"5526","104177067","103337585"
"5527","104178123","88670970"
"5528","104178715","92250895"
"5529","104178807","88680907"
"5530","104179019","97747288"
"5531","104179019","92253914"
"5532","104179070","94201148"
"5533","104179418","97747096"
"5534","104179420","104184505"
"5535","104179453","103493644"
"5536","104179546","104170966"
"5537","104179558","92252805"
"5538","86679675","104171660"
"5539","86679995","104178808"
"5540","88625208","94196532"
"5541","88669956","103081272"
"5542","88669956","103338346"
"5543","88669956","103338988"
"5544","88670605","104172560"
"5545","88670605","96091870"
"5546","88670642","103094600"
"5547","88670721","104172616"
"5548","88670727","94198851"
"5549","88671058","99972103"
"5550","88671129","88677815"
"5551","88671145","97750371"
"5552","88671165","103336088"
"5553","88671449","97754676"
"5554","88671789","103337696"
"5555","88671789","104180549"
"5556","88672199","92251183"
"5557","88672200","92251667"
"5558","88672200","88673520"
"5559","88673070","104184745"
"5560","88673123","103334923"
"5561","88674450","104175716"
"5562","88675420","103081944"
"5563","88675801","92251779"
"5564","88676038","96092170"
"5565","88676038","92252706"
"5566","88676579","103490622"
"5567","88676711","97747097"
"5568","88676956","99973547"
"5569","88676957","88670602"
"5570","88676969","99973512"
"5571","88676970","97748147"
"5572","88677786","92250895"
"5573","88678380","104178551"
"5574","88678457","88673271"
"5575","88680669","97747426"
"5576","88681099","94198964"
"5577","92251017","103088375"
"5578","92251017","99980500"
"5579","92251346","103090691"
"5580","92251346","104172650"
"5581","92251346","94198161"
"5582","92251425","103081664"
"5583","92251441","103081904"
"5584","92251708","99972479"
"5585","92251736","104171179"
"5586","92251745","103087432"
"5587","92251986","99972393"
"5588","92252085","97749332"
"5589","92252085","97747203"
"5590","92252495","99978896"
"5591","92252495","103336262"
"5592","92253366","96098518"
"5593","92253419","103334914"
"5594","92254695","99973336"
"5595","92254697","92254696"
"5596","92255716","92257662"
"5597","92257007","103492025"
"5598","92258660","94198242"
"5599","92258752","94198356"
"5600","92260461","103081474"
"5601","92445752","97751972"
"5602","92446072","88670664"
"5603","94196450","92254200"
"5604","94196450","99973546"
"5605","94196778","88669994"
"5606","94196778","88672475"
"5607","94196778","94197097"
"5608","94196857","103492993"
"5609","94196873","88674404"
"5610","94197140","99981041"
"5611","94197168","97753192"
"5612","94197177","88680389"
"5613","94197418","104179067"
"5614","94197517","99979624"
"5615","94197517","104172943"
"5616","94197927","103337693"
"5617","94197927","103491471"
"5618","94198798","96088308"
"5619","94198798","103081663"
"5620","94198798","103337561"
"5621","94198851","103340954"
"5622","94199292","103503422"
"5623","94200127","103344412"
"5624","94200129","80128190"
"5625","94201148","99980335"
"5626","94202439","94198103"
"5627","94204092","94203218"
"5628","94204184","96097386"
"5629","94205893","103491200"
"5630","94206245","104170943"
"5631","94206247","104172768"
"5632","94206381","99972479"
"5633","94206438","92252053"
"5634","96088470","99972892"
"5635","96088604","92251156"
"5636","96089017","103337700"
"5637","96089017","104170909"
"5638","96089158","88672183"
"5639","96090667","97754182"
"5640","96092412","92252038"
"5641","96094722","103341320"
"5642","96095559","96094699"
"5643","96096053","103336153"
"5644","96096053","86679084"
"5645","96096921","103082414"
"5646","96097663","92252549"
"5647","96097963","88671165"
"5648","97747103","97748356"
"5649","97747403","92254705"
"5650","97747426","104169997"
"5651","97748144","96088526"
"5652","97748144","104181944"
"5653","97749012","104172099"
"5654","97749845","104179431"
"5655","97752652","103501230"
"5656","97753708","97748322"
"5657","97754392","104177176"
"5658","97754596","97747108"
"5659","99971799","103336898"
"5660","99972293","97755506"
"5661","99972593","103343355"
"5662","99972616","64978032"
"5663","99973334","99982885"
"5664","99973334","104178570"
"5665","99974202","99973545"
"5666","99975035","86679207"
"5667","99975035","94196340"
"5668","99977842","104176028"
"5669","99978898","99972248"
"5670","99979582","94198237"
"5671","99979786","62955784"
"5672","97754455","103081092"
"5673","99979645","103491182"
"5674","103080748","92254749"
"5675","103080761","103493643"
"5676","103080761","99971698"
"5677","103085865","104177780"
"5678","103088623","103337797"
"5679","103088752","96091355"
"5680","103335818","94202964"
"5681","103335831","103084006"
"5682","103335831","103492043"
"5683","103340935","103501482"
"5684","103343693","86679222"
"5685","103343822","103083276"
"5686","103491117","96088722"
"5687","103491130","94200137"
"5688","103491130","103337017"
"5689","103495699","97747427"
"5690","103495792","104171624"
"5691","103502444","103504046"
"5692","104170892","103493260"
"5693","104170905","103085576"
"5694","104170905","104170404"
"5695","104176009","103086011"
"5696","104178767","103080859"
"5697","104178896","94206262"
"5698","86679088","103495138"
"5699","86686962","103083906"
"5700","88670542","88625684"
"5701","88670542","99974750"
"5702","88678416","88675364"
"5703","88680335","94196529"
"5704","92250838","103501593"
"5705","92250838","92257952"
"5706","92258712","103338784"
"5707","92260287","88624859"
"5708","92438785","88675800"
"5709","92446659","103083237"
"5710","94196258","96096445"
"5711","94196271","96097364"
"5712","94196271","92258640"
"5713","94201381","104171050"
"5714","94204144","99971892"
"5715","94205719","104171819"
"5716","96088575","104172241"
"5717","96088575","103086262"
"5718","96088616","94196818"
"5719","96088617","103081167"
"5720","96089159","103090122"
"5721","96097822","94204133"
"5722","96097822","104171234"
"5723","96098057","103336327"
"5724","96098057","99973550"
"5725","96098057","104172770"
"5726","96098247","103083543"
"5727","96098262","92447183"
"5728","96098522","97749432"
"5729","96099195","99979582"
"5730","97746544","97750346"
"5731","97746804","88671585"
"5732","97746819","103345573"
"5733","97747009","94206235"
"5734","97747009","94197930"
"5735","97747009","104171334"
"5736","97747244","99971114"
"5737","97747244","92260707"
"5738","97754454","103081296"
"5739","97754992","103342694"
"5740","97754993","103081091"
"5741","97755034","94196681"
"5742","97755034","103083976"
"5743","99971734","88678076"
"5744","99971994","92252522"
"5745","99972009","94197932"
"5746","99972199","97748322"
"5747","99972199","88676035"
"5748","99972199","103338673"
"5749","99972434","97754649"
"5750","99972434","104178123"
"5751","99978900","88670733"
"5752","99979644","92251249"
"5753","99980182","94196605"
"5754","99980183","92252771"
"5755","99980224","97754709"
"5756","99980224","92251449"
"5757","103080182","96097663"
"5758","103081089","103336025"
"5759","103081621","96098320"
"5760","103082721","88675794"
"5761","103335252","99971102"
"5762","103336159","104176324"
"5763","103336691","92252500"
"5764","103337791","94196399"
"5765","103490551","99972482"
"5766","103491458","96097240"
"5767","103491990","92261124"
"5768","103493090","103082415"
"5769","104170326","99972232"
"5770","104171233","103495073"
"5771","104171765","104172556"
"5772","104172865","104170958"
"5773","86681054","97746742"
"5774","88624149","94197177"
"5775","88669926","96098049"
"5776","88670875","88670599"
"5777","88672508","103337155"
"5778","92250222","99971743"
"5779","92251171","99976919"
"5780","92251703","103081099"
"5781","92252804","96096060"
"5782","92444693","99973333"
"5783","94195655","88671273"
"5784","94196603","92258754"
"5785","94197135","103088286"
"5786","94198236","103335913"
"5787","96096924","103087977"
"5788","96096924","94197463"
"5789","96097977","104171512"
"5790","96099182","103337149"
"5791","96099182","96090908"
"5792","97745925","59212048"
"5793","97745925","104171416"
"5794","97747089","104170231"
"5795","97748141","88674450"
"5796","97748141","94206439"
"5797","97748317","104170339"
"5798","97748317","97754992"
"5799","97748317","94197623"
"5800","97748318","104178593"
"5801","97748318","103340003"
"5802","99971115","103490222"
"5803","99971115","92251731"
"5804","99972279","103492066"
"5805","99973331","103089660"
"5806","99973331","88672433"
"5807","99973507","96099181"
"5808","99973507","88672475"
"5809","99973507","96098480"
"5810","99973508","104173480"
"5811","99973508","92252037"
"5812","103080755","94204184"
"5813","103080770","99976752"
"5814","103081342","94197168"
"5815","103081342","103082205"
"5816","103081358","88678461"
"5817","103081358","61687531"
"5818","103081512","99979061"
"5819","103081512","104173497"
"5820","103088423","92251449"
"5821","103088751","103082626"
"5822","103335825","92251161"
"5823","103335840","94201151"
"5824","103336412","94205767"
"5825","103336412","94196593"
"5826","103336428","99971183"
"5827","103336428","96098516"
"5828","103336582","88677918"
"5829","103336582","104178139"
"5830","103343493","99973340"
"5831","103343821","94196632"
"5832","103491124","104174761"
"5833","103491711","96095503"
"5834","103491727","92252045"
"5835","103491881","103088725"
"5836","103491881","103336769"
"5837","103495566","99974829"
"5838","103495791","103081588"
"5839","104170899","103490551"
"5840","104170914","88671449"
"5841","104171486","88625043"
"5842","104171486","92250903"
"5843","104171486","103081101"
"5844","104171502","103343987"
"5845","104171502","92445752"
"5846","104171656","92255984"
"5847","104171656","103089437"
"5848","104178567","103080888"
"5849","104178895","104178746"
"5850","86679082","103084627"
"5851","86679674","99972223"
"5852","88670536","88625383"
"5853","88671128","103081626"
"5854","88671144","103343734"
"5855","88671298","97748522"
"5856","88671298","92445618"
"5857","88680334","103495792"
"5858","92250832","103080813"
"5859","92251424","99974924"
"5860","92251440","103493994"
"5861","92251594","99970651"
"5862","92251594","103341085"
"5863","92258510","96091901"
"5864","92260286","88672348"
"5865","92446073","103338453"
"5866","92446665","104171844"
"5867","94196265","96090741"
"5868","94196856","88669956"
"5869","94196872","104178894"
"5870","94197026","99972886"
"5871","94197026","103335336"
"5872","94203942","94197471"
"5873","94205718","103338953"
"5874","96088559","88671797"
"5875","96097825","99972874"
"5876","96097825","103345233"
"5877","97747241","103500980"
"5878","97747241","88674424"
"5879","99972431","103494748"
"5880","99972431","104171893"
"5881","103082621","104174168"
"5882","103082621","86680984"
"5883","103088616","96097865"
"5884","103337691","92250901"
"5885","103337691","88669939"
"5886","103343686","88680670"
"5887","103345276","104174050"
"5888","103345277","103344375"
"5889","103345278","103337660"
"5890","103345279","94195733"
"5891","103345280","88672060"
"5892","103345281","94206258"
"5893","103345282","99972643"
"5894","103345283","103503412"
"5895","103345284","103081018"
"5896","103345285","103090222"
"5897","103345286","103088874"
"5898","103345287","103084612"
"5899","103345288","104171083"
"5900","103345289","103491226"
"5901","103345290","104172147"
"5902","103345291","103336335"
"5903","103492990","104180351"
"5904","103492990","88672410"
"5905","103495692","94196394"
"5906","104172765","104173527"
"5907","104172765","92251441"
"5908","104178760","103503916"
"5909","104180350","97746748"
"5910","104180351","88669994"
"5911","104180352","103090049"
"5912","104180353","103344225"
"5913","104180354","104171732"
"5914","104180355","94202878"
"5915","104180356","103501593"
"5916","104180357","92250127"
"5917","104180358","104171220"
"5918","104180359","92253990"
"5919","104180360","103088577"
"5920","104180361","97755155"
"5921","104180362","104172112"
"5922","104180363","103493645"
"5923","104180364","97747817"
"5924","104180365","103343823"
"5925","86686427","97755490"
"5926","86686955","103504218"
"5927","88672408","88677698"
"5928","88672408","103345277"
"5929","88678409","103081969"
"5930","92252704","103491840"
"5931","92252704","103344241"
"5932","92258705","97748144"
"5933","92438792","94198136"
"5934","94198136","92253389"
"5935","94198136","94199366"
"5936","94204137","103090216"
"5937","96088901","92255985"
"5938","96097334","86678377"
"5939","96098065","88676578"
"5940","96098065","103336046"
"5941","96098065","88671690"
"5942","97747001","103495343"
"5943","97747001","92250837"
"5944","97747001","103491323"
"5945","97747732","97747965"
"5946","97754712","92257518"
"5947","99971784","94196818"
"5948","99971808","103336413"
"5949","99972191","71483230"
"5950","99972191","99978348"
"5951","99972191","99972437"
"5952","99972922","103083883"
"5953","99979902","103081963"
"5954","103080764","86679093"
"5955","103081256","94197211"
"5956","103081256","97751613"
"5957","103081256","88669943"
"5958","103081341","96097749"
"5959","103081341","104171099"
"5960","103081357","103087576"
"5961","103081357","103084053"
"5962","103081364","92255269"
"5963","103081364","103088811"
"5964","103081364","97747289"
"5965","103081576","94206555"
"5966","103081581","104180352"
"5967","103081581","94195313"
"5968","103081623","94201092"
"5969","103082620","96097254"
"5970","103082620","103339687"
"5971","103083305","97746678"
"5972","103083902","99978367"
"5973","103083902","103335827"
"5974","103083902","94196810"
"5975","103083902","103090213"
"5976","103086241","97747700"
"5977","103088669","88673643"
"5978","103089436","92250232"
"5979","103089436","94204186"
"5980","103335834","103344506"
"5981","103336326","103343881"
"5982","103336326","99980679"
"5983","103336326","104173343"
"5984","103336326","94198161"
"5985","103336411","103337021"
"5986","103336411","97746913"
"5987","103336427","88624344"
"5988","103336427","97748145"
"5989","103336434","104171118"
"5990","103336434","103336248"
"5991","103336434","103339682"
"5992","103336646","104171972"
"5993","103336651","96097067"
"5994","103336651","92251175"
"5995","103336693","88671166"
"5996","103337690","94196279"
"5997","103337690","88678370"
"5998","103338375","99971006"
"5999","103338972","94196692"
"6000","103338972","104179407"
"6001","103338972","103337285"
"6002","103338972","103079851"
"6003","103341311","97753754"
"6004","103343739","103344507"
"6005","103344506","103082563"
"6006","103344506","104181944"
"6007","103491133","88674409"
"6008","103491625","103342516"
"6009","103491625","104170982"
"6010","103491625","94197101"
"6011","103491710","103081516"
"6012","103491726","97754481"
"6013","103491733","104171620"
"6014","103491733","104171943"
"6015","103491733","94197315"
"6016","103491945","103088449"
"6017","103491950","94198041"
"6018","103491950","103080891"
"6019","103491992","103080749"
"6020","103492989","103082630"
"6021","103492989","99972286"
"6022","103493674","103500795"
"6023","103494311","104178746"
"6024","103496148","103082621"
"6025","103501234","88674429"
"6026","103504147","104173996"
"6027","103504147","103343188"
"6028","103504147","94203543"
"6029","104170908","104176385"
"6030","104171400","104172756"
"6031","104171400","94205914"
"6032","104171400","104178127"
"6033","104171400","104171448"
"6034","104171485","103491139"
"6035","104171485","99980919"
"6036","104171485","88672183"
"6037","104171501","104179067"
"6038","104171501","96095486"
"6039","104171508","103337507"
"6040","104171508","94199631"
"6041","104171508","104170894"
"6042","104171720","104171109"
"6043","104171725","103081373"
"6044","104171725","97753175"
"6045","104171767","88620079"
"6046","104172764","103495647"
"6047","104172764","86678570"
"6048","104173449","99971868"
"6049","104174046","103336869"
"6050","104174046","97748352"
"6051","104174046","92250895"
"6052","104174046","103345285"
"6053","104176385","99980295"
"6054","104178813","103081623"
"6055","104179580","92251456"
"6056","104179580","92258678"
"6057","86679091","103338406"
"6058","86679673","103492285"
"6059","88670545","94196274"
"6060","88670756","104174056"
"6061","88671042","88673565"
"6062","88671042","104171767"
"6063","88671127","104172228"
"6064","88671143","88675799"
"6065","88671150","96097775"
"6066","88671150","103491945"
"6067","88671150","103081371"
"6068","88671367","104174052"
"6069","88672407","88674444"
"6070","88672407","104174758"
"6071","88673092","99973384"
"6072","88673565","103336159"
"6073","92250841","103501183"
"6074","92251338","103345291"
"6075","92251338","103338926"
"6076","92251338","104171331"
"6077","92251423","94196265"
"6078","92251439","103500987"
"6079","92251446","103343051"
"6080","92251446","103081963"
"6081","92251446","96098480"
"6082","92251658","92260826"
"6083","92251663","92444888"
"6084","92251663","103081473"
"6085","92251705","103345030"
"6086","92252703","80127880"
"6087","92252703","97746809"
"6088","92253388","103088090"
"6089","92253985","103083281"
"6090","92446074","104172562"
"6091","92446656","104171616"
"6092","94196274","103082622"
"6093","94196770","103338803"
"6094","94196770","103080755"
"6095","94196770","104172104"
"6096","94196855","92255716"
"6097","94196871","103339049"
"6098","94196878","97749635"
"6099","94196878","88615915"
"6100","94196878","88677222"
"6101","94197090","96099534"
"6102","94197095","103083641"
"6103","94197095","103501594"
"6104","94197137","61687532"
"6105","94198135","96097378"
"6106","94198135","88676847"
"6107","94198820","88678417"
"6108","94199293","99972590"
"6109","94199367","96097821"
"6110","94199417","86680983"
"6111","94199417","92250071"
"6112","94199417","92258082"
"6113","94201757","97755153"
"6114","96088301","103080274"
"6115","96088366","103081102"
"6116","96088958","94200298"
"6117","96089132","92250903"
"6118","96089133","94196982"
"6119","96091307","104170879"
"6120","96091307","97745574"
"6121","96091307","103336650"
"6122","96095434","94203094"
"6123","96095434","97747009"
"6124","96096712","96095738"
"6125","96096712","103335813"
"6126","96096712","92258661"
"6127","96096713","88673201"
"6128","96097755","94202966"
"6129","96097755","94196270"
"6130","96097755","104171612"
"6131","96097755","103081321"
"6132","96097869","103336041"
"6133","96097973","99971113"
"6134","96097973","94197931"
"6135","96097973","103501582"
"6136","96097973","92251441"
"6137","96098073","103083833"
"6138","96098073","104180362"
"6139","96098081","92438796"
"6140","96098081","104179522"
"6141","96099184","104171504"
"6142","96099184","92260289"
"6143","96099196","103503933"
"6144","97745911","104179062"
"6145","97745923","104172100"
"6146","97745923","103086012"
"6147","97746985","88621987"
"6148","97746985","99980375"
"6149","97746993","94198999"
"6150","97746993","97748357"
"6151","97747093","92252520"
"6152","97747093","88673062"
"6153","97747093","103495480"
"6154","97747093","94197728"
"6155","97747197","94196778"
"6156","97747311","96096713"
"6157","97747311","97747678"
"6158","97747311","103339203"
"6159","97747311","97747694"
"6160","97748352","88673246"
"6161","97748353","92257116"
"6162","97748353","104171656"
"6163","97748353","103336169"
"6164","97749631","99972481"
"6165","97749631","103089342"
"6166","97753754","94195668"
"6167","97753754","103088753"
"6168","97753754","92252191"
"6169","97754480","99972103"
"6170","97754481","94206258"
"6171","97754655","103345460"
"6172","97755165","104177176"
"6173","97755392","103335934"
"6174","97755489","97755035"
"6175","99971101","103492025"
"6176","99971113","103080800"
"6177","99971113","88671741"
"6178","99972175","103345289"
"6179","99972175","88674367"
"6180","99972183","103336434"
"6181","99972183","103080819"
"6182","99972231","86685429"
"6183","99972231","97755191"
"6184","99972283","86679519"
"6185","99972283","103500994"
"6186","99972283","103337632"
"6187","99972283","92251440"
"6188","99972387","92252591"
"6189","99972501","103495773"
"6190","99972501","99974825"
"6191","99972501","104176386"
"6192","99972501","96097867"
"6193","99973542","104171720"
"6194","99973543","103341993"
"6195","99973543","103083336"
"6196","99973543","104171115"
"6197","99974821","104170905"
"6198","99974821","103336085"
"6199","99978944","103343733"
"6200","99978944","103337633"
"6201","99978944","104170394"
"6202","99979670","103491949"
"6203","99979671","97755105"
"6204","99979845","104178897"
"6205","99980355","92255719"
"6206","99980355","99979019"
"6207","99980581","103080766"
"6208","99980678","103082633"
"6209","103080736","103343421"
"6210","103081085","103336544"
"6211","103081085","97755083"
"6212","103081915","96097818"
"6213","103082505","104172871"
"6214","103087830","92251163"
"6215","103087830","88680484"
"6216","103088901","104171245"
"6217","103335806","86679524"
"6218","103336155","104171616"
"6219","103336155","97750386"
"6220","103336985","103491740"
"6221","103337575","104171029"
"6222","103342900","96097822"
"6223","103342900","94196863"
"6224","103343971","103340970"
"6225","103491454","103338922"
"6226","103491454","86679085"
"6227","103492284","103335253"
"6228","103492874","104172557"
"6229","103495366","94197517"
"6230","103495366","97747312"
"6231","103501155","103343973"
"6232","104170880","104178121"
"6233","104171229","94201416"
"6234","104171229","92251448"
"6235","104172059","94197482"
"6236","104172649","92252704"
"6237","104177974","104173996"
"6238","104177974","99974821"
"6239","104179045","103087726"
"6240","86680247","88676953"
"6241","86686917","96098049"
"6242","88670517","104178405"
"6243","88670871","88672000"
"6244","88671701","94197211"
"6245","88677621","92446044"
"6246","88677621","103336257"
"6247","88680484","92251370"
"6248","92251167","103494845"
"6249","92251167","103491454"
"6250","92251997","103337758"
"6251","92252588","97747686"
"6252","92257917","103342102"
"6253","92257917","94198851"
"6254","92260436","103083854"
"6255","92445500","103080975"
"6256","94196246","97754392"
"6257","94196599","96089014"
"6258","94196599","103080821"
"6259","94197429","103336452"
"6260","94203349","103336439"
"6261","94203349","88680868"
"6262","94205868","104171505"
"6263","96097979","103082621"
"6264","97747087","104181944"
"6265","99972277","104172755"
"6266","103081312","88678371"
"6267","103081312","86680131"
"6268","103081348","94206130"
"6269","103081348","78890214"
"6270","103081667","103496373"
"6271","103082034","103501599"
"6272","103082034","103501582"
"6273","103082619","103082396"
"6274","103083882","96097595"
"6275","103088983","88671127"
"6276","103336382","99971669"
"6277","103336382","103501500"
"6278","103336418","104170386"
"6279","103336418","104172048"
"6280","103336737","103080965"
"6281","103337072","99979672"
"6282","103337104","104171082"
"6283","103337104","104173418"
"6284","103337689","104172539"
"6285","103338952","104174046"
"6286","103344053","103504271"
"6287","103491717","94197097"
"6288","103491717","94206641"
"6289","103492036","103090391"
"6290","103492403","103496105"
"6291","103492403","104174068"
"6292","103492988","103080944"
"6293","103495912","99979820"
"6294","104171456","97747353"
"6295","104171456","96090881"
"6296","104171456","103343702"
"6297","104171492","103336693"
"6298","104171492","104179124"
"6299","104171811","104173998"
"6300","104172146","104170894"
"6301","104172178","99972012"
"6302","104172178","92250847"
"6303","104172763","103086790"
"6304","104174026","92436601"
"6305","104179127","96092472"
"6306","86679268","94197029"
"6307","86680952","97745926"
"6308","86689112","104179303"
"6309","88671134","104172105"
"6310","88671134","97754893"
"6311","88671820","99980217"
"6312","88671820","96097866"
"6313","88672406","104170398"
"6314","88680566","97747033"
"6315","92251430","104171092"
"6316","92251430","92260551"
"6317","92252116","103343212"
"6318","92252116","94203543"
"6319","92252702","92250894"
"6320","92260518","103491196"
"6321","92444795","88671440"
"6322","94196862","104170416"
"6323","94196862","86679518"
"6324","94197181","94199049"
"6325","94197548","92256360"
"6326","94197548","94203147"
"6327","94198134","88670896"
"6328","94205950","96093334"
"6329","96097303","94205984"
"6330","96097303","94205718"
"6331","96098462","103337691"
"6332","96098462","103088665"
"6333","97747763","94201757"
"6334","97747763","104173420"
"6335","97751361","97745912"
"6336","97754893","103491728"
"6337","99971794","104178570"
"6338","99971794","94196616"
"6339","99972953","94199422"
"6340","99972953","92251269"
"6341","99980083","103495385"
"6342","103081336","103088577"
"6343","103081336","88670614"
"6344","103081352","88671050"
"6345","103081514","103343661"
"6346","103088617","88678240"
"6347","103336406","104176009"
"6348","103336406","97754455"
"6349","103336422","103336555"
"6350","103336584","103080858"
"6351","103343687","86679090"
"6352","103491705","94205719"
"6353","103491721","97745911"
"6354","103491883","94197313"
"6355","103495693","92260556"
"6356","104171480","88680755"
"6357","104171480","99977169"
"6358","104171480","103341960"
"6359","104171480","104173297"
"6360","104171496","88677909"
"6361","104171496","103082480"
"6362","104171658","94195560"
"6363","104178761","103335831"
"6364","104178904","86679088"
"6365","104179165","97747198"
"6366","86679087","92251708"
"6367","86679143","96089017"
"6368","86679668","103081359"
"6369","86679684","103086242"
"6370","86681174","92444692"
"6371","86686455","103335886"
"6372","86686916","92252050"
"6373","86686956","103495348"
"6374","88671122","94203501"
"6375","88671138","103337961"
"6376","88671300","103081729"
"6377","88678410","92250977"
"6378","92251418","103494250"
"6379","92251434","88671128"
"6380","92251596","103338996"
"6381","92258706","92253419"
"6382","92438791","99978756"
"6383","92446079","103341767"
"6384","94196850","88672056"
"6385","94196866","96091205"
"6386","94197028","92252703"
"6387","94204138","103089291"
"6388","96091502","103492993"
"6389","96091502","94196982"
"6390","97753559","96095434"
"6391","97753559","103491884"
"6392","99978749","92252708"
"6393","99978749","99972891"
"6394","103080181","103344531"
"6395","103080181","103343075"
"6396","103080252","103337694"
"6397","103081073","103336452"
"6398","103081620","104184390"
"6399","103083565","96096648"
"6400","103083565","88673618"
"6401","103088239","92257994"
"6402","103335251","104175779"
"6403","103335251","103336584"
"6404","103335322","103341321"
"6405","103336143","103349276"
"6406","103336690","103336155"
"6407","103338635","88677490"
"6408","103338635","103491193"
"6409","103343309","103088752"
"6410","103490550","103336767"
"6411","103490550","99979294"
"6412","103491442","103336007"
"6413","103491989","97746827"
"6414","103495436","96098508"
"6415","104170325","103082416"
"6416","104170325","88670606"
"6417","104170396","103080252"
"6418","104171217","103334795"
"6419","104171764","103491995"
"6420","104173709","103343212"
"6421","104173709","104179011"
"6422","104178383","103344496"
"6423","86678471","104170982"
"6424","86679405","99971882"
"6425","86684592","97755730"
"6426","86686926","92260287"
"6427","88669925","86686058"
"6428","88669925","103335888"
"6429","88670859","96097757"
"6430","88671406","104170029"
"6431","88678030","104171724"
"6432","92250221","88680850"
"6433","92250221","104178807"
"6434","92251155","94196416"
"6435","92251702","103492998"
"6436","92258326","92251434"
"6437","94195654","103336632"
"6438","94195654","94197929"
"6439","94196587","94199341"
"6440","94197134","103342900"
"6441","94203758","103088664"
"6442","96091093","97745926"
"6443","96091214","103089017"
"6444","96091214","103495590"
"6445","96096714","97749845"
"6446","96096714","96098503"
"6447","97745910","92251155"
"6448","97748351","103343822"
"6449","97748351","97747453"
"6450","97753847","96094673"
"6451","97753847","96093320"
"6452","97753968","103338345"
"6453","99973541","103493056"
"6454","99973541","97749639"
"6455","99973541","92446650"
"6456","99979037","103087982"
"6457","99979037","103081649"
"6458","99979158","94206234"
"6459","103081248","88670859"
"6460","103081248","103341312"
"6461","103081248","97747106"
"6462","103081335","104171159"
"6463","103081335","97754676"
"6464","103081351","96097979"
"6465","103081363","103081264"
"6466","103081509","103084582"
"6467","103081509","94196982"
"6468","103081575","104173975"
"6469","103081622","99971172"
"6470","103082214","104176394"
"6471","103082791","104184323"
"6472","103086503","88671302"
"6473","103086503","96098026"
"6474","103086870","88671412"
"6475","103089435","103088453"
"6476","103089455","92251658"
"6477","103089455","97754104"
"6478","103336318","103088239"
"6479","103336318","88671879"
"6480","103336318","103081960"
"6481","103336318","88678381"
"6482","103336405","103337285"
"6483","103336405","97748194"
"6484","103336421","94198021"
"6485","103336433","103343971"
"6486","103336579","97747942"
"6487","103336579","94196398"
"6488","103336645","96098244"
"6489","103336692","104179064"
"6490","103337284","99977169"
"6491","103337861","103336692"
"6492","103341573","92250222"
"6493","103341573","99972284"
"6494","103341940","92257473"
"6495","103344505","99978358"
"6496","103344505","69500593"
"6497","103344525","103493727"
"6498","103344525","103083767"
"6499","103491617","94196850"
"6500","103491617","103335849"
"6501","103491617","104171002"
"6502","103491704","103343309"
"6503","103491720","69500785"
"6504","103491732","97747245"
"6505","103491878","96098187"
"6506","103491878","104171798"
"6507","103491944","88670862"
"6508","103491991","94196374"
"6509","103493160","103081090"
"6510","103494491","94203804"
"6511","103494491","92250945"
"6512","103496147","103343870"
"6513","103500886","103336043"
"6514","103500886","103081085"
"6515","104171392","103088453"
"6516","104171392","92251417"
"6517","104171392","99972191"
"6518","104171392","96091353"
"6519","104171479","92250911"
"6520","104171479","103336447"
"6521","104171479","103080832"
"6522","104171479","99971862"
"6523","104171495","99972881"
"6524","104171495","96094553"
"6525","104171507","92258326"
"6526","104171653","104172671"
"6527","104171653","96095333"
"6528","104171719","103087981"
"6529","104171766","103491955"
"6530","104172358","96099534"
"6531","104172935","103339046"
"6532","104176647","103491735"
"6533","104176647","88670602"
"6534","104177014","94197796"
"6535","104177014","92251159"
"6536","104177645","97747681"
"6537","104179579","103088287"
"6538","104179579","97747964"
"6539","104179599","97751729"
"6540","104179599","103343641"
"6541","86679667","96094723"
"6542","86679683","103492321"
"6543","86679695","103340965"
"6544","86680956","88673565"
"6545","86684837","103336539"
"6546","86689205","103492044"
"6547","86689350","103335826"
"6548","88671034","103081296"
"6549","88671034","103337698"
"6550","88671121","103336412"
"6551","88671137","92445520"
"6552","88671149","92251431"
"6553","88671295","97749732"
"6554","88671295","104172241"
"6555","88671361","96098254"
"6556","88672578","92251450"
"6557","88676291","94197029"
"6558","88676291","97746557"
"6559","88681019","86689206"
"6560","92251330","92251249"
"6561","92251330","103081916"
"6562","92251330","104171028"
"6563","92251417","103339684"
"6564","92251433","99973606"
"6565","92251445","103335935"
"6566","92251591","103336334"
"6567","92251591","99974202"
"6568","92251657","103080195"
"6569","92251704","104177974"
"6570","92252874","94195753"
"6571","92256587","92253466"
"6572","92256587","97747693"
"6573","92260971","88674372"
"6574","92260971","92252025"
"6575","92446052","94196336"
"6576","92446080","94196271"
"6577","94196762","96091613"
"6578","94196762","103335823"
"6579","94196762","97754885"
"6580","94196849","103491536"
"6581","94196865","103335826"
"6582","94196877","103495385"
"6583","94197023","103493978"
"6584","94197023","97748351"
"6585","94197089","88676711"
"6586","94197136","104174000"
"6587","94198306","88672313"
"6588","94202019","99978348"
"6589","94202019","103083565"
"6590","94206403","88671143"
"6591","94206403","94206291"
"6592","96088448","104171614"
"6593","96088599","96096543"
"6594","96090759","103502414"
"6595","96096061","92250970"
"6596","96096061","103081280"
"6597","96096557","103336733"
"6598","96097608","92252804"
"6599","96097712","99979490"
"6600","96097828","92251598"
"6601","96097828","103085884"
"6602","96098026","103348535"
"6603","96098400","96098025"
"6604","96098400","104179165"
"6605","96098401","86678377"
"6606","96098523","103496000"
"6607","96098524","104171842"
"6608","96098525","92254746"
"6609","96098581","103084642"
"6610","97746489","92250965"
"6611","97746541","96097377"
"6612","97746542","99975035"
"6613","97746543","99979645"
"6614","97746665","103087721"
"6615","97746666","103342458"
"6616","97746666","88670973"
"6617","97747040","103491657"
"6618","97747238","103495797"
"6619","97747238","97753161"
"6620","97747354","92251394"
"6621","97748508","103089164"
"6622","97749004","96093323"
"6623","97749004","104171843"
"6624","97749543","103343065"
"6625","97754300","103081192"
"6626","97755010","104171620"
"6627","97755164","88674399"
"6628","97755185","94197028"
"6629","99971679","92257808"
"6630","99971731","96093502"
"6631","99971732","94196985"
"6632","99971733","104179551"
"6633","99971855","104176397"
"6634","99971856","103500943"
"6635","99971856","103343141"
"6636","99972230","92251598"
"6637","99972230","92252974"
"6638","99972230","94206273"
"6639","99972428","88676042"
"6640","99972428","103344505"
"6641","99972544","104178734"
"6642","99973356","88670876"
"6643","99973698","96096061"
"6644","99974194","94202439"
"6645","99974194","96091887"
"6646","99974733","94206134"
"6647","99979490","103501155"
"6648","99980200","103336744"
"6649","99980354","88677222"
"6650","99980374","99971741"
"6651","96098333","96088716"
"6652","97746733","92252710"
"6653","99971923","97747685"
"6654","103081119","104171109"
"6655","103085889","97747692"
"6656","103086930","103495106"
"6657","103086930","104180315"
"6658","103088416","88670548"
"6659","103088416","103081363"
"6660","103088570","92440051"
"6661","103340959","103338922"
"6662","103342000","96091214"
"6663","103342000","103081724"
"6664","103343486","96097394"
"6665","103343486","103491732"
"6666","103343640","103081076"
"6667","103491488","103337105"
"6668","103494747","99973434"
"6669","103494747","97749004"
"6670","103495559","104171107"
"6671","103495559","92252479"
"6672","103495646","96088604"
"6673","103502420","88669927"
"6674","104176033","104179486"
"6675","104177074","88673564"
"6676","104177074","99979945"
"6677","104178560","96098591"
"6678","104178560","94206482"
"6679","104178714","103345280"
"6680","86678013","103491185"
"6681","86678122","97745982"
"6682","86679451","96096921"
"6683","86680747","92446071"
"6684","86680747","88676038"
"6685","86689414","88618242"
"6686","88670905","103335906"
"6687","88675677","103495850"
"6688","88678207","94197607"
"6689","88678207","103080773"
"6690","88678363","104171229"
"6691","92251201","99978914"
"6692","92255973","103349331"
"6693","92257014","103337018"
"6694","92258503","92253358"
"6695","92258503","104174026"
"6696","92258659","97749562"
"6697","94196411","104171086"
"6698","94196633","104172649"
"6699","94201405","97746665"
"6700","94202446","96091242"
"6701","94203935","104171511"
"6702","94203935","103081560"
"6703","94204091","104172039"
"6704","96090916","96097378"
"6705","96090916","103495647"
"6706","96092405","97747681"
"6707","96093470","103337387"
"6708","96097981","99972879"
"6709","96097981","94196873"
"6710","96097981","88624343"
"6711","96097981","97747088"
"6712","96097981","92252609"
"6713","96097985","94197517"
"6714","96098440","97753181"
"6715","97747081","103341573"
"6716","97747085","92256325"
"6717","97747085","88673092"
"6718","97747085","103340970"
"6719","97747085","103082727"
"6720","97747085","88672199"
"6721","97751594","103334915"
"6722","97752659","86689001"
"6723","97752659","103335008"
"6724","97754145","92444056"
"6725","97754145","97747081"
"6726","97754398","103081472"
"6727","99972271","88671361"
"6728","99972275","99973606"
"6729","99972275","92258177"
"6730","99972275","99979583"
"6731","99972275","103491265"
"6732","99972275","94196985"
"6733","99972720","88678030"
"6734","99976784","104178809"
"6735","99977849","92251362"
"6736","99977849","99973000"
"6737","99979335","103491488"
"6738","99979335","103090122"
"6739","99979588","86686927"
"6740","103080861","104177180"
"6741","103081311","104170983"
"6742","103081311","92252705"
"6743","103081311","94195665"
"6744","103081334","104178955"
"6745","103081334","92257401"
"6746","103082001","96099291"
"6747","103082001","103087723"
"6748","103083832","103344054"
"6749","103335931","104171457"
"6750","103336381","104171448"
"6751","103336381","96097777"
"6752","103336381","96098170"
"6753","103336404","103491314"
"6754","103336404","92446657"
"6755","103337071","103337027"
"6756","103337071","103343874"
"6757","103338902","86686909"
"6758","103342386","103501155"
"6759","103345070","104171487"
"6760","103491230","103343075"
"6761","103491680","96089012"
"6762","103491703","88673904"
"6763","103492370","104180360"
"6764","103492370","103504216"
"6765","103504217","104173970"
"6766","104171005","97746747"
"6767","104171455","88672437"
"6768","104171455","88680521"
"6769","104171455","103338972"
"6770","104171455","96097821"
"6771","104171478","94197549"
"6772","104171478","88677150"
"6773","104171478","104172831"
"6774","104171478","103081304"
"6775","104172145","103345758"
"6776","104172145","103082034"
"6777","104173966","103336045"
"6778","104173976","103491617"
"6779","104177460","103491136"
"6780","104180144","103338902"
"6781","86679192","92447177"
"6782","86679643","103491856"
"6783","86679666","96088863"
"6784","86680333","97745816"
"6785","86680746","104174261"
"6786","86684588","86686036"
"6787","88670646","94196378"
"6788","88671097","88680941"
"6789","88671120","99972875"
"6790","88671787","96095733"
"6791","88671787","92258205"
"6792","88673609","103339186"
"6793","88673619","88670790"
"6794","88677105","86679081"
"6795","92250942","94197611"
"6796","92251393","103081167"
"6797","92251416","104170386"
"6798","92252083","103336123"
"6799","92252083","103349274"
"6800","92253915","99971172"
"6801","92257401","103344651"
"6802","92446081","99980673"
"6803","92446555","104176154"
"6804","94196375","104179124"
"6805","94196486","94197516"
"6806","94196825","94199337"
"6807","94196848","86688929"
"6808","94197515","104171614"
"6809","94197515","103504484"
"6810","94199337","104171003"
"6811","94199347","104174724"
"6812","94202833","97753379"
"6813","96090665","92446530"
"6814","97748456","94197135"
"6815","97748456","97746559"
"6816","97754394","94196589"
"6817","99973646","103345288"
"6818","99973646","103491704"
"6819","99979584","94206235"
"6820","103080892","103081342"
"6821","103081308","96097613"
"6822","103081499","86685907"
"6823","103081499","104170968"
"6824","103081499","103338806"
"6825","103081511","103336366"
"6826","103085893","97747291"
"6827","103085898","104179062"
"6828","103086929","94197135"
"6829","103086929","103084614"
"6830","103087317","103081582"
"6831","103335962","97747400"
"6832","103336378","88671138"
"6833","103336569","88680751"
"6834","103336569","103337073"
"6835","103336569","92251977"
"6836","103336581","88677419"
"6837","103340963","99977423"
"6838","103340968","103338375"
"6839","103341999","103083778"
"6840","103341999","80122884"
"6841","103342387","88671895"
"6842","103491677","103495479"
"6843","103491868","97747241"
"6844","103491868","94197800"
"6845","103491868","104177073"
"6846","103491880","86679954"
"6847","103494746","88671255"
"6848","103494746","96097837"
"6849","103501856","88676260"
"6850","103502411","103094591"
"6851","103502416","96088589"
"6852","104171036","92251461"
"6853","104171452","103345278"
"6854","104171643","88675681"
"6855","104171643","88678415"
"6856","104171643","86684227"
"6857","104171655","88672201"
"6858","104176037","92251285"
"6859","104176042","96097384"
"6860","104177073","103337596"
"6861","104177073","96098516"
"6862","104177461","88678458"
"6863","86679144","88678382"
"6864","86679188","97746666"
"6865","86679188","96097639"
"6866","86679188","103336415"
"6867","86679640","104172764"
"6868","86684227","92250282"
"6869","86684232","88624976"
"6870","86685263","92254695"
"6871","86685652","88671440"
"6872","88670677","99971669"
"6873","88671094","103335011"
"6874","88671285","103080964"
"6875","88671285","97747428"
"6876","88671285","103081475"
"6877","88671297","94195725"
"6878","88675681","86689414"
"6879","88675686","99974828"
"6880","88676717","99977980"
"6881","88677106","103493994"
"6882","92250973","88671146"
"6883","92251390","104173994"
"6884","92251581","103336799"
"6885","92251581","99972878"
"6886","92251581","94197342"
"6887","92251593","97749637"
"6888","92255977","104172766"
"6889","92255982","103337791"
"6890","92257013","103088627"
"6891","92257013","104171168"
"6892","92257402","97745925"
"6893","92440095","103491319"
"6894","92441515","103082480"
"6895","92441520","104176037"
"6896","94196406","88670609"
"6897","94196822","103080182"
"6898","94197013","67692744"
"6899","94197013","96098453"
"6900","94197013","104178009"
"6901","94197025","94203543"
"6902","94201409","99980273"
"6903","94201414","92250224"
"6904","94202445","92254200"
"6905","94202445","94201532"
"6906","94202834","103491703"
"6907","96092406","97747688"
"6908","96092406","104173747"
"6909","96093434","88678383"
"6910","96093435","99973356"
"6911","96093440","103491878"
"6912","96097823","103337018"
"6913","96097838","88676840"
"6914","96099287","103335323"
"6915","96099287","103341070"
"6916","97745820","103345463"
"6917","97745820","86679680"
"6918","97747228","94198820"
"6919","97747243","96095510"
"6920","97751624","103491487"
"6921","97751629","104173747"
"6922","97751630","97746552"
"6923","97752658","94201758"
"6924","97752658","92251986"
"6925","99971010","103337374"
"6926","99971010","99972387"
"6927","99972418","88678456"
"6928","99972433","104178429"
"6929","99976814","88669938"
"6930","99976819","103337696"
"6931","99976820","103085893"
"6932","99977848","103080813"
"6933","99977848","96092863"
"6934","103080091","103337692"
"6935","103080091","97749579"
"6936","103081333","86679097"
"6937","103081333","103081468"
"6938","103081827","88674453"
"6939","103084111","97745911"
"6940","103084111","92252042"
"6941","103088614","97755010"
"6942","103335161","103337689"
"6943","103335161","94197034"
"6944","103336403","103335955"
"6945","103336403","97748145"
"6946","103336897","97751739"
"6947","103339181","88673211"
"6948","103339181","103337555"
"6949","103343684","86679268"
"6950","103490460","97747229"
"6951","103490460","103089635"
"6952","103491702","92257446"
"6953","103492196","96098081"
"6954","103495690","103080837"
"6955","103503938","103336343"
"6956","103503938","99976784"
"6957","104170235","99972619"
"6958","104170235","97748146"
"6959","104171477","104172871"
"6960","104171477","103501857"
"6961","104171477","97747692"
"6962","104171477","88670888"
"6963","104171971","104170974"
"6964","104174255","92445587"
"6965","104174255","94197178"
"6966","104178758","94195313"
"6967","59212047","99973541"
"6968","59660229","103492197"
"6969","61579304","96096710"
"6970","61687530","103337071"
"6971","61775422","104172087"
"6972","62955782","103491729"
"6973","64910563","92255984"
"6974","64978031","103088961"
"6975","65797884","86680952"
"6976","65983458","94197014"
"6977","67690831","104174005"
"6978","69500592","103336057"
"6979","71483263","96097986"
"6980","78890030","99974827"
"6981","80127850","88670904"
"6982","86678381","103336581"
"6983","86679665","97749654"
"6984","86680159","103494491"
"6985","86680955","92261119"
"6986","86682444","103343824"
"6987","86682444","96097713"
"6988","86682998","94200298"
"6989","86686953","103080864"
"6990","86689201","92252033"
"6991","86689418","94196596"
"6992","88618250","96093440"
"6993","88625044","104179570"
"6994","88669835","86681055"
"6995","88669835","103491883"
"6996","88671119","88680892"
"6997","88671613","94206382"
"6998","88673898","103335818"
"6999","88673898","103492320"
"7000","88678407","86680248"
"7001","92250131","94203241"
"7002","92250131","104176647"
"7003","92251415","97745820"
"7004","92251909","92251346"
"7005","92254194","97747812"
"7006","92254194","86679673"
"7007","92258703","103082628"
"7008","92438794","92252588"
"7009","92445588","86679684"
"7010","92446082","103343945"
"7011","94195564","88671153"
"7012","94195564","103081119"
"7013","94196481","103089456"
"7014","94196847","103335264"
"7015","94197341","99979588"
"7016","94199626","94204098"
"7017","94199626","99972922"
"7018","94204135","103344390"
"7019","96096000","103491207"
"7020","96098370","92250237"
"7021","97748457","88625074"
"7022","97749065","86680425"
"7023","99973647","88671165"
"7024","99974255","96093703"
"7025","103080092","94196456"
"7026","103080093","86682960"
"7027","103080093","104172653"
"7028","103080319","94204135"
"7029","103080887","92258063"
"7030","103081239","103491112"
"7031","103081239","103336014"
"7032","103081309","92253965"
"7033","103081309","88670545"
"7034","103081310","104170911"
"7035","103081310","88680458"
"7036","103081310","103335928"
"7037","103081340","99972419"
"7038","103081340","103085632"
"7039","103081340","103492196"
"7040","103081340","103337863"
"7041","103081340","94204110"
"7042","103081355","94197928"
"7043","103081355","88671789"
"7044","103081356","103337575"
"7045","103081356","103343830"
"7046","103081356","99978898"
"7047","103081356","103491455"
"7048","103081356","92249877"
"7049","103081573","99972393"
"7050","103081574","104170397"
"7051","103082105","103336342"
"7052","103082105","103087462"
"7053","103082105","104170903"
"7054","103082105","103089342"
"7055","103082105","94202446"
"7056","103082105","94196603"
"7057","103082105","92254697"
"7058","103082105","99972158"
"7059","103082105","97747313"
"7060","103082720","78890030"
"7061","103083277","88622988"
"7062","103083637","103336269"
"7063","103083637","103087699"
"7064","103083713","88671528"
"7065","103083713","92253388"
"7066","103083713","104176039"
"7067","103083815","104170412"
"7068","103083815","96097763"
"7069","103083905","103081952"
"7070","103084009","103085884"
"7071","103084009","104177505"
"7072","103085724","94202018"
"7073","103085725","88672507"
"7074","103085738","97748620"
"7075","103086837","86680929"
"7076","103087090","104176146"
"7077","103087974","103344351"
"7078","103087974","104177794"
"7079","103087974","103337022"
"7080","103087974","97745820"
"7081","103087974","104171725"
"7082","103087976","96096921"
"7083","103088025","92257532"
"7084","103088025","103495366"
"7085","103088025","103336453"
"7086","103088445","103491189"
"7087","103088445","104176646"
"7088","103088568","86679665"
"7089","103088979","92258711"
"7090","103089118","94199491"
"7091","103089118","99971856"
"7092","103089307","96096544"
"7093","103089353","94196862"
"7094","103089454","103081666"
"7095","103335162","103491884"
"7096","103335163","97754993"
"7097","103335163","94196770"
"7098","103335389","88673669"
"7099","103335957","88680335"
"7100","103336309","92256586"
"7101","103336309","97748417"
"7102","103336309","103086010"
"7103","103336379","86679571"
"7104","103336379","104171400"
"7105","103336380","94206483"
"7106","103336380","99980224"
"7107","103336380","103081348"
"7108","103336410","99972648"
"7109","103336410","94197136"
"7110","103336410","103490460"
"7111","103336410","103492273"
"7112","103336410","99974769"
"7113","103336425","103492023"
"7114","103336425","96097754"
"7115","103336426","88673689"
"7116","103336426","104173449"
"7117","103336426","94203758"
"7118","103336426","103336429"
"7119","103336426","103342000"
"7120","103336643","96097837"
"7121","103336644","103492324"
"7122","103337175","92252368"
"7123","103337175","88671366"
"7124","103337175","96088574"
"7125","103337175","103493645"
"7126","103337175","103343519"
"7127","103337175","103080087"
"7128","103337175","96095485"
"7129","103337175","94197141"
"7130","103337790","103491929"
"7131","103338347","103344516"
"7132","103338707","86686203"
"7133","103338707","88671130"
"7134","103338707","92251665"
"7135","103338783","103337716"
"7136","103338783","104171798"
"7137","103338783","88670871"
"7138","103338885","103088423"
"7139","103338885","88670536"
"7140","103338975","103492875"
"7141","103339079","99972880"
"7142","103339079","104171088"
"7143","103339079","103491462"
"7144","103340794","103080950"
"7145","103340795","99974825"
"7146","103340808","103343160"
"7147","103341907","103492264"
"7148","103342160","104171478"
"7149","103343044","92252191"
"7150","103343044","103337761"
"7151","103343044","103343653"
"7152","103343044","103336382"
"7153","103343044","104174255"
"7154","103343046","96092405"
"7155","103343095","61687530"
"7156","103343095","94196680"
"7157","103343095","103090219"
"7158","103343515","103080770"
"7159","103343515","103080092"
"7160","103343638","99971794"
"7161","103344049","92444794"
"7162","103344077","97748143"
"7163","103344077","103080771"
"7164","103344188","86682148"
"7165","103344188","96096940"
"7166","103344377","99980373"
"7167","103344423","96088958"
"7168","103344524","86682185"
"7169","103490461","96093434"
"7170","103490462","96096609"
"7171","103490688","88671587"
"7172","103491256","88673390"
"7173","103491608","103336570"
"7174","103491608","103337561"
"7175","103491679","103491841"
"7176","103491709","88670970"
"7177","103491709","99972248"
"7178","103491709","103335162"
"7179","103491709","103081337"
"7180","103491709","103342001"
"7181","103491724","80128189"
"7182","103491724","103337774"
"7183","103491725","92251266"
"7184","103491725","104172111"
"7185","103491725","94196878"
"7186","103491725","104178169"
"7187","103491725","104170923"
"7188","103491942","97748456"
"7189","103491943","97753712"
"7190","103492474","104171095"
"7191","103492474","99971803"
"7192","103492474","99972271"
"7193","103492474","96095434"
"7194","103492474","86680956"
"7195","103493089","88671094"
"7196","103493646","103490550"
"7197","103494034","97746553"
"7198","103494035","92440048"
"7199","103495410","104171455"
"7200","103495410","103336694"
"7201","103495410","104174123"
"7202","103495586","99978899"
"7203","103495586","99971784"
"7204","103495644","86680602"
"7205","103495908","99980349"
"7206","103495964","99972863"
"7207","103495964","94195313"
"7208","103496109","97745981"
"7209","103500887","104171717"
"7210","103500944","94198020"
"7211","103501600","86679094"
"7212","103501602","96090933"
"7213","103501602","103490687"
"7214","103501602","86679672"
"7215","103501602","103090217"
"7216","103501602","103504046"
"7217","103504040","99979671"
"7218","103504040","103086179"
"7219","103504144","88670547"
"7220","103504234","103494740"
"7221","103504336","99972922"
"7222","104170236","99979791"
"7223","104170237","104170984"
"7224","104170237","104171116"
"7225","104170463","103504072"
"7226","104171031","103337037"
"7227","104171383","96096712"
"7228","104171383","103082097"
"7229","104171383","92438794"
"7230","104171453","103081468"
"7231","104171453","103083778"
"7232","104171453","103501500"
"7233","104171454","94197931"
"7234","104171454","103089159"
"7235","104171454","103081329"
"7236","104171454","97751594"
"7237","104171484","99972392"
"7238","104171484","99974775"
"7239","104171484","96093335"
"7240","104171484","94203637"
"7241","104171484","103090221"
"7242","104171499","103080776"
"7243","104171499","104172111"
"7244","104171500","99977421"
"7245","104171500","96098389"
"7246","104171500","92256097"
"7247","104171500","103490552"
"7248","104171500","99974195"
"7249","104171717","103344705"
"7250","104171718","97747680"
"7251","104172249","94196259"
"7252","104172249","86679302"
"7253","104172249","96097869"
"7254","104172249","103081514"
"7255","104172249","103335926"
"7256","104172249","94197023"
"7257","104172249","99972493"
"7258","104172249","103337757"
"7259","104172864","86681876"
"7260","104173421","103490649"
"7261","104173781","92446079"
"7262","104173781","103082415"
"7263","104173781","103080753"
"7264","104173857","99972866"
"7265","104173857","96098457"
"7266","104173857","103336579"
"7267","104173928","103337575"
"7268","104173928","103504235"
"7269","104173959","103081311"
"7270","104173959","103336129"
"7271","104174049","104171511"
"7272","104174153","86678471"
"7273","104174153","96098159"
"7274","104174153","88670757"
"7275","104175868","92445322"
"7276","104175869","94195317"
"7277","104175882","86681175"
"7278","104176981","86678382"
"7279","104176981","88670538"
"7280","104177234","104171620"
"7281","104178118","103083976"
"7282","104178118","103344017"
"7283","104178118","88671120"
"7284","104178118","86679300"
"7285","104178118","96096137"
"7286","104178118","103082466"
"7287","104178120","104174147"
"7288","104178169","103081348"
"7289","104178169","97755020"
"7290","104178169","94202353"
"7291","104178589","92258703"
"7292","104178589","103491843"
"7293","104178712","104171101"
"7294","104179123","103336726"
"7295","104179151","92260499"
"7296","104179151","103491839"
"7297","104179151","103336088"
"7298","104179262","103081086"
"7299","104179262","104172145"
"7300","104179451","103490214"
"7301","104179497","88678405"
"7302","104179598","96088448"
"7303","86678382","104174062"
"7304","86678502","103490688"
"7305","86678502","104172060"
"7306","86678502","96099528"
"7307","86678609","103491733"
"7308","86679103","97749631"
"7309","86679267","94197090"
"7310","86679478","86685798"
"7311","86679516","96096053"
"7312","86679516","103337702"
"7313","86679537","99973387"
"7314","86679571","104174164"
"7315","86679642","103344721"
"7316","86679672","88680878"
"7317","86679672","86678609"
"7318","86679672","99981853"
"7319","86679672","78890031"
"7320","86679672","88673904"
"7321","86679687","103080972"
"7322","86679687","96090916"
"7323","86679688","97749585"
"7324","86680437","104173450"
"7325","86680437","88673796"
"7326","86680437","86679518"
"7327","86680437","88671483"
"7328","86680437","94203493"
"7329","86680437","103336974"
"7330","86680437","88669580"
"7331","86680745","96097978"
"7332","86680745","104179151"
"7333","86681053","103337690"
"7334","86682996","104173965"
"7335","86684347","103344357"
"7336","86684584","103081972"
"7337","86684584","88669925"
"7338","86685125","86679093"
"7339","86685515","103337038"
"7340","86685516","99972593"
"7341","86686311","103080897"
"7342","86686362","104170898"
"7343","86689203","103491641"
"7344","86689215","103090322"
"7345","88624150","103493727"
"7346","88669836","104172764"
"7347","88669837","103501180"
"7348","88669837","103082721"
"7349","88670063","103343474"
"7350","88670064","92253989"
"7351","88670672","103081333"
"7352","88671025","86689136"
"7353","88671096","103080087"
"7354","88671126","96088863"
"7355","88671126","96097958"
"7356","88671126","94198929"
"7357","88671126","103080730"
"7358","88671126","103343640"
"7359","88671141","88676046"
"7360","88671141","96091762"
"7361","88671142","103344448"
"7362","88671142","103491680"
"7363","88671142","104171032"
"7364","88671142","103334913"
"7365","88671142","97749705"
"7366","88671360","97749507"
"7367","88671891","92251645"
"7368","88671891","94196826"
"7369","88671891","104170910"
"7370","88671891","96097972"
"7371","88671891","104180547"
"7372","88671891","96095220"
"7373","88671891","103337484"
"7374","88672507","88680879"
"7375","88673064","103491444"
"7376","88673500","104180365"
"7377","88677765","104178149"
"7378","88677765","97754992"
"7379","88677816","92251438"
"7380","88677816","103338995"
"7381","88678236","103335833"
"7382","88678236","94197138"
"7383","88678361","103337790"
"7384","88680548","104172559"
"7385","88680590","103337681"
"7386","88680894","103491727"
"7387","88680940","88672629"
"7388","88681018","104179170"
"7389","92250132","92256587"
"7390","92250133","97751625"
"7391","92250133","86679580"
"7392","92250360","88675688"
"7393","92250968","103079843"
"7394","92251321","96097775"
"7395","92251321","88670985"
"7396","92251392","94201089"
"7397","92251422","103494034"
"7398","92251422","104176144"
"7399","92251422","99974769"
"7400","92251422","94197927"
"7401","92251422","96097681"
"7402","92251437","96099196"
"7403","92251437","99972285"
"7404","92251438","99975536"
"7405","92251438","103492166"
"7406","92251438","99972886"
"7407","92251438","88669467"
"7408","92251438","97746549"
"7409","92251655","99978307"
"7410","92251656","94195792"
"7411","92252187","104181044"
"7412","92252187","103084637"
"7413","92252187","92446106"
"7414","92252187","86679085"
"7415","92252187","104172734"
"7416","92252187","103336254"
"7417","92252803","99978371"
"7418","92253360","103080758"
"7419","92253796","99972393"
"7420","92253988","103492996"
"7421","92254092","103504040"
"7422","92255808","103504282"
"7423","92255809","103336358"
"7424","92258061","97746734"
"7425","92258061","88625684"
"7426","92258063","103086886"
"7427","92258112","88677338"
"7428","92258112","94198406"
"7429","92258532","99974826"
"7430","92258532","86685912"
"7431","92258657","99972175"
"7432","92260500","94199422"
"7433","92260542","104176039"
"7434","92260657","97754709"
"7435","92260846","92251192"
"7436","92260892","103338604"
"7437","92260970","104178262"
"7438","92444694","99973699"
"7439","92445310","104176394"
"7440","92445310","103087995"
"7441","92445310","97751361"
"7442","92445310","103089281"
"7443","92446060","103088614"
"7444","92446060","103081272"
"7445","92446075","103081573"
"7446","92446075","103344424"
"7447","92446075","103081341"
"7448","92446075","88677656"
"7449","92446075","103346870"
"7450","92447365","92253989"
"7451","94195565","92445928"
"7452","94195566","92258679"
"7453","94195566","104171457"
"7454","94195793","92446656"
"7455","94196401","97746985"
"7456","94196753","103080813"
"7457","94196753","104179123"
"7458","94196824","96095203"
"7459","94196854","92251668"
"7460","94196854","92251167"
"7461","94196854","104178766"
"7462","94196854","97747244"
"7463","94196854","88676883"
"7464","94196869","103087625"
"7465","94196869","104171507"
"7466","94196870","103337014"
"7467","94196870","103083905"
"7468","94196870","103335973"
"7469","94196870","104171507"
"7470","94196870","104171432"
"7471","94197087","103080798"
"7472","94197088","103080184"
"7473","94197619","97747229"
"7474","94197619","97747763"
"7475","94197619","94196600"
"7476","94197619","103344369"
"7477","94197619","94197137"
"7478","94197619","97753847"
"7479","94198235","104173035"
"7480","94198792","94196633"
"7481","94199228","103342769"
"7482","94199420","92250832"
"7483","94199524","94196882"
"7484","94199524","96096923"
"7485","94201240","99978944"
"7486","94201241","103081152"
"7487","94202353","104178139"
"7488","94202607","86686354"
"7489","94203493","97754312"
"7490","94203493","92251418"
"7491","94203493","92252497"
"7492","94203493","104170901"
"7493","94203493","86681124"
"7494","94203495","96095486"
"7495","94203544","88671134"
"7496","94203544","103334924"
"7497","94203544","99972071"
"7498","94203964","103493260"
"7499","94203964","88670646"
"7500","94204089","99974898"
"7501","94205946","88671691"
"7502","94205974","103501239"
"7503","94205974","96088428"
"7504","94205974","103081509"
"7505","94206089","103344087"
"7506","94206089","97746812"
"7507","94206278","92251393"
"7508","94206324","103081576"
"7509","94206401","97747001"
"7510","94206402","104171409"
"7511","96088449","99972199"
"7512","96088606","103490526"
"7513","96092244","94198202"
"7514","96092832","103342935"
"7515","96092832","104172349"
"7516","96092833","104178168"
"7517","96094724","103082625"
"7518","96095484","92251442"
"7519","96095558","97746896"
"7520","96096137","103337509"
"7521","96097763","88680562"
"7522","96098027","92251391"
"7523","96098089","92258063"
"7524","96098089","103342533"
"7525","96098089","103336160"
"7526","96098098","103491207"
"7527","97746968","96095219"
"7528","97746977","103080745"
"7529","97746977","96091894"
"7530","97746977","92446662"
"7531","97747039","99971906"
"7532","97747303","88675513"
"7533","97748125","103081089"
"7534","97748455","103337072"
"7535","97748928","103089436"
"7536","97752231","103336160"
"7537","97752232","92250237"
"7538","97752232","96096899"
"7539","97755184","103491949"
"7540","99972158","99973647"
"7541","99972167","104171868"
"7542","99972167","97747201"
"7543","99972167","92251745"
"7544","99972229","97747813"
"7545","99972229","92251703"
"7546","99972229","104171654"
"7547","99972493","96088284"
"7548","99973315","103344238"
"7549","99973645","92253989"
"7550","99974118","94199113"
"7551","99977421","104171392"
"7552","99977422","103342102"
"7553","99977422","103085637"
"7554","99980373","103492326"
"7555","103081923","88675672"
"7556","103086739","99973810"
"7557","103336993","103080763"
"7558","103339118","97747094"
"7559","103341809","103082412"
"7560","103494641","104181048"
"7561","104172067","104179288"
"7562","104174192","104171080"
"7563","104176883","103086923"
"7564","88675796","99980207"
"7565","88676527","97753566"
"7566","92256823","96096445"
"7567","94202255","103084580"
"7568","96092017","99973711"
"7569","96092018","104173972"
"7570","96093437","96097072"
"7571","96095504","99978467"
"7572","96095978","86678126"
"7573","96096715","94196328"
"7574","96096715","99974752"
"7575","96097826","99975052"
"7576","96097826","103337791"
"7577","97747240","103491710"
"7578","97747240","97746667"
"7579","97748350","104175776"
"7580","97748350","86686167"
"7581","97749087","103080157"
"7582","97749561","88671050"
"7583","97751627","104180652"
"7584","97753046","103337167"
"7585","99972430","94196802"
"7586","99972430","104179562"
"7587","99973540","99971757"
"7588","99973540","88672076"
"7589","99974277","99974898"
"7590","99974751","104172581"
"7591","99976817","86679503"
"7592","99978236","86679641"
"7593","103081328","103495550"
"7594","103081328","88677786"
"7595","103336398","92252372"
"7596","103336398","104172772"
"7597","103491697","103343692"
"7598","104171472","94205951"
"7599","104171472","92446542"
"7600","104171472","104179435"
"7601","104171472","103349281"
"7602","86679660","103336366"
"7603","88671114","103336632"
"7604","92251410","96095429"
"7605","92446087","104178551"
"7606","94196842","103346880"
"7607","96088762","94197013"
"7608","96088762","103491258"
"7609","96096716","103336405"
"7610","96096716","104174725"
"7611","96097122","103081959"
"7612","97748349","104169988"
"7613","97748349","94197140"
"7614","97754847","88672409"
"7615","97754847","96088558"
"7616","99973133","96095867"
"7617","99973539","104176883"
"7618","99973539","104173977"
"7619","99980037","104171089"
"7620","99980037","103344509"
"7621","103083520","99972275"
"7622","103338590","86686890"
"7623","103342024","104172147"
"7624","103342024","103081248"
"7625","103504529","86679687"
"7626","104173664","88673064"
"7627","104173664","88625044"
"7628","104177098","103088622"
"7629","104177098","88671300"
"7630","88669893","104169989"
"7631","92250189","103089021"
"7632","92253603","88677106"
"7633","94195622","99976815"
"7634","94199035","94196372"
"7635","96088527","96095427"
"7636","96097987","92446080"
"7637","96098028","104177607"
"7638","96098029","88672223"
"7639","96098029","88673571"
"7640","96098029","97747311"
"7641","97747037","103338901"
"7642","97747037","103080950"
"7643","97747037","103087317"
"7644","97747037","103080827"
"7645","97747038","104171109"
"7646","97747079","104174771"
"7647","97755082","88675621"
"7648","99972227","94203536"
"7649","99972227","103336412"
"7650","99972227","92257175"
"7651","99972228","59660230"
"7652","99972228","99972387"
"7653","99972228","96096708"
"7654","99972269","104170897"
"7655","99974556","99971806"
"7656","99980272","99977850"
"7657","103080186","96097051"
"7658","103080855","96097969"
"7659","103081088","103334921"
"7660","103081327","103491123"
"7661","103081327","97747292"
"7662","103081800","104175720"
"7663","103081800","103081520"
"7664","103081800","88677222"
"7665","103081901","103503432"
"7666","103082103","103082722"
"7667","103082104","92445588"
"7668","103088441","94203942"
"7669","103088441","104170340"
"7670","103090003","99978914"
"7671","103090004","104171032"
"7672","103090005","97745982"
"7673","103090031","96093155"
"7674","103090032","94197913"
"7675","103090033","103087439"
"7676","103090034","99972433"
"7677","103090035","103336411"
"7678","103090036","86679680"
"7679","103090037","97753594"
"7680","103090038","103087830"
"7681","103090039","88670954"
"7682","103090048","104184350"
"7683","103090061","69723483"
"7684","103090068","103491881"
"7685","103090069","103502409"
"7686","103090070","94196334"
"7687","103090071","88676578"
"7688","103090072","96095203"
"7689","103090073","103335956"
"7690","103090074","103342434"
"7691","103090075","103337511"
"7692","103090076","103336025"
"7693","103090077","97753712"
"7694","103090078","103337425"
"7695","103090079","103081327"
"7696","103090080","99973550"
"7697","103090081","65798060"
"7698","103090082","96088460"
"7699","103090083","103081350"
"7700","103090084","103081473"
"7701","103090085","103491703"
"7702","103090092","99972279"
"7703","103090093","94195565"
"7704","103090094","97747228"
"7705","103090095","99974652"
"7706","103090096","103504147"
"7707","103090097","104171644"
"7708","103090098","92250223"
"7709","103090099","104171623"
"7710","103090106","104172832"
"7711","103090152","103495850"
"7712","103090153","94195667"
"7713","103090154","86679667"
"7714","103090163","103337705"
"7715","103090201","92250222"
"7716","103090202","88678363"
"7717","103090203","88680878"
"7718","103090204","103081953"
"7719","103090205","86684167"
"7720","103090206","103491952"
"7721","103090320","103491117"
"7722","103090321","103336162"
"7723","103090336","103085637"
"7724","103090386","103086929"
"7725","103090387","104172461"
"7726","103090388","97752231"
"7727","103090389","103089298"
"7728","103090390","97748620"
"7729","103094590","96097123"
"7730","103094599","99972568"
"7731","103094608","103491124"
"7732","103094617","88673371"
"7733","103094626","103338953"
"7734","103335256","92436496"
"7735","103335925","96091901"
"7736","103336158","94199334"
"7737","103336397","103080936"
"7738","103336397","104172670"
"7739","103336870","103088705"
"7740","103336870","92252495"
"7741","103336870","103491665"
"7742","103336971","103491991"
"7743","103337173","103089263"
"7744","103337174","92250236"
"7745","103343511","88670541"
"7746","103343511","103336584"
"7747","103345072","104172795"
"7748","103345073","86682918"
"7749","103345074","104176386"
"7750","103345100","92250252"
"7751","103345101","103343945"
"7752","103345102","104179302"
"7753","103345103","103491319"
"7754","103345104","96099195"
"7755","103345105","103089430"
"7756","103345106","104171296"
"7757","103345107","96088762"
"7758","103345108","97748353"
"7759","103345117","88671301"
"7760","103345130","103081828"
"7761","103345137","86686907"
"7762","103345138","86679667"
"7763","103345139","103089299"
"7764","103345140","103493675"
"7765","103345141","104172355"
"7766","103345142","103081335"
"7767","103345143","103338996"
"7768","103345144","86688889"
"7769","103345145","94206542"
"7770","103345146","103343971"
"7771","103345147","103336163"
"7772","103345148","88624150"
"7773","103345149","86684340"
"7774","103345150","103492992"
"7775","103345151","99971876"
"7776","103345152","97753168"
"7777","103345153","97749561"
"7778","103345154","103501597"
"7779","103345161","104170338"
"7780","103345162","103087974"
"7781","103345163","99978351"
"7782","103345164","104170944"
"7783","103345165","99970764"
"7784","103345166","104179779"
"7785","103345167","103335800"
"7786","103345168","92250953"
"7787","103345175","96094679"
"7788","103345221","96097817"
"7789","103345222","103081800"
"7790","103345223","104178758"
"7791","103345232","104172178"
"7792","103345270","99979820"
"7793","103345271","103336382"
"7794","103345272","104174046"
"7795","103345273","88672080"
"7796","103345274","88624767"
"7797","103345275","103500979"
"7798","103345389","86682444"
"7799","103345390","88673692"
"7800","103345405","103337039"
"7801","103345455","103337666"
"7802","103345456","104178271"
"7803","103345457","92251998"
"7804","103345458","97747378"
"7805","103345459","104172088"
"7806","103349652","104170236"
"7807","103349661","99972434"
"7808","103349670","103338952"
"7809","103349679","103080987"
"7810","103349688","88677105"
"7811","103490555","94196880"
"7812","103491224","88678361"
"7813","103491457","103491229"
"7814","103491696","103081272"
"7815","103492169","92445312"
"7816","103492169","103343682"
"7817","103492169","97747732"
"7818","103492270","86682913"
"7819","103492472","88675512"
"7820","103492473","80127075"
"7821","103495582","104171765"
"7822","103495582","103081371"
"7823","104170330","104184849"
"7824","104170999","97749555"
"7825","104171232","94202548"
"7826","104171471","103082526"
"7827","104171471","104171330"
"7828","104171471","86679183"
"7829","104171471","92250941"
"7830","104171944","92257811"
"7831","104171944","96092831"
"7832","104171944","88674400"
"7833","104172045","94203240"
"7834","104172247","103081956"
"7835","104172248","86686917"
"7836","104178585","86679673"
"7837","104178585","103082001"
"7838","104180146","97755139"
"7839","104180147","86679668"
"7840","104180148","86682165"
"7841","104180174","103336645"
"7842","104180175","103336544"
"7843","104180176","96096871"
"7844","104180177","92252707"
"7845","104180178","92445016"
"7846","104180179","103491710"
"7847","104180180","104179579"
"7848","104180181","99973340"
"7849","104180182","88675804"
"7850","104180191","96093324"
"7851","104180204","92260848"
"7852","104180211","88680383"
"7853","104180212","92254674"
"7854","104180213","97749583"
"7855","104180214","103491553"
"7856","104180215","97751630"
"7857","104180216","103345281"
"7858","104180217","96090727"
"7859","104180218","104177074"
"7860","104180219","88673145"
"7861","104180220","103080899"
"7862","104180221","92258701"
"7863","104180222","99977754"
"7864","104180223","86682965"
"7865","104180224","99972123"
"7866","104180225","103335962"
"7867","104180226","103089427"
"7868","104180227","103335942"
"7869","104180228","92256090"
"7870","104180235","96098170"
"7871","104180236","94196485"
"7872","104180237","97747086"
"7873","104180238","88671143"
"7874","104180239","103088005"
"7875","104180240","99971669"
"7876","104180241","94196986"
"7877","104180242","92258375"
"7878","104180249","94197466"
"7879","104180295","97753158"
"7880","104180296","103491625"
"7881","104180297","97745910"
"7882","104180306","104172649"
"7883","104180344","92440096"
"7884","104180345","103336643"
"7885","104180346","103336420"
"7886","104180347","103491891"
"7887","104180348","104170995"
"7888","104180349","103338884"
"7889","104180463","88670513"
"7890","104180464","88675512"
"7891","104180479","94203646"
"7892","104180529","103336403"
"7893","104180530","104170397"
"7894","104180531","94206313"
"7895","104180532","94206135"
"7896","104180533","104171032"
"7897","104184726","92446229"
"7898","104184735","104171087"
"7899","104184744","103090323"
"7900","104184753","104178568"
"7901","104184762","88675800"
"7902","86678476","103495077"
"7903","86678476","99972884"
"7904","86679186","103081333"
"7905","86679659","94196607"
"7906","86680132","103492316"
"7907","86680132","94200297"
"7908","86680233","99972404"
"7909","86680435","92250825"
"7910","86680436","103490687"
"7911","86686778","97753968"
"7912","88624768","103345039"
"7913","88625071","94203495"
"7914","88625544","92257952"
"7915","88669930","96093325"
"7916","88670640","103503932"
"7917","88670874","104171005"
"7918","88671113","104179425"
"7919","88671586","103089264"
"7920","88671586","103491241"
"7921","88671687","103340971"
"7922","88671889","92251417"
"7923","88671890","94195726"
"7924","88678232","86680334"
"7925","88678232","94197467"
"7926","92250226","96098027"
"7927","92250936","103343652"
"7928","92251170","92257813"
"7929","92251409","92254725"
"7930","92251882","103495582"
"7931","92251882","97747458"
"7932","92251983","96097971"
"7933","92252185","94196411"
"7934","92252186","104180353"
"7935","92258528","104171494"
"7936","92258528","104173781"
"7937","92445311","99977848"
"7938","92445312","92252185"
"7939","92445514","103090406"
"7940","92445615","103082002"
"7941","92445615","103491748"
"7942","92446088","94196481"
"7943","92446561","86680234"
"7944","94195659","92261005"
"7945","94196369","94196401"
"7946","94196602","103491733"
"7947","94196841","92260552"
"7948","94197314","103081945"
"7949","94197314","96093434"
"7950","94197415","96088909"
"7951","94197617","97747087"
"7952","94197618","94197515"
"7953","94203960","97748352"
"7954","94203960","99972011"
"7955","96095431","104171311"
"7956","96095431","103080754"
"7957","96097710","103081088"
"7958","96097710","88674973"
"7959","96097761","97751627"
"7960","96097762","104171505"
"7961","97747304","94197619"
"7962","97747305","103491118"
"7963","97747356","86681876"
"7964","97747356","86682238"
"7965","97749634","94205693"
"7966","97749634","99979368"
"7967","99972494","96096856"
"7968","99972495","96097774"
"7969","99972546","88669941"
"7970","99972546","104172231"
"7971","99974824","86680979"
"7972","99974824","103336449"
"7973","103080248","78890098"
"7974","103080248","96088575"
"7975","103081726","103336457"
"7976","103083871","103083814"
"7977","103083901","103504235"
"7978","103083904","97755035"
"7979","103083975","103492989"
"7980","103083975","96097826"
"7981","103083975","97745982"
"7982","103084002","99972862"
"7983","103084002","104175869"
"7984","103085899","92251642"
"7985","103086176","96097869"
"7986","103088023","103088807"
"7987","103088023","92251439"
"7988","103088807","103080799"
"7989","103088807","88671367"
"7990","103088902","103083918"
"7991","103089066","97747033"
"7992","103089067","86679995"
"7993","103089067","86680626"
"7994","103089257","97752652"
"7995","103089257","96096900"
"7996","103089297","99980359"
"7997","103089375","92254720"
"7998","103089377","96096919"
"7999","103335318","96097756"
"8000","103335318","88672292"
"8001","103336796","97755393"
"8002","103338941","96095428"
"8003","103338971","97746985"
"8004","103338974","97752566"
"8005","103339045","99972086"
"8006","103339045","96092244"
"8007","103339045","88678361"
"8008","103339045","96097864"
"8009","103339072","97755390"
"8010","103339072","86682990"
"8011","103339072","103341070"
"8012","103340969","103080971"
"8013","103341246","86679571"
"8014","103343093","103493089"
"8015","103343093","92250132"
"8016","103343877","88625544"
"8017","103343877","104169995"
"8018","103343972","88670609"
"8019","103344136","97749012"
"8020","103344137","103088807"
"8021","103344137","86684340"
"8022","103344327","104170293"
"8023","103344327","103337699"
"8024","103344367","103083908"
"8025","103344445","103339123"
"8026","103344447","96095978"
"8027","103490617","94196601"
"8028","103490617","104170301"
"8029","103492095","103341082"
"8030","103494246","104174735"
"8031","103495408","97753819"
"8032","103495408","104178775"
"8033","103495821","104179498"
"8034","103495821","103337022"
"8035","103496088","96098255"
"8036","103496088","103084883"
"8037","103500920","103495880"
"8038","103500922","104181048"
"8039","103500988","103083907"
"8040","103501024","86681792"
"8041","103501024","103338975"
"8042","103501025","103343701"
"8043","103501154","97747814"
"8044","103502410","103081700"
"8045","103504047","103504199"
"8046","103504047","88677153"
"8047","103504074","104185353"
"8048","103504074","88678363"
"8049","103504074","99971873"
"8050","103504145","92256921"
"8051","103504148","86689136"
"8052","103504178","92443412"
"8053","104170392","99979294"
"8054","104170392","103336644"
"8055","104171870","103082103"
"8056","104174015","88624274"
"8057","104174045","94198141"
"8058","104174048","103491990"
"8059","104174119","103337075"
"8060","104174119","103088571"
"8061","104174119","103337487"
"8062","104174119","103081574"
"8063","104174146","103344366"
"8064","104174146","96088617"
"8065","104174146","86682985"
"8066","104176043","88675801"
"8067","104176320","92251269"
"8068","104178167","94195669"
"8069","104178167","104177686"
"8070","104178951","88671615"
"8071","104178951","103504145"
"8072","104179046","94198134"
"8073","104179046","104171841"
"8074","104179210","88671729"
"8075","104179211","92257628"
"8076","104179211","103343511"
"8077","104179401","88680844"
"8078","104179401","99978283"
"8079","104179441","104178245"
"8080","104179519","94198111"
"8081","104179521","94201349"
"8082","86680058","103337537"
"8083","86682237","104180364"
"8084","86682308","103089354"
"8085","86682308","86680160"
"8086","86682308","97747197"
"8087","86682335","103081656"
"8088","86682335","97746684"
"8089","86684233","86680333"
"8090","86684510","103081327"
"8091","86688936","86684596"
"8092","86689390","103337695"
"8093","88620693","103491883"
"8094","88669992","97749507"
"8095","88669992","103338406"
"8096","88671512","103080779"
"8097","88673688","97749654"
"8098","88673691","97747698"
"8099","88673762","103501600"
"8100","88673762","94196873"
"8101","88673762","86684199"
"8102","88673789","103085899"
"8103","88673789","103495090"
"8104","88675687","92260402"
"8105","88675964","94196334"
"8106","88677814","103490210"
"8107","88677814","94204089"
"8108","88680390","96097385"
"8109","88680485","96098435"
"8110","88680649","86689004"
"8111","88680650","103492332"
"8112","88680650","86680622"
"8113","88680844","97755392"
"8114","88680884","103081674"
"8115","88680962","96096711"
"8116","92250288","88680850"
"8117","92250288","86680729"
"8118","92251808","104177692"
"8119","92253984","86681336"
"8120","92253987","103337849"
"8121","92254058","88669831"
"8122","92254058","88624149"
"8123","92254058","88673898"
"8124","92254085","103081184"
"8125","92254085","97754398"
"8126","92255983","88673241"
"8127","92256260","94202386"
"8128","92258110","94200106"
"8129","92258110","92251883"
"8130","92260342","103338931"
"8131","92260437","103491458"
"8132","92260437","96093335"
"8133","92260601","88670542"
"8134","92260602","92256084"
"8135","92260602","97749496"
"8136","92260796","103337538"
"8137","92260796","103492371"
"8138","92260836","92446662"
"8139","92260914","104170395"
"8140","92260916","104172864"
"8141","92436811","92252589"
"8142","92441237","96091495"
"8143","92443412","104171623"
"8144","92443439","86686063"
"8145","92443439","92252708"
"8146","92443439","94202834"
"8147","92445689","97747250"
"8148","94195721","104180152"
"8149","94195721","92251598"
"8150","94197240","96091242"
"8151","94199386","94196666"
"8152","94199416","103338793"
"8153","94199419","86684233"
"8154","94199490","96098153"
"8155","94199490","103343908"
"8156","94199490","103338974"
"8157","94199517","103088285"
"8158","94199517","99971936"
"8159","94201415","88676527"
"8160","94201692","103491253"
"8161","94203542","94206247"
"8162","94203542","94196280"
"8163","94205774","99978555"
"8164","94205774","92440623"
"8165","94205869","103344045"
"8166","94205869","92251461"
"8167","94206033","103082505"
"8168","94206034","97747455"
"8169","94206034","103495083"
"8170","94206228","92251552"
"8171","94206228","96097688"
"8172","94206268","88671286"
"8173","94206346","103081256"
"8174","94206348","86684349"
"8175","96088583","103491842"
"8176","96088623","103343356"
"8177","96089077","103336319"
"8178","96089077","96099183"
"8179","96092498","104171517"
"8180","96093436","92260796"
"8181","96093446","104177865"
"8182","96095623","103344238"
"8183","96096689","103335884"
"8184","96096717","88672406"
"8185","96097611","103340954"
"8186","96097640","97747244"
"8187","96097711","103500920"
"8188","96097756","103082688"
"8189","96097756","88675686"
"8190","96097756","103495251"
"8191","96097964","104172755"
"8192","96098578","97754713"
"8193","96098580","104171493"
"8194","97746490","88676038"
"8195","97746492","103081027"
"8196","97747102","103087983"
"8197","97747310","96088599"
"8198","97747310","97749634"
"8199","97747310","94200095"
"8200","97747355","103081344"
"8201","97747455","103342164"
"8202","97748348","99979726"
"8203","97748376","94201696"
"8204","97749442","92251249"
"8205","97751618","96088709"
"8206","97751628","104179568"
"8207","97754536","94205914"
"8208","97754536","88671128"
"8209","97754986","94201400"
"8210","97755026","88671413"
"8211","99971680","86679420"
"8212","99971682","88671255"
"8213","99972292","96097392"
"8214","99972500","103335848"
"8215","99972500","103342502"
"8216","99972500","97749560"
"8217","99972545","103504271"
"8218","99972645","92253915"
"8219","99972843","86680133"
"8220","99973538","103336543"
"8221","99973566","88673500"
"8222","99974632","104179312"
"8223","99974632","88680484"
"8224","99976808","97747673"
"8225","99976818","92445513"
"8226","99977756","99978902"
"8227","99977789","94197135"
"8228","99979726","104172068"
"8229","99979726","88671297"
"8230","99980176","103335322"
"8231","99980176","86684350"
"8232","99980216","103337580"
"8233","103080882","99980337"
"8234","103080882","97754483"
"8235","103080882","103081116"
"8236","103081508","88674419"
"8237","103081508","104173480"
"8238","103081899","96095485"
"8239","103088446","96088617"
"8240","103088446","67690730"
"8241","103089317","104171100"
"8242","103335952","104173857"
"8243","103335952","88671119"
"8244","103335952","103343047"
"8245","103336578","103081943"
"8246","103336578","103089171"
"8247","103336969","86679841"
"8248","103343516","86680953"
"8249","103343516","104171718"
"8250","103344387","88671360"
"8251","103491251","94202607"
"8252","103491251","97747682"
"8253","103491877","104179151"
"8254","103491877","103083926"
"8255","103492268","92252033"
"8256","103495587","103341210"
"8257","103495587","104171452"
"8258","103500972","96095887"
"8259","104171026","103336091"
"8260","104171026","92252679"
"8261","104171026","96097988"
"8262","104171652","94197611"
"8263","104171652","97754630"
"8264","104172043","103336427"
"8265","104178590","97746047"
"8266","104178590","103337482"
"8267","104179461","94196825"
"8268","86679213","103088573"
"8269","86679213","97746047"
"8270","86679840","96097822"
"8271","86679840","104171231"
"8272","86680231","103089016"
"8273","86686783","103341905"
"8274","86689450","92250835"
"8275","88625990","103493056"
"8276","88670667","103495481"
"8277","88670667","88680962"
"8278","88670667","88680892"
"8279","88671294","103491705"
"8280","88671294","86679145"
"8281","88671685","103081017"
"8282","88678237","99972215"
"8283","88678237","103082651"
"8284","88680904","103343638"
"8285","92250963","103336429"
"8286","92250963","104171472"
"8287","92250963","103081583"
"8288","92251590","103336378"
"8289","92251590","92447209"
"8290","92251981","92261142"
"8291","92258533","92250834"
"8292","92258533","94205890"
"8293","92260856","94203544"
"8294","92445516","104176043"
"8295","94196396","103336220"
"8296","94196396","104178234"
"8297","94196396","103338848"
"8298","94197022","103081340"
"8299","94197022","97749631"
"8300","94197413","104172099"
"8301","94203965","92441273"
"8302","94203965","104170960"
"8303","94206288","103081574"
"8304","96088563","99972954"
"8305","96088817","96097963"
"8306","96088817","103501024"
"8307","96088982","103336350"
"8308","96088982","103338941"
"8309","96095225","103081312"
"8310","96095225","103336457"
"8311","96097714","104171621"
"8312","97747352","104171971"
"8313","97749840","96097639"
"8314","97749840","103491190"
"8315","97754631","103082003"
"8316","97754796","86684837"
"8317","97754796","86689201"
"8318","97755046","103491261"
"8319","99972542","88676039"
"8320","99972842","94199524"
"8321","99975030","97753365"
"8322","99975030","104177461"
"8323","99979821","99973434"
"8324","99979986","103337633"
"8325","99979986","96088937"
"8326","99980236","103492784"
"8327","103081326","103344077"
"8328","103081326","104179442"
"8329","103083638","94201532"
"8330","103336396","96095505"
"8331","103336396","86679067"
"8332","103338708","92447615"
"8333","103491695","104171503"
"8334","103504411","88672388"
"8335","104171470","88671058"
"8336","104171470","88678364"
"8337","104171470","104176990"
"8338","104171470","103491725"
"8339","104173782","103491450"
"8340","86679658","103081348"
"8341","88625545","104179299"
"8342","88671112","94197911"
"8343","92251408","103083883"
"8344","92446089","92258657"
"8345","94196840","86681782"
"8346","96092839","103093539"
"8347","96097433","103336653"
"8348","96098586","86683966"
"8349","97746484","99973539"
"8350","97747633","96097763"
"8351","97752225","97753450"
"8352","99971674","86685263"
"8353","99972823","104171793"
"8354","99977415","88672433"
"8355","103081303","88675799"
"8356","103081303","94196847"
"8357","103081303","94196762"
"8358","103081725","99972419"
"8359","103083380","103337425"
"8360","103083900","103491323"
"8361","103083900","92251321"
"8362","103088089","96092833"
"8363","103088448","92252644"
"8364","103088801","92251582"
"8365","103336373","104172635"
"8366","103336373","96093324"
"8367","103336373","86685723"
"8368","103336795","104179466"
"8369","103338450","88672406"
"8370","103338970","103491132"
"8371","103338970","103081118"
"8372","103343159","92251593"
"8373","103343518","97754596"
"8374","103343871","103501236"
"8375","103491672","103336540"
"8376","103491672","86679644"
"8377","103492094","97754986"
"8378","103495589","97745574"
"8379","103495815","92446671"
"8380","103501511","97746550"
"8381","103504149","94201148"
"8382","103504149","103503938"
"8383","104171447","97747356"
"8384","104171447","88671089"
"8385","104171447","103502409"
"8386","104171447","92253686"
"8387","104171869","103087548"
"8388","104173524","103344188"
"8389","104174044","104174174"
"8390","104174044","104172649"
"8391","104178233","94197995"
"8392","104178592","86681802"
"8393","104178945","99972387"
"8394","104179049","94196858"
"8395","86679635","104180834"
"8396","86680057","104178127"
"8397","86682233","103344031"
"8398","86682233","104174147"
"8399","86686785","92256090"
"8400","86688930","103080884"
"8401","88671089","103491724"
"8402","88671511","104176883"
"8403","88673687","99972434"
"8404","88673687","104171629"
"8405","88678239","99972418"
"8406","88680384","103335840"
"8407","92251385","88675683"
"8408","92251807","103496696"
"8409","92253983","103341250"
"8410","92253983","94197929"
"8411","92258535","94196848"
"8412","92260336","103081264"
"8413","92438962","88671687"
"8414","92443514","103491732"
"8415","92443514","103087983"
"8416","92445690","96096134"
"8417","92446112","94206089"
"8418","94196817","92258536"
"8419","94196817","103501105"
"8420","94197239","103337761"
"8421","94199415","86689418"
"8422","94199415","99974655"
"8423","94203608","88675684"
"8424","94203967","86684342"
"8425","94205768","92445019"
"8426","96091356","92250360"
"8427","96095465","88672509"
"8428","96096031","94196753"
"8429","96097434","92438838"
"8430","96097683","104171618"
"8431","96097686","92446080"
"8432","96097687","103080758"
"8433","96097715","92444109"
"8434","96098584","92441524"
"8435","96099192","94195726"
"8436","97745915","103336399"
"8437","97746486","99975036"
"8438","97747351","97753829"
"8439","97747379","99971867"
"8440","97747380","103341249"
"8441","97747383","104171510"
"8442","97747632","103087090"
"8443","97749034","103345979"
"8444","97749600","88670754"
"8445","97753705","103500922"
"8446","99971105","103491713"
"8447","99971676","104171945"
"8448","99971686","97752599"
"8449","99972541","94201529"
"8450","99972569","92256085"
"8451","99972570","99972086"
"8452","99972573","103081966"
"8453","99972822","88671787"
"8454","99974224","92436811"
"8455","99974790","103345470"
"8456","99978895","94196369"
"8457","103081072","96098224"
"8458","103081325","88671695"
"8459","103081325","103504313"
"8460","103081332","94198020"
"8461","103081332","92444694"
"8462","103081332","88680458"
"8463","103081332","97755185"
"8464","103081332","103087974"
"8465","103081826","103336871"
"8466","103082107","99970762"
"8467","103082108","96098507"
"8468","103083802","103491625"
"8469","103084113","104171099"
"8470","103089290","103336012"
"8471","103336142","103491748"
"8472","103336395","96098033"
"8473","103336395","104171016"
"8474","103336402","96095480"
"8475","103336402","88673606"
"8476","103336402","94202311"
"8477","103336402","103491736"
"8478","103336402","97754341"
"8479","103336896","104172831"
"8480","103337177","97747688"
"8481","103337178","103345240"
"8482","103338872","94196615"
"8483","103339183","103080248"
"8484","103344360","103342509"
"8485","103491441","104173381"
"8486","103491694","86684334"
"8487","103491701","104171004"
"8488","103491701","103343141"
"8489","103491701","92251704"
"8490","103491701","104180485"
"8491","103491701","104179161"
"8492","103492195","92251811"
"8493","103492476","96095641"
"8494","103492477","92258066"
"8495","103496104","96092017"
"8496","103503936","92444887"
"8497","103504247","86679843"
"8498","104171216","97747009"
"8499","104171469","103337174"
"8500","104171469","103342612"
"8501","104171469","88675681"
"8502","104171469","103079841"
"8503","104171476","97747810"
"8504","104171476","92260261"
"8505","104171476","96099528"
"8506","104171476","104174735"
"8507","104171476","96096775"
"8508","104171970","94199317"
"8509","104172251","99979502"
"8510","104172252","99977871"
"8511","104173929","96095484"
"8512","104173929","103338995"
"8513","104173946","92251703"
"8514","104174257","92250894"
"8515","104179434","104171080"
"8516","59212046","96096610"
"8517","59660227","103335219"
"8518","61579303","103337691"
"8519","61687529","92251408"
"8520","61775421","103080937"
"8521","62955781","104178233"
"8522","64910562","104171028"
"8523","64978030","80127080"
"8524","65797883","88619507"
"8525","65983457","99973315"
"8526","67690830","103080851"
"8527","69500591","86680437"
"8528","71483262","96096900"
"8529","78890029","92253916"
"8530","80127851","94198135"
"8531","86679404","103089782"
"8532","86679657","88671112"
"8533","86679664","103336163"
"8534","86679664","104184405"
"8535","86679664","104181095"
"8536","86679664","96095465"
"8537","86679664","104172773"
"8538","86680158","104171718"
"8539","86680439","86679405"
"8540","86680440","103504124"
"8541","86682446","97753712"
"8542","88624763","103491695"
"8543","88624764","103343877"
"8544","88625045","99972892"
"8545","88625546","96091307"
"8546","88670858","103336427"
"8547","88671111","104171383"
"8548","88671118","103081334"
"8549","88671118","103080091"
"8550","88671118","92251170"
"8551","88671118","88670953"
"8552","88671118","86682996"
"8553","88671612","103344333"
"8554","88671893","96091093"
"8555","88671894","94202445"
"8556","88673900","103080860"
"8557","88680877","104178896"
"8558","92251154","103086739"
"8559","92251407","94205727"
"8560","92251414","104171513"
"8561","92251414","86686961"
"8562","92251414","103492474"
"8563","92251414","78893088"
"8564","92251414","103086247"
"8565","92251908","103087432"
"8566","92252189","94202833"
"8567","92252190","92251020"
"8568","92253885","94197213"
"8569","92254196","99980700"
"8570","92260829","103336402"
"8571","92445307","103080967"
"8572","92445308","103336653"
"8573","92445589","103501482"
"8574","92446083","92260893"
"8575","92446083","104176323"
"8576","92446083","88671150"
"8577","92446083","103086276"
"8578","92446083","97747632"
"8579","92446090","94196379"
"8580","94196586","94195715"
"8581","94196839","94201414"
"8582","94196846","88671025"
"8583","94196846","88672000"
"8584","94196846","92251266"
"8585","94196846","103492069"
"8586","94196846","104170950"
"8587","94197340","92444693"
"8588","94197621","86682155"
"8589","94197622","88672566"
"8590","94199317","103080196"
"8591","94199628","94197622"
"8592","94206261","94203409"
"8593","96090718","103080839"
"8594","96092407","88670972"
"8595","96092407","94199441"
"8596","96097716","88678394"
"8597","96098233","103335350"
"8598","97746833","99972268"
"8599","97747350","99972499"
"8600","97752657","103080822"
"8601","97752657","92255968"
"8602","97754341","96090759"
"8603","99972023","103494674"
"8604","99972540","92260407"
"8605","99977847","92251882"
"8606","99977847","88671141"
"8607","99979531","92256098"
"8608","103080086","104176045"
"8609","103080742","97748928"
"8610","103080752","97754736"
"8611","103080752","103501069"
"8612","103080752","96098580"
"8613","103081194","103081621"
"8614","103081194","97753174"
"8615","103081194","99971741"
"8616","103081194","103341907"
"8617","103081302","97755020"
"8618","103081302","103492991"
"8619","103081302","103491681"
"8620","103081579","104180355"
"8621","103081653","103087032"
"8622","103082286","103083733"
"8623","103082649","103336971"
"8624","103086928","103336396"
"8625","103086928","97747403"
"8626","103088442","97753161"
"8627","103088442","103501083"
"8628","103088871","99972269"
"8629","103088871","61581805"
"8630","103088871","88671113"
"8631","103088957","88674439"
"8632","103089024","86689351"
"8633","103089025","104170918"
"8634","103335156","103491931"
"8635","103335812","103079748"
"8636","103335822","104171786"
"8637","103335822","103086502"
"8638","103335822","92253686"
"8639","103336264","97746486"
"8640","103336264","96097978"
"8641","103336264","104172624"
"8642","103336264","103491445"
"8643","103336372","103492965"
"8644","103336372","94197618"
"8645","103336372","99978367"
"8646","103336649","103088920"
"8647","103336723","99972842"
"8648","103337356","96091870"
"8649","103337719","103491672"
"8650","103341998","96097985"
"8651","103341998","96088616"
"8652","103343512","103342387"
"8653","103343512","103502410"
"8654","103343941","104178714"
"8655","103343941","104171841"
"8656","103343941","103491248"
"8657","103344027","103089294"
"8658","103344094","96093339"
"8659","103344095","88680334"
"8660","103490455","99978924"
"8661","103491111","99974121"
"8662","103491121","103491677"
"8663","103491121","92253626"
"8664","103491121","104178126"
"8665","103491563","103336897"
"8666","103491563","103344375"
"8667","103491563","92440485"
"8668","103491563","86679660"
"8669","103491671","88680637"
"8670","103491671","103085573"
"8671","103491948","88680755"
"8672","103492022","103081325"
"8673","103493018","92446075"
"8674","103494745","104171044"
"8675","103494745","88675928"
"8676","103495583","99979531"
"8677","103495583","103084116"
"8678","103501065","104179169"
"8679","103501066","104172115"
"8680","103501184","104171035"
"8681","103501184","103089168"
"8682","104170230","103342001"
"8683","104170886","94197095"
"8684","104170896","92254196"
"8685","104170896","104173480"
"8686","104170896","96089133"
"8687","104171338","99979061"
"8688","104171338","103338613"
"8689","104171338","86679268"
"8690","104171338","103080830"
"8691","104171446","103492879"
"8692","104171446","99975052"
"8693","104171446","88671152"
"8694","104171446","88680521"
"8695","104171723","94201411"
"8696","104171797","92443592"
"8697","104172430","99978496"
"8698","104172793","104171487"
"8699","104176937","103336540"
"8700","104177072","92250809"
"8701","104177072","103082437"
"8702","104178586","104178772"
"8703","104178586","88677512"
"8704","104179015","94201528"
"8705","104179015","96097819"
"8706","104179015","103344424"
"8707","104179101","103337719"
"8708","104179168","96096609"
"8709","104179169","94201349"
"8710","86678376","103081588"
"8711","86679079","97749731"
"8712","86679079","94206261"
"8713","86679079","88675423"
"8714","86679526","103083713"
"8715","86679526","103080800"
"8716","86679526","103344234"
"8717","86679526","86678126"
"8718","86679634","103336142"
"8719","86680982","88671129"
"8720","86685262","94195792"
"8721","86686779","103082632"
"8722","86689000","86686782"
"8723","86689000","96093470"
"8724","86689153","103496138"
"8725","86689154","103346870"
"8726","88625569","96098133"
"8727","88625677","86684235"
"8728","88626124","94197138"
"8729","88626124","103337757"
"8730","88669830","103491457"
"8731","88670523","103502416"
"8732","88670533","88673572"
"8733","88670533","103089144"
"8734","88670533","99973512"
"8735","88670980","103090209"
"8736","88670980","94204098"
"8737","88670980","103336419"
"8738","88670980","104172560"
"8739","88671088","99973341"
"8740","88671365","103491441"
"8741","88671439","103491452"
"8742","88672436","99979673"
"8743","88676716","99972389"
"8744","88678233","99979973"
"8745","88678233","92443540"
"8746","88680454","104171472"
"8747","88680454","94197093"
"8748","88680607","103336143"
"8749","88680608","103086793"
"8750","92250126","92255973"
"8751","92250819","88671894"
"8752","92250829","104179408"
"8753","92250829","92251641"
"8754","92250829","97747690"
"8755","92251276","86680057"
"8756","92251276","103336406"
"8757","92251276","103089438"
"8758","92251276","92446079"
"8759","92251384","99973698"
"8760","92251661","88670521"
"8761","92251735","94198030"
"8762","92252732","97749465"
"8763","92257012","99972575"
"8764","92257012","103083918"
"8765","92258529","103336585"
"8766","92258529","103494035"
"8767","92260406","94198142"
"8768","92260559","103343044"
"8769","92260560","103491704"
"8770","92436593","103336405"
"8771","92436594","94195715"
"8772","92444765","94197025"
"8773","92446113","104170236"
"8774","92446221","94196277"
"8775","92446221","97746489"
"8776","92446668","88680883"
"8777","92446668","103494745"
"8778","92446668","88675686"
"8779","92447371","103491713"
"8780","94195559","92253819"
"8781","94196252","88671119"
"8782","94196262","104177590"
"8783","94196262","104171732"
"8784","94196262","94198020"
"8785","94196708","99979756"
"8786","94196708","103342502"
"8787","94196708","103337861"
"8788","94196708","104171452"
"8789","94196816","104171447"
"8790","94196816","92257179"
"8791","94197093","96097711"
"8792","94197167","96092839"
"8793","94198164","103083306"
"8794","94202444","103336413"
"8795","94202444","96096920"
"8796","94203961","97747672"
"8797","94203961","86678471"
"8798","94205838","103340003"
"8799","94205838","104176512"
"8800","94205991","103336372"
"8801","94205992","88671366"
"8802","96091358","103087448"
"8803","96091358","104180486"
"8804","96091358","99976820"
"8805","96091358","94196810"
"8806","96091358","104171766"
"8807","96095327","94196681"
"8808","96095327","97749630"
"8809","96095334","92252684"
"8810","96095334","99971676"
"8811","96095435","92251418"
"8812","96095435","92250907"
"8813","96098587","99979342"
"8814","96098587","103081624"
"8815","96098587","88671142"
"8816","96099285","103337485"
"8817","96099285","104171478"
"8818","97745822","104171513"
"8819","97746483","88675804"
"8820","97746483","94195565"
"8821","97746483","88626118"
"8822","97749630","103338884"
"8823","97749630","65986502"
"8824","97749731","99972843"
"8825","97749731","103079853"
"8826","97749738","103082108"
"8827","97749738","103336794"
"8828","97753703","103337074"
"8829","97753703","88678457"
"8830","97753703","88669831"
"8831","97753703","103085572"
"8832","97753703","96097384"
"8833","99971012","103081073"
"8834","99971012","88671285"
"8835","99971673","104180356"
"8836","99971673","103337716"
"8837","99971673","104173976"
"8838","99971688","86680132"
"8839","99973525","104172357"
"8840","99974820","103081343"
"8841","99974820","97747079"
"8842","99974921","103341865"
"8843","99974921","92250902"
"8844","99974928","96098057"
"8845","99974928","96098153"
"8846","99978893","92250978"
"8847","99978893","96097828"
"8848","99978893","104174049"
"8849","99978893","94196268"
"8850","99978893","103080837"
"8851","103089022","104171121"
"8852","103344092","99977754"
"8853","103501068","88678232"
"8854","104179166","86682111"
"8855","88680605","99971682"
"8856","92260557","104178904"
"8857","94205989","103081468"
"8858","96089076","104177935"
"8859","96092408","103337034"
"8860","96092408","96090752"
"8861","96095432","92251445"
"8862","96098231","104176033"
"8863","97746835","97755155"
"8864","97749633","88678407"
"8865","97752656","104174044"
"8866","97752656","96091785"
"8867","97754537","103338892"
"8868","99972025","103336411"
"8869","99974823","88680546"
"8870","99977846","104172740"
"8871","99977846","99977805"
"8872","99979727","88671135"
"8873","103081920","94198237"
"8874","103086927","96090665"
"8875","103086927","103491748"
"8876","103336990","92446052"
"8877","103341997","103336395"
"8878","103341997","88669830"
"8879","103492289","94196866"
"8880","103494744","94198042"
"8881","103494744","103087094"
"8882","104172064","104179444"
"8883","104177071","104171234"
"8884","104177071","104171496"
"8885","86685261","96098144"
"8886","88618277","103080730"
"8887","88671706","104172611"
"8888","88676715","92446060"
"8889","88676715","88624250"
"8890","92252002","92446555"
"8891","92257011","103340935"
"8892","92257011","92252190"
"8893","92440486","104171234"
"8894","94197434","96096717"
"8895","94202443","103081959"
"8896","94202443","92446212"
"8897","96090882","104170950"
"8898","96097417","103086927"
"8899","97747649","104172755"
"8900","97748234","103504149"
"8901","97754179","103082035"
"8902","99971689","78894996"
"8903","99972839","86678382"
"8904","99973424","96096716"
"8905","99979369","104178898"
"8906","103080746","92260557"
"8907","103081301","97754900"
"8908","103081301","92252771"
"8909","103081301","103502420"
"8910","103081320","97747033"
"8911","103081320","65797884"
"8912","103081320","103343941"
"8913","103086500","94197212"
"8914","103088259","104174120"
"8915","103335816","92250359"
"8916","103336371","96098049"
"8917","103336371","103336264"
"8918","103336371","92251439"
"8919","103336390","103080899"
"8920","103336390","103491224"
"8921","103336390","103339203"
"8922","103341570","104173527"
"8923","103343329","99974302"
"8924","103491115","97754394"
"8925","103491670","78896468"
"8926","103491670","97748357"
"8927","103491689","96098505"
"8928","103494488","97747732"
"8929","103495456","88671050"
"8930","104170890","92251656"
"8931","104171445","94200127"
"8932","104171445","103080250"
"8933","104171445","94197340"
"8934","104171445","94195725"
"8935","104171464","96094722"
"8936","104171464","103491467"
"8937","104171464","103082093"
"8938","104171464","103337579"
"8939","104176644","86685878"
"8940","104178403","103336430"
"8941","78896468","88680540"
"8942","80121412","59660227"
"8943","86679073","96092408"
"8944","86679633","88673093"
"8945","86679652","99972029"
"8946","86684834","103335265"
"8947","86686596","88673789"
"8948","88618607","103337173"
"8949","88624251","96097865"
"8950","88625551","97754736"
"8951","88625570","103083900"
"8952","88670527","86689030"
"8953","88671087","97747247"
"8954","88671106","92251268"
"8955","88676288","104176044"
"8956","88678050","88671106"
"8957","92250823","103495163"
"8958","92251383","97747070"
"8959","92251402","88671530"
"8960","92256584","103082414"
"8961","92258346","104170394"
"8962","92439151","86681787"
"8963","92446095","94199228"
"8964","92446114","94202016"
"8965","92446674","103349267"
"8966","94196256","88675796"
"8967","94196815","86682970"
"8968","94196815","88672508"
"8969","94196834","92257175"
"8970","94202016","97749006"
"8971","94203778","94197156"
"8972","96088413","99978641"
"8973","96088859","96097986"
"8974","96093094","103335330"
"8975","96095436","96098025"
"8976","96095436","103080182"
"8977","96097989","96097996"
"8978","96097989","103336724"
"8979","96097989","103503916"
"8980","96097989","99973003"
"8981","96097989","104171392"
"8982","97747077","80129445"
"8983","97747077","99971654"
"8984","97747077","92251736"
"8985","97747077","99977756"
"8986","97747077","94203493"
"8987","97749629","103491305"
"8988","97749629","94198306"
"8989","97751970","103336649"
"8990","97754754","103336397"
"8991","99971797","59660229"
"8992","99971797","103338793"
"8993","99972267","96097864"
"8994","99972267","86679634"
"8995","99972267","94196846"
"8996","99972267","103492782"
"8997","99972267","92255983"
"8998","99974819","103495409"
"8999","99974819","97747317"
"9000","99977160","103340968"
"9001","99979944","103083906"
"9002","103081798","103344124"
"9003","103082587","86681054"
"9004","103082587","64910563"
"9005","103082587","86680957"
"9006","103082587","103491306"
"9007","103082587","103080260"
"9008","103086926","94195715"
"9009","103086926","96097865"
"9010","103088962","86680982"
"9011","103336868","88675688"
"9012","103337657","96088859"
"9013","103337657","99975030"
"9014","103337657","103343197"
"9015","103337657","99973543"
"9016","103337657","97747080"
"9017","103341996","88671688"
"9018","103341996","103081725"
"9019","103344032","92253466"
"9020","103492167","99973539"
"9021","103492956","88671126"
"9022","103492956","104171232"
"9023","103492956","86689151"
"9024","103492956","99980356"
"9025","103492956","94206313"
"9026","103494743","99971882"
"9027","103494743","94195317"
"9028","103501117","103081358"
"9029","104171942","99972872"
"9030","104172731","103087995"
"9031","104172731","94196870"
"9032","104172731","103336020"
"9033","104172731","103336544"
"9034","104172731","103336994"
"9035","104177070","86682165"
"9036","104177070","103344050"
"9037","104179106","103504047"
"9038","86680130","103491521"
"9039","86685260","99974277"
"9040","88619943","88680941"
"9041","88622757","99974255"
"9042","88625073","92255949"
"9043","88676714","104172866"
"9044","88676714","92251705"
"9045","92257010","97747309"
"9046","92257010","94197462"
"9047","92440487","97747073"
"9048","94197312","78890032"
"9049","94198102","103337163"
"9050","94198102","88670681"
"9051","94202442","59668287"
"9052","94202442","92260914"
"9053","94205929","94196273"
"9054","96095223","103492403"
"9055","96097539","94202442"
"9056","96097717","103087721"
"9057","96099293","92257106"
"9058","97745814","99972393"
"9059","97747349","104170902"
"9060","97747527","92255808"
"9061","97749842","88680540"
"9062","99971004","103082895"
"9063","99971666","103081178"
"9064","99972115","94196864"
"9065","99972539","103080887"
"9066","99972717","88625684"
"9067","99975032","96093093"
"9068","103080085","88625508"
"9069","103080306","104178756"
"9070","103080307","103495021"
"9071","103080867","103083237"
"9072","103081172","104170907"
"9073","103081300","103083882"
"9074","103081300","103492874"
"9075","103081300","92253909"
"9076","103081319","86686311"
"9077","103081319","103088875"
"9078","103081319","94198821"
"9079","103081495","92436656"
"9080","103081513","86679640"
"9081","103081513","103090342"
"9082","103081513","92252026"
"9083","103081648","103495794"
"9084","103081648","97748234"
"9085","103082516","99979899"
"9086","103082516","99972440"
"9087","103082516","94205922"
"9088","103083712","103493264"
"9089","103083712","88673689"
"9090","103083712","103090210"
"9091","103083712","94201695"
"9092","103083903","103335836"
"9093","103083903","88671798"
"9094","103083982","103496104"
"9095","103088808","92250948"
"9096","103089034","92261051"
"9097","103089405","104172827"
"9098","103335155","103089759"
"9099","103335376","92447372"
"9100","103335377","96097987"
"9101","103335937","94196753"
"9102","103336242","104171400"
"9103","103336370","103344032"
"9104","103336370","96098239"
"9105","103336370","99974824"
"9106","103336389","97753708"
"9107","103336389","104171044"
"9108","103336389","103338673"
"9109","103336565","103492930"
"9110","103336583","86679703"
"9111","103336583","88673658"
"9112","103336583","99972389"
"9113","103336718","94196375"
"9114","103336718","103088259"
"9115","103337586","88670752"
"9116","103337586","104173922"
"9117","103337586","92252599"
"9118","103338782","88676717"
"9119","103338782","103342120"
"9120","103338782","103501065"
"9121","103338782","99972392"
"9122","103338973","103335320"
"9123","103338973","103335265"
"9124","103339052","96097865"
"9125","103339052","99972870"
"9126","103342120","88680590"
"9127","103343878","92251338"
"9128","103344104","88680648"
"9129","103344365","97747652"
"9130","103344475","96097973"
"9131","103490454","103081468"
"9132","103490675","86689153"
"9133","103490676","104171330"
"9134","103491236","104174080"
"9135","103491669","103491841"
"9136","103491669","103492473"
"9137","103491688","92257977"
"9138","103491864","92252496"
"9139","103491882","88624354"
"9140","103491882","103344333"
"9141","103491882","104170896"
"9142","103492017","104173911"
"9143","103492017","88676714"
"9144","103492885","88677815"
"9145","103492885","92251234"
"9146","103492885","97747237"
"9147","103495822","88680742"
"9148","103495914","92252978"
"9149","103496127","103494744"
"9150","103504067","99971756"
"9151","103504146","88671299"
"9152","103504146","88622759"
"9153","103504337","103082601"
"9154","104170229","103491928"
"9155","104170450","103494375"
"9156","104170451","94201409"
"9157","104171011","103335892"
"9158","104171316","86684474"
"9159","104171444","104171770"
"9160","104171444","103082624"
"9161","104171444","97747088"
"9162","104171444","96088296"
"9163","104171463","99971676"
"9164","104171463","86679687"
"9165","104171463","103336543"
"9166","104171463","97747304"
"9167","104171639","103336589"
"9168","104171657","103089025"
"9169","104171657","92258104"
"9170","104171657","88671074"
"9171","104171792","103492381"
"9172","104171792","88673251"
"9173","104172660","103494704"
"9174","104172660","86685652"
"9175","104172660","97746550"
"9176","104173856","88618294"
"9177","104173856","103081101"
"9178","104173856","88618536"
"9179","104173856","103496132"
"9180","104174047","97754297"
"9181","104174047","103492885"
"9182","104174126","103081648"
"9183","104174126","86682135"
"9184","104175026","92258061"
"9185","104177194","94197125"
"9186","104178952","103336422"
"9187","104179099","103501083"
"9188","104179178","97749846"
"9189","104179439","88680487"
"9190","104179549","104171658"
"9191","104179554","92253033"
"9192","86678375","94196612"
"9193","86678596","103492478"
"9194","86678597","72765471"
"9195","86679198","88626005"
"9196","86679632","96093322"
"9197","86679651","103338708"
"9198","86679827","94197483"
"9199","86679845","88671515"
"9200","86679980","86685264"
"9201","86680849","104171944"
"9202","86680849","104179464"
"9203","86680849","86686455"
"9204","86682236","103089065"
"9205","86682236","96088306"
"9206","86685385","103081359"
"9207","86688937","99972822"
"9208","86689163","104171031"
"9209","88616040","103336242"
"9210","88618769","97754152"
"9211","88619167","94203968"
"9212","88624354","96097252"
"9213","88624354","103082417"
"9214","88624354","96094673"
"9215","88624778","99980219"
"9216","88625223","103336237"
"9217","88625536","103337586"
"9218","88625552","88669936"
"9219","88625571","103491992"
"9220","88625699","103490619"
"9221","88626005","103337580"
"9222","88669829","88680874"
"9223","88670050","92258110"
"9224","88670051","96097539"
"9225","88670652","99979506"
"9226","88671086","103491547"
"9227","88671105","92439129"
"9228","88671281","104180363"
"9229","88671299","104177865"
"9230","88671299","96096685"
"9231","88671299","97745923"
"9232","88671434","103081334"
"9233","88672303","104170231"
"9234","88672303","94205854"
"9235","88672303","88677909"
"9236","88673690","99979973"
"9237","88673690","103494490"
"9238","88676839","103504178"
"9239","88680391","86682980"
"9240","88680617","103495410"
"9241","88680882","103500979"
"9242","88680986","86681124"
"9243","92250125","92253984"
"9244","92250346","88671097"
"9245","92250347","94197619"
"9246","92250948","99974632"
"9247","92251382","103338635"
"9248","92251401","103335320"
"9249","92251577","96088714"
"9250","92251595","103494743"
"9251","92251595","104171717"
"9252","92251595","94198895"
"9253","92251730","94201692"
"9254","92251730","92250359"
"9255","92252599","103090402"
"9256","92252599","88671127"
"9257","92252599","103082791"
"9258","92253986","103336646"
"9259","92253986","94197458"
"9260","92254065","86689004"
"9261","92260343","88669595"
"9262","92260569","96098227"
"9263","92436584","96097989"
"9264","92436810","94202309"
"9265","92443511","96093759"
"9266","92443511","86679643"
"9267","92444898","104179160"
"9268","92444898","99979584"
"9269","92444898","94199054"
"9270","92445767","104176037"
"9271","92445920","88618276"
"9272","92446096","88680343"
"9273","92446115","92252116"
"9274","92447372","103343329"
"9275","94195558","104169989"
"9276","94195779","94197477"
"9277","94195780","99972263"
"9278","94196381","103081092"
"9279","94196814","103340963"
"9280","94196814","103335883"
"9281","94196833","97746581"
"9282","94197009","103338976"
"9283","94197027","86681747"
"9284","94197027","96089077"
"9285","94197027","103494678"
"9286","94197162","86679186"
"9287","94197162","103504227"
"9288","94198031","104171508"
"9289","94198031","88674452"
"9290","94198031","92252117"
"9291","94199418","88625551"
"9292","94199418","92251909"
"9293","94199497","92443849"
"9294","94205775","92251591"
"9295","94206001","94198136"
"9296","94206370","104171416"
"9297","96088818","86679151"
"9298","96088860","94198236"
"9299","96089013","103090400"
"9300","96090762","103336372"
"9301","96092409","99979727"
"9302","96092409","99978924"
"9303","96093610","103492782"
"9304","96093611","103082627"
"9305","96095802","92436239"
"9306","96096873","96098225"
"9307","96096941","94195793"
"9308","96097244","97749633"
"9309","96097614","97746896"
"9310","96097829","96099287"
"9311","96097829","103492068"
"9312","96098441","103336770"
"9313","96098485","86682996"
"9314","96098605","104174051"
"9315","97746581","92251446"
"9316","97747237","94197138"
"9317","97747237","92252187"
"9318","97747452","92250840"
"9319","97747822","103088071"
"9320","97748124","88680962"
"9321","97748192","92257011"
"9322","97748192","88677767"
"9323","97749263","61775421"
"9324","97751453","103081090"
"9325","97751454","92260829"
"9326","97752655","86686785"
"9327","97752655","97746881"
"9328","97754297","103081621"
"9329","97754600","92251551"
"9330","97754753","92253885"
"9331","97754795","94195660"
"9332","99971655","88678214"
"9333","99971771","103080775"
"9334","99972427","103082596"
"9335","99972427","94199628"
"9336","99972642","104184752"
"9337","99973012","103337025"
"9338","99973314","103340702"
"9339","99973357","88672470"
"9340","99973382","96097763"
"9341","99973382","97753300"
"9342","99974453","92438962"
"9343","99976643","97751627"
"9344","99976644","92250126"
"9345","99976657","80127850"
"9346","99977845","99978640"
"9347","99977845","94196519"
"9348","99979487","86684592"
"9349","99979790","62958747"
"9350","99979790","94197621"
"9351","99979936","96095600"
"9352","99979943","88625218"
"9353","99979985","96095504"
"9354","103082536","99972435"
"9355","103337606","99971946"
"9356","103492905","104171217"
"9357","104172680","103492066"
"9358","86680869","96088817"
"9359","88624334","103338020"
"9360","88672323","104174051"
"9361","92252619","94201400"
"9362","92444878","104170326"
"9363","94198051","80126781"
"9364","103081723","103336570"
"9365","103081903","92445499"
"9366","103082586","86679417"
"9367","103082682","99979903"
"9368","103082724","103081005"
"9369","103082724","103338707"
"9370","103086240","103491464"
"9371","103086925","99972032"
"9372","103086925","103081500"
"9373","103336793","103336414"
"9374","103336973","104171768"
"9375","103337656","88618769"
"9376","103337752","103490611"
"9377","103337794","104171400"
"9378","103337794","94203493"
"9379","103341310","103337466"
"9380","103341995","103492874"
"9381","103341995","96096686"
"9382","103492092","103335907"
"9383","103492272","104177238"
"9384","103492955","99971731"
"9385","103493051","103491460"
"9386","103493093","92436324"
"9387","103493093","99971672"
"9388","103494310","88677815"
"9389","103494742","103491736"
"9390","103494742","99971856"
"9391","104171867","86680618"
"9392","104172047","99976496"
"9393","104172730","103080884"
"9394","104172826","88673564"
"9395","104172868","88671511"
"9396","104172868","103493094"
"9397","104176384","92442823"
"9398","104177069","104171408"
"9399","104177069","88669926"
"9400","86680055","99973548"
"9401","86681015","92252974"
"9402","86681057","94206128"
"9403","86685259","97754655"
"9404","88619944","92260473"
"9405","88620970","96093756"
"9406","88624188","86685884"
"9407","88671509","104178009"
"9408","88671689","103083901"
"9409","88672373","104171230"
"9410","88672469","88672509"
"9411","88672511","96098401"
"9412","88676713","97746604"
"9413","88676713","104174047"
"9414","92251805","104170899"
"9415","92251985","94199337"
"9416","92252669","103081300"
"9417","92252765","103082624"
"9418","92252807","97747353"
"9419","92257009","96091307"
"9420","92257009","104172355"
"9421","92440488","92251448"
"9422","92444690","92445308"
"9423","92444732","96092018"
"9424","92445692","104171328"
"9425","94197237","92251577"
"9426","94197417","103338892"
"9427","94198101","88677933"
"9428","94198197","99978893"
"9429","94198239","103083713"
"9430","94198239","99977951"
"9431","94201756","103082895"
"9432","94202441","103491197"
"9433","94202441","86679186"
"9434","96093095","96096608"
"9435","96093151","92260802"
"9436","96097966","104173857"
"9437","97747100","88677621"
"9438","97751913","104178120"
"9439","97751969","97753711"
"9440","99972290","88625568"
"9441","99977103","97746541"
"9442","99977159","103491340"
"9443","103080089","86686890"
"9444","103081324","99973606"
"9445","103081324","86684588"
"9446","103081324","104170943"
"9447","103081324","94199421"
"9448","103081324","86685385"
"9449","103089020","104174015"
"9450","103335159","104171479"
"9451","103336394","103491944"
"9452","103336394","94196692"
"9453","103336394","103082505"
"9454","103336394","103087865"
"9455","103336394","94196597"
"9456","103344090","97749465"
"9457","103344090","103491672"
"9458","103490458","103344095"
"9459","103491693","96091308"
"9460","103491693","103082720"
"9461","103491693","99979936"
"9462","103491693","88671889"
"9463","103491693","104172237"
"9464","103501070","103492370"
"9465","104170233","103083638"
"9466","104171468","88680605"
"9467","104171468","92252702"
"9468","104171468","94197469"
"9469","104171468","99974255"
"9470","104171468","86683911"
"9471","104171649","92257010"
"9472","104179164","103087890"
"9473","104179164","99972839"
"9474","86678379","103343046"
"9475","86679656","99972230"
"9476","86679656","94196708"
"9477","86679656","88677681"
"9478","86679656","99974972"
"9479","86679656","103491260"
"9480","86686410","88673690"
"9481","88620615","67690830"
"9482","88625547","103491688"
"9483","88625547","97747429"
"9484","88625547","86684059"
"9485","88625547","92445616"
"9486","88625547","92446556"
"9487","88669833","86681053"
"9488","88671110","86680748"
"9489","88671110","97747309"
"9490","88671110","88671612"
"9491","88671110","99979899"
"9492","88671110","103081624"
"9493","88680603","86685261"
"9494","92250129","92251321"
"9495","92251406","103089299"
"9496","92251406","103336403"
"9497","92251406","103338793"
"9498","92251406","104172251"
"9499","92251406","94203384"
"9500","92260555","97747384"
"9501","92260555","86679144"
"9502","92446091","104179408"
"9503","92446091","103335162"
"9504","92446091","104179554"
"9505","92446091","103081072"
"9506","92446091","94201529"
"9507","94195562","103503904"
"9508","94196838","103085884"
"9509","94196838","86682998"
"9510","94196838","104177096"
"9511","94196838","99972290"
"9512","94196838","103336222"
"9513","94205987","94199300"
"9514","96088478","103083908"
"9515","96090713","103087090"
"9516","96090714","88674669"
"9517","96098476","96097536"
"9518","96099286","88671144"
"9519","96099289","103336969"
"9520","97745818","103504510"
"9521","97745821","99980090"
"9522","97746590","92251908"
"9523","97754345","103338972"
"9524","97754346","96088900"
"9525","97755137","96088946"
"9526","99971008","88618425"
"9527","99971011","94195668"
"9528","99971780","103336433"
"9529","99979535","94196877"
"9530","99979536","103088441"
"9531","99980327","104171471"
"9532","103081318","92250127"
"9533","103081318","94196881"
"9534","103081318","103083380"
"9535","103084144","99972418"
"9536","103084144","104172611"
"9537","103086498","103344360"
"9538","103089019","92253796"
"9539","103336388","99972011"
"9540","103336388","88625553"
"9541","103336388","103337697"
"9542","103339214","92258061"
"9543","103339214","104179581"
"9544","103341568","92252563"
"9545","103344089","92442532"
"9546","103491687","103081352"
"9547","103494486","103496004"
"9548","103501071","86678439"
"9549","103503905","104171515"
"9550","103503905","103081301"
"9551","104171462","103334799"
"9552","104171462","92443269"
"9553","104171462","92257525"
"9554","104171462","88618250"
"9555","104174288","88672433"
"9556","104174288","92257808"
"9557","104176642","94195622"
"9558","104179163","103491696"
"9559","86679650","99971004"
"9560","86682477","103336644"
"9561","86682477","104172237"
"9562","86684832","97748416"
"9563","88616050","92436239"
"9564","88619946","97753566"
"9565","88620371","103491952"
"9566","88620971","103081588"
"9567","88622726","88670646"
"9568","88622726","104178841"
"9569","88625553","96097868"
"9570","88625563","92251437"
"9571","88671104","94196519"
"9572","88673931","104171655"
"9573","88673931","99976803"
"9574","88676286","103337175"
"9575","88680602","86680934"
"9576","92251400","99977763"
"9577","92252375","86679666"
"9578","92254227","104171432"
"9579","92254227","103491671"
"9580","92256582","103495408"
"9581","92260554","94196715"
"9582","92443270","99972228"
"9583","92443270","99972232"
"9584","92446097","96093758"
"9585","94196832","99974224"
"9586","94197807","92257135"
"9587","94199659","104173928"
"9588","94199659","88616052"
"9589","94202014","94196817"
"9590","94205986","97754746"
"9591","96090706","103345474"
"9592","96096611","103492895"
"9593","96096611","96098081"
"9594","96099229","99974928"
"9595","97747065","92446091"
"9596","97748454","88626828"
"9597","97748454","86679695"
"9598","97754353","94202443"
"9599","99973644","92251268"
"9600","99973644","104170229"
"9601","99979543","88620976"
"9602","103082095","97747001"
"9603","103082096","103338843"
"9604","103082585","103491306"
"9605","103083377","97747093"
"9606","103083533","99972230"
"9607","103083533","88675684"
"9608","103088397","103342160"
"9609","103337165","88626607"
"9610","103337166","80127776"
"9611","103337655","88624762"
"9612","103338447","88671050"
"9613","103338603","103337104"
"9614","103338603","104170983"
"9615","103343467","86689202"
"9616","103492464","97748144"
"9617","103492465","104171970"
"9618","103492954","103335802"
"9619","103493746","94200147"
"9620","103495540","86684334"
"9621","103504516","88618199"
"9622","103504516","86689146"
"9623","104172239","88672372"
"9624","104172240","86684342"
"9625","104172729","103087865"
"9626","104173521","88678233"
"9627","104173677","94206423"
"9628","104173677","103338848"
"9629","104173677","92251426"
"9630","104178541","96097989"
"9631","86680427","97751629"
"9632","86680918","103492990"
"9633","86681710","103337163"
"9634","86681866","99973382"
"9635","86681866","92446555"
"9636","88622205","96098028"
"9637","88623493","86678609"
"9638","88624285","104177234"
"9639","88671881","94197168"
"9640","88672372","94195558"
"9641","88673164","103083377"
"9642","88673320","92446653"
"9643","88673320","104177508"
"9644","92252668","92251581"
"9645","92253460","97747040"
"9646","92253616","92251730"
"9647","92253616","96089132"
"9648","92443881","88622205"
"9649","92444037","104179725"
"9650","92444829","99972482"
"9651","94197609","92260916"
"9652","94197610","103344480"
"9653","94198100","96097716"
"9654","94198892","103081951"
"9655","94199048","96096611"
"9656","94199048","103089296"
"9657","96090707","103491695"
"9658","96092410","96098479"
"9659","96097241","99980200"
"9660","96098365","86689297"
"9661","97752654","97746613"
"9662","97754352","86680953"
"9663","99977844","94196841"
"9664","99979542","103502409"
"9665","103080088","92260407"
"9666","103080734","97755276"
"9667","103080734","94197097"
"9668","103081195","78896226"
"9669","103081195","97749629"
"9670","103081202","92253988"
"9671","103081235","103082105"
"9672","103081317","97755184"
"9673","103081317","69503950"
"9674","103081317","94195733"
"9675","103081347","104172660"
"9676","103081347","94199423"
"9677","103081492","96097868"
"9678","103081502","86684233"
"9679","103081646","99972223"
"9680","103081836","86679267"
"9681","103081896","97746545"
"9682","103082000","88680617"
"9683","103082000","103081347"
"9684","103082388","96097761"
"9685","103082388","104171460"
"9686","103082389","92251426"
"9687","103082389","97747100"
"9688","103082389","88680839"
"9689","103082389","92252668"
"9690","103082389","86681054"
"9691","103082648","103501238"
"9692","103082681","103492884"
"9693","103082684","88675365"
"9694","103082685","94196601"
"9695","103082685","103491705"
"9696","103082686","86682150"
"9697","103082723","97745981"
"9698","103082723","99977846"
"9699","103083381","97749862"
"9700","103083563","103337178"
"9701","103083563","104171619"
"9702","103083898","103086344"
"9703","103083898","97745979"
"9704","103084146","104173707"
"9705","103084146","94199660"
"9706","103085753","92251177"
"9707","103085762","86689216"
"9708","103085999","88675420"
"9709","103086139","97747289"
"9710","103086139","103493746"
"9711","103086178","92251706"
"9712","103086178","103343493"
"9713","103086496","99971672"
"9714","103086749","92256092"
"9715","103086905","92260406"
"9716","103086906","92444794"
"9717","103086924","103086926"
"9718","103086924","94197073"
"9719","103087021","86680435"
"9720","103087172","97755164"
"9721","103088394","88671428"
"9722","103088395","92250290"
"9723","103089122","88621036"
"9724","103089122","88671439"
"9725","103089152","97747238"
"9726","103089154","97750341"
"9727","103089252","92253987"
"9728","103335158","94196847"
"9729","103335305","88616049"
"9730","103335305","61585046"
"9731","103335804","96098027"
"9732","103335804","103083533"
"9733","103336265","103335322"
"9734","103336265","103335891"
"9735","103336272","99972435"
"9736","103336305","88671614"
"9737","103336387","99972290"
"9738","103336387","94198116"
"9739","103336387","71483456"
"9740","103336417","86681638"
"9741","103336417","104173858"
"9742","103336562","88623487"
"9743","103336572","94203592"
"9744","103336716","86686576"
"9745","103336906","104180316"
"9746","103336966","97754299"
"9747","103337070","88671584"
"9748","103337070","92254710"
"9749","103337458","97747108"
"9750","103337458","88670905"
"9751","103337459","104171614"
"9752","103337459","96088744"
"9753","103337459","103344375"
"9754","103337459","96088877"
"9755","103337459","99971780"
"9756","103337718","104174768"
"9757","103337751","103335870"
"9758","103337754","103491689"
"9759","103337755","104172110"
"9760","103337755","86684581"
"9761","103337756","96095493"
"9762","103337756","88621036"
"9763","103337793","103496091"
"9764","103337793","88672383"
"9765","103338451","96088946"
"9766","103338633","92251983"
"9767","103338633","92252978"
"9768","103338968","88615916"
"9769","103338968","103086139"
"9770","103339216","88671286"
"9771","103339216","94196815"
"9772","103340823","103085896"
"9773","103340832","104177583"
"9774","103341069","97748143"
"9775","103341209","99972502"
"9776","103341209","104171765"
"9777","103341248","88625223"
"9778","103341248","103337656"
"9779","103341566","103336582"
"9780","103341819","94201400"
"9781","103341975","86686244"
"9782","103341976","94197610"
"9783","103341994","92445322"
"9784","103341994","97746586"
"9785","103342091","96098577"
"9786","103342242","88673602"
"9787","103343464","99974196"
"9788","103343465","96096000"
"9789","103344192","96090667"
"9790","103344192","92445322"
"9791","103344222","86686778"
"9792","103344224","96093439"
"9793","103344322","103086176"
"9794","103490457","103335822"
"9795","103491103","99979790"
"9796","103491103","104178432"
"9797","103491564","104174028"
"9798","103491564","99973542"
"9799","103491571","103341311"
"9800","103491604","103081895"
"9801","103491686","103086793"
"9802","103491716","96097864"
"9803","103491716","92444693"
"9804","103491861","96096062"
"9805","103491871","103491883"
"9806","103492015","103492959"
"9807","103492265","88670643"
"9808","103492369","88623337"
"9809","103492369","92438969"
"9810","103492757","94197475"
"9811","103492757","88671745"
"9812","103492758","103491311"
"9813","103492758","104172240"
"9814","103492758","97749034"
"9815","103492758","97748358"
"9816","103492758","96093094"
"9817","103493017","94195721"
"9818","103493050","99977178"
"9819","103493053","88672303"
"9820","103493054","94201405"
"9821","103493054","92258753"
"9822","103493055","103088800"
"9823","103493092","88672176"
"9824","103493092","103340954"
"9825","103493750","88626136"
"9826","103494062","99972868"
"9827","103494071","97754991"
"9828","103494159","103493017"
"9829","103494243","86679580"
"9830","103494243","94206093"
"9831","103494248","103495586"
"9832","103494248","94197312"
"9833","103494484","92441234"
"9834","103494650","97753705"
"9835","103494736","92249877"
"9836","103494737","97747702"
"9837","103494741","92258529"
"9838","103494741","103090009"
"9839","103495537","86688935"
"9840","103495538","92447365"
"9841","103495968","99971115"
"9842","103495968","96095432"
"9843","103495990","92251602"
"9844","103501014","92445923"
"9845","103503903","103491121"
"9846","103503903","103086739"
"9847","103504151","88671144"
"9848","103504151","104179296"
"9849","103504486","99972493"
"9850","104170232","92444033"
"9851","104170379","103337716"
"9852","104170878","97747086"
"9853","104170878","104171043"
"9854","104171339","97749711"
"9855","104171339","88622725"
"9856","104171346","104171646"
"9857","104171379","86686311"
"9858","104171461","99980695"
"9859","104171461","99972546"
"9860","104171461","103338976"
"9861","104171461","103090211"
"9862","104171491","88671021"
"9863","104171491","88624482"
"9864","104171636","104177870"
"9865","104171646","104178592"
"9866","104171790","92439892"
"9867","104171980","88627190"
"9868","104172040","92257605"
"9869","104172144","92445688"
"9870","104172144","103494249"
"9871","104172532","103336351"
"9872","104172532","103082107"
"9873","104172533","92439387"
"9874","104172533","104172827"
"9875","104172533","94199347"
"9876","104172533","88673589"
"9877","104172533","104179520"
"9878","104172792","103081954"
"9879","104172825","103503916"
"9880","104172828","92252082"
"9881","104172828","104172432"
"9882","104172829","103081332"
"9883","104172829","88624482"
"9884","104172830","92446044"
"9885","104172830","103492269"
"9886","104172830","96097868"
"9887","104172867","94205720"
"9888","104172867","97749585"
"9889","104173525","103082419"
"9890","104173707","86679656"
"9891","104173707","103494246"
"9892","104174042","103491702"
"9893","104174042","99972282"
"9894","104174290","103335925"
"9895","104174290","97748379"
"9896","104175897","104171732"
"9897","104175906","94202881"
"9898","104176143","103491980"
"9899","104176283","103504124"
"9900","104176283","104171108"
"9901","104176322","94199228"
"9902","104176322","103086140"
"9903","104176640","96097821"
"9904","104176893","86686427"
"9905","104177049","104171165"
"9906","104177050","86686618"
"9907","104177068","97747103"
"9908","104177068","88680603"
"9909","104177165","103336351"
"9910","104177316","103088571"
"9911","104178538","92251551"
"9912","104178539","103492022"
"9913","104179266","103345160"
"9914","104179266","104179099"
"9915","104179296","96092863"
"9916","104179298","86689285"
"9917","104179396","104173958"
"9918","86678378","88619551"
"9919","86679061","94197009"
"9920","86679061","103493097"
"9921","86679527","104170892"
"9922","86679527","88671095"
"9923","86679534","103504223"
"9924","86679567","88625562"
"9925","86679649","97747352"
"9926","86679679","88672348"
"9927","86679679","92445913"
"9928","86679824","103343094"
"9929","86679834","103083902"
"9930","86680228","103337751"
"9931","86680332","103082648"
"9932","86680721","103081371"
"9933","86680721","104171036"
"9934","86680722","103491485"
"9935","86680722","103084882"
"9936","86680981","104180358"
"9937","86681014","99979535"
"9938","86681056","99978344"
"9939","86681896","103344090"
"9940","86682231","88669833"
"9941","86682231","104171613"
"9942","86682479","103500922"
"9943","86684333","103342796"
"9944","86684473","103345290"
"9945","86684512","99973645"
"9946","86684512","103081312"
"9947","86684830","97751613"
"9948","86685083","103080974"
"9949","86685239","86687002"
"9950","86685240","94202019"
"9951","86685258","103337537"
"9952","86685507","94196591"
"9953","86685509","71483265"
"9954","86689285","86680868"
"9955","86689287","88671113"
"9956","88615916","99971694"
"9957","88618627","92251584"
"9958","88618729","92254694"
"9959","88619687","92439919"
"9960","88619688","103338376"
"9961","88619694","103335906"
"9962","88619817","99972229"
"9963","88619945","92260602"
"9964","88619963","86680919"
"9965","88619964","96095793"
"9966","88620078","103089295"
"9967","88620619","99978495"
"9968","88620619","96097637"
"9969","88620691","94204089"
"9970","88620691","103081627"
"9971","88620870","92446095"
"9972","88622207","94196985"
"9973","88622724","103335322"
"9974","88622895","103491442"
"9975","88622895","104172868"
"9976","88622967","86689423"
"9977","88623307","99972001"
"9978","88624147","104171621"
"9979","88624189","92250817"
"9980","88624482","104170914"
"9981","88624575","96093435"
"9982","88624579","104180354"
"9983","88624585","88625547"
"9984","88624595","96090661"
"9985","88624598","103338450"
"9986","88624599","88623047"
"9987","88624605","94196874"
"9988","88624766","104176321"
"9989","88624975","92255657"
"9990","88625369","86686953"
"9991","88625516","99977951"
"9992","88625554","86686576"
"9993","88625676","103338708"
"9994","88626142","103081349"
"9995","88626142","103501600"
"9996","88626701","99972871"
"9997","88626701","88672373"
"9998","88626701","99977847"
"9999","88626825","88671118"
"10000","88627190","88620120"
"10001","88627190","99972430"
"10002","88627190","103345076"
"10003","88627190","94199118"
"10004","88669832","88671504"
"10005","88670515","104173421"
"10006","88670515","99979158"
"10007","88670981","99972433"
"10008","88670981","96088414"
"10009","88670988","104170958"
"10010","88671021","99974771"
"10011","88671103","103336381"
"10012","88671133","96096649"
"10013","88671133","103491957"
"10014","88671278","103083826"
"10015","88671288","103495344"
"10016","88671432","103088571"
"10017","88671682","104172045"
"10018","88671786","96095225"
"10019","88671786","104177459"
"10020","88672175","99974733"
"10021","88672175","92436811"
"10022","88672176","103336795"
"10023","88672176","94199336"
"10024","88672176","86680227"
"10025","88672176","103339214"
"10026","88672176","94201093"
"10027","88672435","88675788"
"10028","88672468","64913593"
"10029","88672471","97749635"
"10030","88672472","103081264"
"10031","88672472","92255982"
"10032","88672473","94199358"
"10033","88672510","92257449"
"10034","88673168","86679298"
"10035","88673350","103341247"
"10036","88673685","88674398"
"10037","88673685","94203496"
"10038","88673933","94199420"
"10039","88675787","86681710"
"10040","88675927","96088918"
"10041","88675966","99979200"
"10042","88675966","104178772"
"10043","88676284","103088025"
"10044","88676537","97755137"
"10045","88676693","97748141"
"10046","88676694","103081316"
"10047","88676712","103081355"
"10048","88676712","104179453"
"10049","88676961","104170326"
"10050","88676963","103343518"
"10051","88680739","104173683"
"10052","88680741","96097365"
"10053","92250128","88673608"
"10054","92250811","103334921"
"10055","92250811","88673639"
"10056","92251277","103344049"
"10057","92251277","99979839"
"10058","92251284","92250125"
"10059","92251317","92253885"
"10060","92251399","104177165"
"10061","92251429","103491709"
"10062","92251429","92254730"
"10063","92251574","103495436"
"10064","92251584","86680440"
"10065","92251728","88672182"
"10066","92251978","96093439"
"10067","92252082","96098577"
"10068","92252082","88624970"
"10069","92252471","94197416"
"10070","92252471","97747078"
"10071","92252472","86682342"
"10072","92252472","88623518"
"10073","92252472","96095513"
"10074","92252472","88671882"
"10075","92252472","103336788"
"10076","92252731","103336371"
"10077","92252764","96098244"
"10078","92252767","97746493"
"10079","92252768","99979593"
"10080","92252768","88624284"
"10081","92252769","86679695"
"10082","92252806","88672580"
"10083","92253464","92444818"
"10084","92253646","104171447"
"10085","92253981","104179804"
"10086","92253981","104172937"
"10087","92254229","103084611"
"10088","92256083","103081272"
"10089","92256223","92251154"
"10090","92256223","103336970"
"10091","92256262","99979487"
"10092","92256262","92260555"
"10093","92256580","103336819"
"10094","92256833","92256260"
"10095","92256989","99973644"
"10096","92256990","103343647"
"10097","92257008","92249890"
"10098","92257008","104170905"
"10099","92257257","88670875"
"10100","92257259","96088582"
"10101","92260661","88619943"
"10102","92260661","103337792"
"10103","92260691","103343877"
"10104","92260693","103336572"
"10105","92436460","94197030"
"10106","92440238","104171408"
"10107","92440507","61579306"
"10108","92440508","88677177"
"10109","92440664","96089013"
"10110","92441235","86679980"
"10111","92441235","103336712"
"10112","92441274","94197617"
"10113","92441414","86679633"
"10114","92443268","103089019"
"10115","92443516","104170325"
"10116","92443516","92446115"
"10117","92443851","96098580"
"10118","92444691","97747037"
"10119","92444733","92445514"
"10120","92444766","88673641"
"10121","92445025","103336386"
"10122","92445025","97747649"
"10123","92445026","99971169"
"10124","92445026","96097972"
"10125","92445519","92250131"
"10126","92445913","103342796"
"10127","92445923","96088761"
"10128","92446068","94199419"
"10129","92446068","104173784"
"10130","92446098","94201405"
"10131","92446180","97746839"
"10132","92446213","103344372"
"10133","92446686","88680889"
"10134","92447369","94197239"
"10135","94195561","103338924"
"10136","94196244","103501074"
"10137","94196244","103336986"
"10138","94196709","96089130"
"10139","94196709","88627077"
"10140","94196716","86685073"
"10141","94196749","103088118"
"10142","94196831","103337358"
"10143","94196861","96096714"
"10144","94196861","88670970"
"10145","94197006","99979335"
"10146","94197016","94201692"
"10147","94197160","103343075"
"10148","94197410","86680952"
"10149","94197514","88673685"
"10150","94197514","96088937"
"10151","94197903","96093434"
"10152","94197903","96099286"
"10153","94197904","99972890"
"10154","94197904","99980083"
"10155","94197904","103084111"
"10156","94197904","103496294"
"10157","94197904","103085889"
"10158","94198163","92251665"
"10159","94198196","103337487"
"10160","94198199","88678079"
"10161","94198200","92256452"
"10162","94198200","103344089"
"10163","94198201","96093610"
"10164","94198238","103334915"
"10165","94198238","99972223"
"10166","94198896","97754750"
"10167","94199078","104172253"
"10168","94199413","103080964"
"10169","94199413","86681056"
"10170","94199661","88671895"
"10171","94199661","86679405"
"10172","94201269","104174044"
"10173","94201278","96096556"
"10174","94201515","99980077"
"10175","94201655","94199099"
"10176","94201655","94196814"
"10177","94201694","99978374"
"10178","94201694","88677786"
"10179","94202012","94197469"
"10180","94202265","104170918"
"10181","94202421","99973004"
"10182","94202422","99974225"
"10183","94202440","86681797"
"10184","94202440","103089264"
"10185","94202689","88619000"
"10186","94202691","103081499"
"10187","94202855","103336052"
"10188","94206093","103492988"
"10189","94206093","103490551"
"10190","94206123","88618424"
"10191","94206125","94196814"
"10192","94206223","96098435"
"10193","96090760","88625677"
"10194","96091996","92251415"
"10195","96095354","94199058"
"10196","96095361","92446090"
"10197","96095361","99980181"
"10198","96095361","103502411"
"10199","96095361","88620858"
"10200","96095433","86689251"
"10201","96095433","103336404"
"10202","96095793","99972231"
"10203","96095959","103491320"
"10204","96097232","94197256"
"10205","96097232","103087316"
"10206","96097232","99971738"
"10207","96097232","103496105"
"10208","96097232","104171768"
"10209","96097232","88671288"
"10210","96097336","104176283"
"10211","96097764","86679665"
"10212","96097764","86679267"
"10213","96097974","97746583"
"10214","96097974","86681016"
"10215","96098474","103491743"
"10216","96098483","92252478"
"10217","96098593","104178586"
"10218","97746477","103335161"
"10219","97746583","104172679"
"10220","97746592","94201693"
"10221","97747092","92256263"
"10222","97747092","97747071"
"10223","97747302","96099221"
"10224","97747302","99978438"
"10225","97747730","103496148"
"10226","97747834","103490563"
"10227","97747834","103336437"
"10228","97747834","103081801"
"10229","97747834","97755482"
"10230","97747834","99974826"
"10231","97748193","97745818"
"10232","97749106","103492316"
"10233","97749272","88670721"
"10234","97749632","96097713"
"10235","97749632","104171457"
"10236","97749704","99975032"
"10237","97749704","103335158"
"10238","97749704","92253419"
"10239","97749704","94201528"
"10240","97749711","99980227"
"10241","97754299","104176283"
"10242","99971667","96091697"
"10243","99971773","94203502"
"10244","99971782","94198197"
"10245","99972282","103491735"
"10246","99972282","103082388"
"10247","99972492","103338983"
"10248","99972492","103082415"
"10249","99972920","96090883"
"10250","99973024","96088904"
"10251","99973024","97748521"
"10252","99973024","103081167"
"10253","99973024","88671118"
"10254","99973024","104178982"
"10255","99973024","97747246"
"10256","99973024","94196854"
"10257","99973024","104178895"
"10258","99973024","94198203"
"10259","99973383","86688937"
"10260","99974296","92251982"
"10261","99974462","92441520"
"10262","99974822","103082093"
"10263","99974822","103494704"
"10264","99974894","103491555"
"10265","99974894","103080281"
"10266","99974894","103085865"
"10267","99974894","88625547"
"10268","99974901","92446665"
"10269","99979489","86679079"
"10270","96091911","103339681"
"10271","96092411","103491942"
"10272","96092411","94197102"
"10273","96092596","88625539"
"10274","96092596","86689438"
"10275","96096612","92256877"
"10276","96096612","96097820"
"10277","96096651","92250894"
"10278","96096651","103501593"
"10279","96097670","96092465"
"10280","96097997","104171703"
"10281","96097997","97745924"
"10282","96097997","94201240"
"10283","96097997","92260497"
"10284","96097997","97747228"
"10285","96098138","97749583"
"10286","96098138","103086795"
"10287","97746928","88623411"
"10288","97746928","103087875"
"10289","97746928","94197932"
"10290","97747069","92254668"
"10291","97747069","96093470"
"10292","97747069","103343046"
"10293","97747069","103081575"
"10294","97747069","103080752"
"10295","97747396","96088575"
"10296","97748414","104177532"
"10297","97748414","103336965"
"10298","97748453","64910562"
"10299","97748453","94196841"
"10300","97752468","86686227"
"10301","97752468","104171444"
"10302","97752653","94197784"
"10303","97752653","103337752"
"10304","97753152","104172115"
"10305","97754126","94197548"
"10306","99972118","92250293"
"10307","99972118","88625545"
"10308","99972259","103491563"
"10309","99972259","104174123"
"10310","99972259","103495083"
"10311","99972259","103083603"
"10312","99972259","103083381"
"10313","99972586","94197910"
"10314","99973604","103494887"
"10315","99973604","96088365"
"10316","99973643","92440508"
"10317","99973643","103083904"
"10318","99977658","92260288"
"10319","99977658","94196271"
"10320","99977843","88669893"
"10321","99977843","96088458"
"10322","99978342","103492995"
"10323","99979316","97748509"
"10324","103089280","103504149"
"10325","103344350","103491485"
"10326","103500995","92256260"
"10327","104179424","88675965"
"10328","86689413","96095517"
"10329","88680867","99976803"
"10330","92260819","103085898"
"10331","92436334","88680503"
"10332","94206251","94201381"
"10333","96088590","99980209"
"10334","96088590","92258104"
"10335","96088928","104170981"
"10336","96093195","103500884"
"10337","96096650","103336350"
"10338","96097337","99972183"
"10339","96097418","94199080"
"10340","96097671","96089077"
"10341","96099294","88673168"
"10342","97745813","104176384"
"10343","97746930","94196403"
"10344","97747395","96098073"
"10345","97747648","96097671"
"10346","97747729","103493983"
"10347","97748415","99974277"
"10348","97751869","88672072"
"10349","97754685","86679567"
"10350","97755019","104178120"
"10351","97755019","99975036"
"10352","99971003","88625208"
"10353","99972585","92260830"
"10354","99972838","88675672"
"10355","99972919","103080836"
"10356","99973605","99978893"
"10357","99977059","88670724"
"10358","99979875","103079857"
"10359","99979876","104170396"
"10360","99980209","92251254"
"10361","99980209","103335159"
"10362","103081372","96097980"
"10363","103087132","94203542"
"10364","103336442","92257811"
"10365","103342202","96099289"
"10366","103491741","99973565"
"10367","103494945","103491842"
"10368","104171516","103336651"
"10369","104177276","99978895"
"10370","80122541","96099059"
"10371","86685467","94201269"
"10372","88619736","88680567"
"10373","88671158","97752761"
"10374","88676921","92251052"
"10375","92251454","92251274"
"10376","92257217","92258176"
"10377","92440280","97748508"
"10378","94196886","94197030"
"10379","94202649","104179106"
"10380","96095190","92251017"
"10381","96095190","97749087"
"10382","96097965","103081369"
"10383","97747101","103491942"
"10384","97749875","88671286"
"10385","97749875","92257105"
"10386","99972291","97747100"
"10387","99975065","104172653"
"10388","99975065","88673931"
"10389","96090887","94198406"
"10390","96090887","97753711"
"10391","96095288","96088964"
"10392","96098230","103338977"
"10393","96098482","86681669"
"10394","96098583","96088818"
"10395","97746487","94204089"
"10396","97746584","88671112"
"10397","97746836","99972388"
"10398","97749777","88680545"
"10399","97754174","92250293"
"10400","97754174","97746590"
"10401","99971677","96098392"
"10402","99971774","103491693"
"10403","99972026","88625045"
"10404","99974967","103494945"
"10405","99974967","104178849"
"10406","99979364","94198100"
"10407","99979364","96097614"
"10408","103080081","103491727"
"10409","103080081","103336565"
"10410","103080084","88676716"
"10411","103083899","99978398"
"10412","103083899","86685828"
"10413","103083916","99974556"
"10414","103084114","96097825"
"10415","103084143","103491641"
"10416","103085881","103340794"
"10417","103088675","99977103"
"10418","103089006","104179015"
"10419","103089406","103341246"
"10420","103335151","88675789"
"10421","103335151","94204185"
"10422","103335154","92445322"
"10423","103338969","88671879"
"10424","103338969","92252803"
"10425","103338986","103338783"
"10426","103339184","88623386"
"10427","103339213","103493644"
"10428","103340951","96091467"
"10429","103343745","97749782"
"10430","103344076","92251880"
"10431","103344476","104178405"
"10432","103490450","99979489"
"10433","103490450","92253929"
"10434","103490453","103338708"
"10435","103496128","103342950"
"10436","103502428","94205987"
"10437","103503906","103335930"
"10438","103503935","103493705"
"10439","103504133","94196802"
"10440","103504150","88671439"
"10441","103504150","96097965"
"10442","104170225","88671893"
"10443","104170225","99974118"
"10444","104170228","92251384"
"10445","104173740","103492477"
"10446","104174043","88620974"
"10447","104174043","94197995"
"10448","104174060","88673384"
"10449","104174258","104171792"
"10450","104174287","103336425"
"10451","104176025","96097715"
"10452","104177468","86682179"
"10453","104178819","96098026"
"10454","104179150","94205775"
"10455","104179499","88620976"
"10456","104179547","104172335"
"10457","104179550","99971761"
"10458","86678371","96095520"
"10459","86678371","103089252"
"10460","86678374","94198143"
"10461","86682149","88672201"
"10462","86682181","97747375"
"10463","86682232","92250826"
"10464","86682232","103337538"
"10465","86682249","94203609"
"10466","86682447","103494244"
"10467","86682476","88677864"
"10468","86684202","94203060"
"10469","86684203","88671255"
"10470","86684215","92443540"
"10471","86684217","103081474"
"10472","86685549","103492472"
"10473","86685550","103337579"
"10474","86685551","103085881"
"10475","86685555","103495822"
"10476","86685556","92436584"
"10477","86685557","88671146"
"10478","86685576","88675686"
"10479","86685577","103335156"
"10480","86685578","92260559"
"10481","86687014","86680919"
"10482","88618189","88671133"
"10483","88619625","103500980"
"10484","88619626","88677755"
"10485","88619627","99974822"
"10486","88619646","103336383"
"10487","88619647","86683966"
"10488","88619648","103491568"
"10489","88619652","103089157"
"10490","88619653","99972191"
"10491","88619654","88669996"
"10492","88620986","103493091"
"10493","88620988","97749627"
"10494","88621000","92252765"
"10495","88621001","97753449"
"10496","88622727","96099182"
"10497","88622756","103493160"
"10498","88622971","92436362"
"10499","88622971","103339183"
"10500","88623022","103080085"
"10501","88626829","104178019"
"10502","88626832","88621001"
"10503","88626832","92446112"
"10504","88669825","103083358"
"10505","88669825","104172832"
"10506","88669828","99972924"
"10507","88673603","104176037"
"10508","88673635","103341975"
"10509","88673686","88620693"
"10510","88673686","96098586"
"10511","88673703","88672578"
"10512","88673901","103336158"
"10513","88673930","103501073"
"10514","88675656","86680919"
"10515","88675657","86689204"
"10516","88675669","97747375"
"10517","88675671","103089435"
"10518","88677003","88621988"
"10519","88677004","99979944"
"10520","88677005","103089118"
"10521","88677009","88626118"
"10522","88677010","96098395"
"10523","88677011","88616055"
"10524","88677030","104173994"
"10525","88677031","103082095"
"10526","88677032","103081320"
"10527","88678468","103339203"
"10528","88680987","103088089"
"10529","92250121","97747350"
"10530","92250121","94199292"
"10531","92250124","103349277"
"10532","92253899","94198974"
"10533","92253931","86684347"
"10534","92253982","103081470"
"10535","92253982","99974614"
"10536","92253999","103492997"
"10537","92254197","88626011"
"10538","92254226","97747033"
"10539","92255952","103087519"
"10540","92255953","86679192"
"10541","92255965","99979866"
"10542","92255967","104175026"
"10543","92257299","103087974"
"10544","92257300","103344368"
"10545","92257301","94196857"
"10546","92257305","103336162"
"10547","92257306","92252874"
"10548","92257307","103501686"
"10549","92257326","92258528"
"10550","92257327","104178127"
"10551","92257328","88672203"
"10552","92260939","86679689"
"10553","92440169","103495583"
"10554","92440170","103341565"
"10555","92440171","103343357"
"10556","92440190","103495880"
"10557","92440191","103087875"
"10558","92440192","92260691"
"10559","92440196","104177540"
"10560","92440197","92257116"
"10561","92440198","103344224"
"10562","92441530","97753829"
"10563","92441544","86679267"
"10564","92441545","86678374"
"10565","92443271","92446091"
"10566","92443300","97748192"
"10567","92443498","103495990"
"10568","92443515","92252039"
"10569","92443515","103336216"
"10570","92443566","96098517"
"10571","92443598","103081329"
"10572","92447373","103336049"
"10573","92447376","103492837"
"10574","92447376","97746666"
"10575","94195554","103339651"
"10576","94195554","92445902"
"10577","94195557","104170923"
"10578","94199111","88669986"
"10579","94199145","103501686"
"10580","94199331","97754884"
"10581","94199363","104173381"
"10582","94199414","92443592"
"10583","94199414","103085577"
"10584","94199431","88673603"
"10585","94199629","88678344"
"10586","94199658","103344091"
"10587","94201384","97747684"
"10588","94201385","92251661"
"10589","94201397","97747245"
"10590","94201399","88673932"
"10591","94202731","99972183"
"10592","94202732","94195562"
"10593","94202733","96093451"
"10594","94202737","103080892"
"10595","94202738","92440486"
"10596","94202739","92252085"
"10597","94202758","88625153"
"10598","94202759","97746048"
"10599","94202760","88671686"
"10600","94206371","92440391"
"10601","96088480","103341246"
"10602","96088584","94195564"
"10603","96088620","99972882"
"10604","96088725","94199358"
"10605","96088758","88672508"
"10606","96088758","103337605"
"10607","96092091","97747095"
"10608","96092092","92443851"
"10609","96092093","99972254"
"10610","96092112","88671368"
"10611","96092113","94199103"
"10612","96092114","103342945"
"10613","96092118","103336388"
"10614","96092119","104179449"
"10615","96092120","86689438"
"10616","96092840","88671141"
"10617","96093196","86679680"
"10618","96093196","92257013"
"10619","96093452","94203396"
"10620","96093466","94196858"
"10621","96093467","94203010"
"10622","96093573","92252770"
"10623","96093582","97747312"
"10624","96095438","103339215"
"10625","96095438","96093439"
"10626","96095438","96097867"
"10627","96095488","88620854"
"10628","96095740","103083543"
"10629","96096613","88619963"
"10630","96096613","92444037"
"10631","96097421","96095959"
"10632","96097437","94196258"
"10633","96098371","88677517"
"10634","96098592","97754695"
"10635","96098592","88625569"
"10636","96098592","94201656"
"10637","97745977","96092119"
"10638","97746478","97746832"
"10639","97746478","104178735"
"10640","97746478","92257400"
"10641","97746695","97745971"
"10642","97747629","103083275"
"10643","97747645","103083381"
"10644","97748452","92443516"
"10645","97748452","92258051"
"10646","97749627","103344086"
"10647","97749627","88670539"
"10648","97749627","96095334"
"10649","97751482","96091349"
"10650","97751491","99979726"
"10651","97751868","92251346"
"10652","97751868","103082388"
"10653","97752224","86678013"
"10654","97752224","99974751"
"10655","97754851","103335960"
"10656","97754851","103494351"
"10657","97754884","103336147"
"10658","97754989","92251553"
"10659","97755025","99974822"
"10660","97755135","88670539"
"10661","99971668","103501683"
"10662","99971668","99973334"
"10663","99971668","88671300"
"10664","99971798","92260286"
"10665","99971885","88671368"
"10666","99972091","99972000"
"10667","99972819","104179401"
"10668","99972835","103081363"
"10669","99973642","103081924"
"10670","99973642","92258527"
"10671","99973642","88670064"
"10672","99974817","88622213"
"10673","99974817","103336870"
"10674","99974817","103495908"
"10675","99976672","103083639"
"10676","99976681","103081580"
"10677","99977058","88673500"
"10678","99977058","96092303"
"10679","99977414","86680059"
"10680","99980041","103081347"
"10681","99980041","104170225"
"10682","99980074","103491868"
"10683","99980179","94197952"
"10684","99980215","94203245"
"10685","99980325","92251171"
"10686","103086494","104170957"
"10687","103086494","103339650"
"10688","103086494","103086497"
"10689","103341564","103084144"
"10690","103341564","96092840"
"10691","103341564","92253686"
"10692","103494482","103087964"
"10693","103494482","103337689"
"10694","103494482","103087979"
"10695","104176638","96099126"
"10696","104176638","97747100"
"10697","104176638","88670599"
"10698","86684828","103336540"
"10699","86684828","103341564"
"10700","88620375","103336374"
"10701","88620375","86682155"
"10702","88676282","103083916"
"10703","88676282","103504144"
"10704","92256578","88675653"
"10705","92256578","97751969"
"10706","92440919","103496343"
"10707","92440919","99971733"
"10708","94202010","92253840"
"10709","94202010","94196880"
"10710","96095534","97751491"
"10711","96097422","97745818"
"10712","96097438","103336256"
"10713","96097718","99971762"
"10714","96098456","96091358"
"10715","96098456","96093327"
"10716","97746610","96095519"
"10717","97746610","88615906"
"10718","97747348","97754847"
"10719","97747628","103491230"
"10720","97747644","96095432"
"10721","97749531","103338351"
"10722","99971800","104171771"
"10723","99971800","104173880"
"10724","99972538","99980918"
"10725","99972818","99971750"
"10726","99972834","103494838"
"10727","99974721","103503905"
"10728","96096652","103492874"
"10729","96098005","92260791"
"10730","96098005","94204092"
"10731","96098005","92255968"
"10732","96098005","103336425"
"10733","96098005","92255982"
"10734","97747061","92442803"
"10735","97747061","103495581"
"10736","97747061","103496092"
"10737","97747061","104177067"
"10738","97747061","99980581"
"10739","97748413","104171216"
"10740","99971783","99971172"
"10741","99972238","92255809"
"10742","99972238","86684202"
"10743","99972239","97748457"
"10744","99972239","96088474"
"10745","99972251","103336035"
"10746","99972251","94205774"
"10747","99972251","96091337"
"10748","99972251","94201860"
"10749","99972251","59214995"
"10750","99973603","94197241"
"10751","103081180","104176641"
"10752","103081180","88671130"
"10753","103081892","103083831"
"10754","103086477","86680050"
"10755","103088258","99980357"
"10756","103336250","99980208"
"10757","103336250","96098366"
"10758","103336962","92251655"
"10759","103341547","94197607"
"10760","103343328","88680892"
"10761","103491549","92250225"
"10762","103491549","92445902"
"10763","103492261","88671118"
"10764","103494465","92258660"
"10765","103495455","103081093"
"10766","104171324","88671359"
"10767","104171324","96095435"
"10768","104172036","86682176"
"10769","104176621","104171480"
"10770","104178402","92256989"
"10771","78890095","94196451"
"10772","78896467","103088571"
"10773","80121413","88622970"
"10774","80127785","104171615"
"10775","86680224","103088947"
"10776","86684811","103089291"
"10777","86686595","103335908"
"10778","88618608","86679679"
"10779","88620392","96091467"
"10780","88624979","67690831"
"10781","88671678","88672267"
"10782","88676265","94195658"
"10783","88678049","104171502"
"10784","92251974","88624187"
"10785","92256561","103494748"
"10786","92258345","86686779"
"10787","92439152","88673167"
"10788","92440936","86689194"
"10789","92445523","96099293"
"10790","94196694","104179019"
"10791","94196694","97747674"
"10792","94197406","96097691"
"10793","94201993","86679192"
"10794","94203777","103494863"
"10795","96097673","92255809"
"10796","96097835","92254748"
"10797","96098590","99972427"
"10798","97746480","103336272"
"10799","97746480","88670672"
"10800","97747231","99977099"
"10801","97747393","92436460"
"10802","99971670","99977416"
"10803","99972421","96088575"
"10804","99972583","97754753"
"10805","103081891","103344228"
"10806","103082525","96098057"
"10807","103087620","104172729"
"10808","103335135","92446668"
"10809","103336961","96098138"
"10810","103337595","94196810"
"10811","103342690","97747069"
"10812","103492260","64978030"
"10813","103492894","61771546"
"10814","103495264","94199417"
"10815","104170209","99980074"
"10816","104170209","104177276"
"10817","104172035","86686596"
"10818","104172669","104176320"
"10819","104177764","88670876"
"10820","78890094","96097716"
"10821","80127786","86684350"
"10822","86678355","80127151"
"10823","86680223","88675802"
"10824","86680858","88619942"
"10825","86685956","92445842"
"10826","88624345","99972255"
"10827","88624980","103081093"
"10828","88626848","94202255"
"10829","88671677","92249890"
"10830","88672312","94199227"
"10831","88677410","94200178"
"10832","92251973","97754145"
"10833","92252608","97748147"
"10834","92257706","61771546"
"10835","92439791","103504193"
"10836","92444889","92255977"
"10837","92445524","104176893"
"10838","94197405","104173784"
"10839","94198040","94205929"
"10840","94203138","94203967"
"10841","96088862","88619626"
"10842","96088864","96096650"
"10843","96088865","103341069"
"10844","96091243","103084143"
"10845","96092841","97749005"
"10846","96092841","103337175"
"10847","96093156","103335810"
"10848","96093159","96098502"
"10849","96097233","94198161"
"10850","96097234","97753450"
"10851","97747832","86679081"
"10852","97747833","103336020"
"10853","97751905","103340965"
"10854","97751908","103491571"
"10855","97752223","92446659"
"10856","97752223","96096613"
"10857","97752223","103086477"
"10858","97753818","104171618"
"10859","97754748","92252771"
"10860","97754749","96088928"
"10861","97754751","94197213"
"10862","99971793","86687014"
"10863","99973022","92253905"
"10864","99973023","103492017"
"10865","99977095","103335312"
"10866","99977098","96094709"
"10867","99977413","94203396"
"10868","99977413","104178819"
"10869","99977413","92252764"
"10870","99979008","94196664"
"10871","99979938","103492022"
"10872","99979939","99971010"
"10873","99979941","86685386"
"10874","103083360","103492324"
"10875","103338430","88675796"
"10876","103493729","92250189"
"10877","104173504","88672348"
"10878","86681693","99979204"
"10879","88623510","103089375"
"10880","88673147","103492195"
"10881","92253443","97747243"
"10882","92444054","97746674"
"10883","94198875","99972277"
"10884","96088628","103492167"
"10885","96090716","92444829"
"10886","96090886","103081347"
"10887","96090886","88671129"
"10888","96090891","96098138"
"10889","96090891","88677767"
"10890","96091043","86684333"
"10891","96092858","104170233"
"10892","96095624","99978883"
"10893","96095976","103491740"
"10894","96096947","88673688"
"10895","96096947","103344192"
"10896","96096948","92257786"
"10897","96096948","99973540"
"10898","96097044","94196856"
"10899","96097684","92444768"
"10900","96098467","94196862"
"10901","96099072","104178126"
"10902","96099290","97746896"
"10903","97745817","97747291"
"10904","97746035","92256092"
"10905","97746599","99979926"
"10906","97747382","103089970"
"10907","97748117","99971813"
"10908","97748117","99980176"
"10909","97748118","103343053"
"10910","97748118","104176284"
"10911","97748118","103493050"
"10912","97748127","103080799"
"10913","97749089","103080861"
"10914","97749441","99973318"
"10915","97752206","94198135"
"10916","97754014","96093151"
"10917","97754015","103083603"
"10918","97754016","103339073"
"10919","97754017","92250939"
"10920","97754018","97747249"
"10921","97754124","99977842"
"10922","97754170","88624972"
"10923","97754170","88626883"
"10924","97754175","103496088"
"10925","97754175","92251048"
"10926","97754343","88675967"
"10927","99971007","94199317"
"10928","99971225","104178167"
"10929","99971789","97747629"
"10930","99972572","97752225"
"10931","99972582","64981299"
"10932","99973307","94197162"
"10933","99973307","94201254"
"10934","99973308","92251590"
"10935","99973308","99980171"
"10936","99973317","92260519"
"10937","99974279","97747037"
"10938","99974631","97747038"
"10939","99974631","104173740"
"10940","99977396","96095624"
"10941","99979208","94197457"
"10942","99979314","99972418"
"10943","99979360","71483061"
"10944","99979360","88676810"
"10945","99979365","103338986"
"10946","99979365","96096856"
"10947","99979533","94198465"
"10948","99980171","103087364"
"10949","96096614","99973548"
"10950","96096614","96098583"
"10951","96097228","103336274"
"10952","96097228","92253981"
"10953","96097228","103081472"
"10954","96097228","88674378"
"10955","96097228","88675927"
"10956","96097228","99972585"
"10957","96097228","97746977"
"10958","96097228","103491311"
"10959","96097982","94204196"
"10960","96097982","88677933"
"10961","96098034","103080194"
"10962","96098034","103336543"
"10963","97747032","104179440"
"10964","97747032","96096000"
"10965","97747084","86685699"
"10966","97747084","103089377"
"10967","97747838","103088251"
"10968","97747838","104172624"
"10969","97747838","104177607"
"10970","97747838","99973480"
"10971","97747838","88671869"
"10972","97747838","78893087"
"10973","97747838","96095739"
"10974","97748451","92260831"
"10975","97748451","88673619"
"10976","99972222","96098165"
"10977","99972222","99978618"
"10978","99972274","103337177"
"10979","99972274","92439684"
"10980","99973028","92253839"
"10981","99973028","104177863"
"10982","99973028","103337154"
"10983","99973028","94197619"
"10984","99973028","103491633"
"10985","99973028","103491712"
"10986","99973028","92260342"
"10987","99973641","86684235"
"10988","99973641","69500591"
"10989","96095191","96095623"
"10990","96096615","88671408"
"10991","96096615","94205868"
"10992","96097758","96095432"
"10993","96097758","86686909"
"10994","96098019","97747001"
"10995","97747047","78890095"
"10996","97747308","103338902"
"10997","97747308","92444889"
"10998","97748450","92445697"
"10999","97748450","86680747"
"11000","97749874","103081472"
"11001","99972236","97747729"
"11002","99972236","103337656"
"11003","99972237","86689269"
"11004","99972237","103082389"
"11005","99972237","103086240"
"11006","99972498","96097376"
"11007","99972498","99976556"
"11008","99973640","94196838"
"11009","99973640","103492995"
"11010","99975064","92444732"
"11011","103080869","88622727"
"11012","103082604","92251582"
"11013","103088257","96097303"
"11014","103335939","99979986"
"11015","103337674","103338673"
"11016","103343327","92440197"
"11017","103491238","103336439"
"11018","103495454","92251552"
"11019","104171013","86678355"
"11020","104172748","96098458"
"11021","104178401","99977413"
"11022","78896466","103086837"
"11023","80121414","97749424"
"11024","86679200","92251552"
"11025","86686594","103087396"
"11026","88618609","104171797"
"11027","88670654","88671281"
"11028","88678048","97754795"
"11029","92250950","86686910"
"11030","92258344","92439869"
"11031","92439153","97751482"
"11032","92446547","96091693"
"11033","94196383","96098034"
"11034","94203776","103344497"
"11035","96088600","94201512"
"11036","96096616","86680981"
"11037","96096616","86684834"
"11038","96098589","86679840"
"11039","96098589","88680457"
"11040","96098589","94197804"
"11041","96098610","103493260"
"11042","96099297","103503932"
"11043","96099297","103491742"
"11044","97745810","92251276"
"11045","97745810","92258376"
"11046","97746460","103491685"
"11047","97746481","103089426"
"11048","97746481","103081324"
"11049","97746481","104172179"
"11050","97748449","96095480"
"11051","97748449","103082721"
"11052","97755009","86681876"
"11053","99971000","103083883"
"11054","99971000","88620374"
"11055","99971650","103081470"
"11056","99971671","103490518"
"11057","99971671","104176937"
"11058","99971671","97748354"
"11059","99973639","88672312"
"11060","99973639","96093573"
"11061","99980199","92250360"
"11062","103083350","103344376"
"11063","103338420","92253839"
"11064","103493719","97748450"
"11065","104173494","88671820"
"11066","80127288","88623396"
"11067","86681683","96088618"
"11068","88623520","86686203"
"11069","88673137","86678376"
"11070","92253433","92251254"
"11071","92444064","103088754"
"11072","94198865","92441545"
"11073","96095222","103337850"
"11074","96095222","99974823"
"11075","97746917","104171494"
"11076","97749843","96092596"
"11077","97749843","92253899"
"11078","99972107","97747243"
"11079","99975033","92251407"
"11080","99975033","96090891"
"11081","103080064","97747245"
"11082","103081183","88624584"
"11083","103082270","92255846"
"11084","103082680","103336723"
"11085","103082680","104170957"
"11086","103083711","94196716"
"11087","103083711","97748414"
"11088","103083711","96098185"
"11089","103083711","86689287"
"11090","103083711","99979885"
"11091","103083711","96096616"
"11092","103084110","64983613"
"11093","103084610","96090747"
"11094","103335134","92257578"
"11095","103336253","88677816"
"11096","103337340","103341905"
"11097","103337750","94196406"
"11098","103337750","88620980"
"11099","103338781","97754017"
"11100","103338781","103500943"
"11101","103338781","103343141"
"11102","103338781","88625695"
"11103","103338781","104172499"
"11104","103338781","99972253"
"11105","103339180","86679203"
"11106","103339680","104179164"
"11107","103490433","99971003"
"11108","103491552","97746492"
"11109","103493049","104171510"
"11110","103493049","103491718"
"11111","103503439","92443598"
"11112","103503939","92252030"
"11113","103504338","97747288"
"11114","103504338","92250844"
"11115","103504338","103080778"
"11116","103504338","103491868"
"11117","104170208","94196486"
"11118","104171327","88678239"
"11119","104172414","103491957"
"11120","104172824","103495647"
"11121","104172824","92440674"
"11122","104173855","103504411"
"11123","104173855","65986502"
"11124","104173855","94203010"
"11125","104173855","86686455"
"11126","104173855","103082722"
"11127","104173855","103088705"
"11128","104174254","97751454"
"11129","104174754","103492989"
"11130","80121005","103082003"
"11131","80121006","86680224"
"11132","80123197","103491670"
"11133","80128375","88670754"
"11134","80129655","103087983"
"11135","86678354","92445690"
"11136","86679515","97747001"
"11137","86681013","94197138"
"11138","86681013","97751628"
"11139","86682044","104179161"
"11140","86682044","86684227"
"11141","86682044","96095740"
"11142","86682443","96099128"
"11143","86682943","86679651"
"11144","88622260","96088860"
"11145","88622760","97746541"
"11146","88624190","94197787"
"11147","88624190","88615918"
"11148","88626849","96097982"
"11149","88669808","92253986"
"11150","88670969","104172229"
"11151","88672467","104179178"
"11152","88672467","103491256"
"11153","88673498","92258346"
"11154","88673498","97752233"
"11155","88673498","104171392"
"11156","88673897","92254226"
"11157","88674397","88622259"
"11158","92250104","88673691"
"11159","92251265","103336419"
"11160","92252763","103493056"
"11161","92252763","92256264"
"11162","92253794","99973544"
"11163","92253794","88619504"
"11164","92253794","103504227"
"11165","92254193","92254197"
"11166","92254693","86680158"
"11167","92442804","99971778"
"11168","92443304","103496092"
"11169","92444734","104170981"
"11170","92444734","88619204"
"11171","92447393","104170958"
"11172","94195537","99977058"
"11173","94196697","86684346"
"11174","94197785","99973604"
"11175","94198195","103084114"
"11176","94198195","94201241"
"11177","94199226","96097382"
"11178","94199226","103494704"
"11179","94199226","103494247"
"11180","94199226","103491891"
"11181","94199625","88671089"
"11182","94200125","103492332"
"11183","96088481","88670887"
"11184","96088819","99979536"
"11185","96090884","88618296"
"11186","96091309","103342945"
"11187","96091309","97751453"
"11188","96092313","92251394"
"11189","96092313","92251432"
"11190","96093442","88624774"
"11191","96095226","97754010"
"11192","96095226","103501117"
"11193","96095514","104178021"
"11194","96097842","92256833"
"11195","96097990","88671087"
"11196","97747076","94196531"
"11197","97747224","99971761"
"11198","97749839","103337751"
"11199","97749839","92253957"
"11200","97751622","103491840"
"11201","97752751","94200126"
"11202","97752751","97747084"
"11203","97753752","92446044"
"11204","97753752","104172612"
"11205","97754177","92250949"
"11206","97754794","103492462"
"11207","97755134","103084591"
"11208","99972266","103336543"
"11209","99972414","96097433"
"11210","99975029","92444731"
"11211","99975029","103341570"
"11212","99976812","103500969"
"11213","99977941","104171157"
"11214","99977941","94197481"
"11215","99978942","88680390"
"11216","99978942","86682237"
"11217","99979367","88619652"
"11218","99979984","94200100"
"11219","99980324","103081202"
"11220","103084608","88670533"
"11221","103339678","97747062"
"11222","103503441","103084133"
"11223","104174752","92445311"
"11224","80128360","104170917"
"11225","86682941","103344077"
"11226","88622262","103494311"
"11227","88674395","104171653"
"11228","92254691","88625684"
"11229","92442806","103501686"
"11230","94200123","103088257"
"11231","96090890","103335154"
"11232","96090890","103082005"
"11233","96098035","103495914"
"11234","96098035","99972645"
"11235","96098145","104172107"
"11236","97746921","99971005"
"11237","97747031","92446445"
"11238","97747031","99971774"
"11239","97754171","103081573"
"11240","97754171","88618902"
"11241","99972111","104172035"
"11242","99972221","94196846"
"11243","99972221","94196855"
"11244","99979361","92256877"
"11245","99979361","88680549"
"11246","103080737","61683649"
"11247","103081170","104171765"
"11248","103081170","99974462"
"11249","103081170","96098524"
"11250","103335807","86686595"
"11251","103336240","103491711"
"11252","103336240","103335912"
"11253","103336240","99971008"
"11254","103491106","88676658"
"11255","103491539","80121390"
"11256","103491539","96097418"
"11257","103491539","96097241"
"11258","104170881","92252924"
"11259","104171314","99973355"
"11260","104171314","94196855"
"11261","104171314","103495647"
"11262","80121972","94206032"
"11263","80123398","104177049"
"11264","80123424","96097980"
"11265","80125531","103501122"
"11266","86679064","104178712"
"11267","86679502","96095976"
"11268","86679502","103336240"
"11269","88626139","92445589"
"11270","88670518","94196770"
"11271","88670956","103089354"
"11272","88670956","94199202"
"11273","88670956","86679189"
"11274","92250814","103086906"
"11275","92251252","103081579"
"11276","92251252","104178712"
"11277","92251252","94196848"
"11278","92446683","103343034"
"11279","94196247","86681778"
"11280","94196684","86680979"
"11281","94196684","103340832"
"11282","94196684","103504338"
"11283","96088850","92446558"
"11284","96095192","104171314"
"11285","96095192","103491843"
"11286","96095420","80127878"
"11287","96095420","104171338"
"11288","96095421","92444879"
"11289","96096653","88672511"
"11290","96096653","103335877"
"11291","96096653","97745814"
"11292","96098598","99973022"
"11293","96099314","88670599"
"11294","96099320","86680722"
"11295","97745787","99972262"
"11296","97745793","92260675"
"11297","97746472","97746616"
"11298","97748412","103080814"
"11299","97748412","103502428"
"11300","97748412","104170999"
"11301","97749644","88672468"
"11302","97749645","86679827"
"11303","97749645","104174052"
"11304","97749873","99972167"
"11305","97749873","88680874"
"11306","97754123","86685262"
"11307","97754763","96099334"
"11308","99970977","88678364"
"11309","99970983","97747032"
"11310","99971662","103337550"
"11311","99973602","92254700"
"11312","99973602","103081345"
"11313","99973602","88675420"
"11314","99974834","92253646"
"11315","99974835","94196594"
"11316","99974835","99979542"
"11317","99975063","94199226"
"11318","99975063","94199118"
"11319","99979313","103081288"
"11320","99979953","86680332"
"11321","103081234","104170950"
"11322","103081234","99977022"
"11323","103081234","103501037"
"11324","103081234","94198068"
"11325","103081295","97753712"
"11326","103081295","88623425"
"11327","103081295","92440169"
"11328","103081295","97754480"
"11329","103087615","92251402"
"11330","103088765","96097414"
"11331","103088765","92252874"
"11332","103088765","97751627"
"11333","103336304","103335389"
"11334","103336304","104178735"
"11335","103336304","92256874"
"11336","103336304","88624565"
"11337","103336365","103083712"
"11338","103336365","104171344"
"11339","103336365","99973132"
"11340","103336365","97754993"
"11341","103342685","92251657"
"11342","103343835","92253616"
"11343","103343835","104171629"
"11344","103343835","94198240"
"11345","103491603","104171440"
"11346","103491603","88620611"
"11347","103491603","94199414"
"11348","103491603","103493098"
"11349","103491664","88623305"
"11350","103491664","103081264"
"11351","103491664","104172146"
"11352","103495259","94199632"
"11353","103495802","71483262"
"11354","103495802","103335957"
"11355","103495802","94198101"
"11356","104171378","96090666"
"11357","104171378","103492990"
"11358","104171378","96088758"
"11359","104171378","94197162"
"11360","104171439","97749268"
"11361","104171439","97747353"
"11362","104171439","97747452"
"11363","104171439","99977165"
"11364","104177759","96098452"
"11365","104178909","92251445"
"11366","104178909","96097683"
"11367","104178909","99978799"
"11368","80128164","97754751"
"11369","80128376","88675683"
"11370","86679566","103504145"
"11371","86679566","104173524"
"11372","86679566","88675802"
"11373","86679627","103494676"
"11374","86685951","103504175"
"11375","86688894","97755034"
"11376","86688894","103504046"
"11377","86688894","96095520"
"11378","88616309","94197903"
"11379","88619252","104170984"
"11380","88625576","103493997"
"11381","88625637","94202010"
"11382","88625637","103492788"
"11383","88671020","94203536"
"11384","88671020","92260589"
"11385","88671020","99980206"
"11386","88671020","86684836"
"11387","88671081","92445306"
"11388","88677405","103335805"
"11389","88680348","103087439"
"11390","88680348","92255952"
"11391","88680348","99979943"
"11392","92251316","103504362"
"11393","92251316","88677770"
"11394","92251316","103338970"
"11395","92251316","103493674"
"11396","92251377","99978924"
"11397","92251377","99971179"
"11398","92257701","97745787"
"11399","92260300","88624146"
"11400","92260300","86680606"
"11401","92260300","88619818"
"11402","92436853","104171452"
"11403","92439796","88678361"
"11404","92446120","104173957"
"11405","92446181","103339181"
"11406","92446181","103336539"
"11407","92446181","99976498"
"11408","94196748","97755027"
"11409","94196748","96097973"
"11410","94196748","103342960"
"11411","94196748","103089020"
"11412","94196809","88623159"
"11413","94196809","104172239"
"11414","94203133","97746671"
"11415","94205732","94197415"
"11416","94205732","88677282"
"11417","94205732","88671407"
"11418","96095977","92253464"
"11419","96095977","104171659"
"11420","96095977","103081512"
"11421","96097824","86684199"
"11422","96097824","94196823"
"11423","96097824","103083910"
"11424","97747242","94198239"
"11425","97747242","96098041"
"11426","97747242","104178909"
"11427","97749088","103336370"
"11428","97749088","94198238"
"11429","97749088","103337576"
"11430","97749088","103337671"
"11431","99971660","92257481"
"11432","99972432","103336797"
"11433","99972432","92260661"
"11434","99972432","103492954"
"11435","99974278","92436593"
"11436","99974278","104171508"
"11437","99974278","104171612"
"11438","103081179","103338974"
"11439","103081179","103083563"
"11440","103081179","103491468"
"11441","103088466","97747351"
"11442","103336249","97746985"
"11443","103336249","104179209"
"11444","103336249","103081515"
"11445","103343536","103339948"
"11446","103491548","97752659"
"11447","103491548","99972882"
"11448","103495607","103490450"
"11449","104171323","99979940"
"11450","104171323","104172866"
"11451","104171323","97754537"
"11452","104178610","96095433"
"11453","86679511","92251370"
"11454","86679511","103081621"
"11455","86686803","103492462"
"11456","88618400","88622971"
"11457","88625692","99972572"
"11458","88670965","97754686"
"11459","88670965","104170463"
"11460","88678257","103087492"
"11461","92251261","104176025"
"11462","92251261","99973383"
"11463","92258553","92446680"
"11464","92438944","103504293"
"11465","94196693","94205774"
"11466","94196693","103336160"
"11467","94203985","104171502"
"11468","96091718","96099292"
"11469","96098009","96095433"
"11470","96098102","88625144"
"11471","96098102","78889928"
"11472","96098102","103503438"
"11473","96098135","92250282"
"11474","96098608","92251703"
"11475","97746462","99972541"
"11476","97746931","97747644"
"11477","97746964","88623489"
"11478","97746964","92251201"
"11479","97746964","88675671"
"11480","97747057","78894996"
"11481","97753344","97747076"
"11482","99971652","96099320"
"11483","99972121","94199389"
"11484","99972154","92251446"
"11485","99972154","92444733"
"11486","99972154","96098137"
"11487","99972246","103500987"
"11488","99972247","88672372"
"11489","99972247","103336075"
"11490","99978534","103340951"
"11491","103081294","86681016"
"11492","103081294","94205922"
"11493","103081294","96088864"
"11494","103081294","97748931"
"11495","103082551","94201756"
"11496","103082552","92257481"
"11497","103082679","86681963"
"11498","103082679","92252617"
"11499","103083359","99971774"
"11500","103083359","104175781"
"11501","103083359","96096711"
"11502","103083448","104176040"
"11503","103087617","103491693"
"11504","103087978","96096654"
"11505","103087978","104171616"
"11506","103087978","92436553"
"11507","103087978","104170425"
"11508","103336364","104173592"
"11509","103336364","88622258"
"11510","103336364","92255967"
"11511","103336364","88673523"
"11512","103337621","92446096"
"11513","103337622","96092858"
"11514","103337749","96093195"
"11515","103337749","99979941"
"11516","103338429","103341209"
"11517","103338429","96091863"
"11518","103338429","92446561"
"11519","103338518","86679703"
"11520","103342687","80128510"
"11521","103343048","104171616"
"11522","103343048","97749632"
"11523","103343048","103349587"
"11524","103343048","92253646"
"11525","103491663","103501024"
"11526","103491663","103337155"
"11527","103491663","103081235"
"11528","103492920","103492011"
"11529","103492921","92443727"
"11530","103493048","94196416"
"11531","103493048","104172095"
"11532","103493728","103491740"
"11533","103493728","103495690"
"11534","103493728","92251724"
"11535","103493817","96091081"
"11536","103495261","97747085"
"11537","103501598","86679674"
"11538","103501598","103492341"
"11539","103501598","86679688"
"11540","103501598","103081470"
"11541","104171438","88623425"
"11542","104171438","88671409"
"11543","104171438","86682179"
"11544","104171438","103337459"
"11545","104172695","92253441"
"11546","104172696","94196450"
"11547","104172823","104179168"
"11548","104172823","103081302"
"11549","104173503","94196762"
"11550","104173503","103339072"
"11551","104173503","94203608"
"11552","104173592","104177606"
"11553","104177761","94203502"
"11554","104178122","97749088"
"11555","104178122","92444889"
"11556","104178122","88618609"
"11557","104178122","104171484"
"11558","80121341","99971777"
"11559","80121532","96093582"
"11560","80122623","86678374"
"11561","80125898","103083814"
"11562","80126228","92260335"
"11563","80126997","88675788"
"11564","80127160","103341572"
"11565","80127160","96095986"
"11566","80128377","103491126"
"11567","80128383","97747070"
"11568","86679626","103337757"
"11569","86680884","103338973"
"11570","86680885","92250288"
"11571","86681012","104184405"
"11572","86681012","86682044"
"11573","86681692","92256428"
"11574","86681692","97747648"
"11575","86681692","92444813"
"11576","86681781","103081186"
"11577","86685953","103084608"
"11578","86686315","103086930"
"11579","86686315","96097422"
"11580","88619250","104171486"
"11581","88623422","99972502"
"11582","88623511","88671105"
"11583","88623511","104171424"
"11584","88624191","88675927"
"11585","88624191","103493817"
"11586","88624318","96093436"
"11587","88624319","92444055"
"11588","88625577","103081653"
"11589","88671080","94202950"
"11590","88672338","92260554"
"11591","88672339","96097726"
"11592","88672466","92444898"
"11593","88672466","103336035"
"11594","88673146","104176391"
"11595","88673146","103504247"
"11596","88673146","103337792"
"11597","88673235","99976815"
"11598","88677407","99971906"
"11599","88677769","92251425"
"11600","88677769","103083884"
"11601","88677769","103337716"
"11602","92251376","92252175"
"11603","92251376","94197418"
"11604","92252634","92253626"
"11605","92252635","94196850"
"11606","92252762","80118845"
"11607","92252762","92251453"
"11608","92253442","92253987"
"11609","92253442","103336428"
"11610","92253442","99976919"
"11611","92253531","80127124"
"11612","92257703","103082620"
"11613","92258065","88673330"
"11614","92258065","94199648"
"11615","92258065","86684215"
"11616","92439794","94206234"
"11617","92443966","86681872"
"11618","92444055","99973024"
"11619","92444055","97751625"
"11620","92444055","97745787"
"11621","92444735","103337724"
"11622","92444735","103502420"
"11623","92444862","92443270"
"11624","92444863","97751913"
"11625","92446121","88676810"
"11626","94196808","99971759"
"11627","94196808","88672474"
"11628","94198066","92252804"
"11629","94198067","94202011"
"11630","94198194","103501073"
"11631","94198194","94199118"
"11632","94198874","103337750"
"11633","94198874","104173094"
"11634","94198874","92444763"
"11635","94198963","88672469"
"11636","94203135","103081580"
"11637","94203497","103336768"
"11638","94203497","103081198"
"11639","94203497","103501070"
"11640","94203497","96090760"
"11641","96091716","96093451"
"11642","96092162","99972427"
"11643","96092586","99977668"
"11644","96093157","94196762"
"11645","96093157","103337025"
"11646","96096654","96095359"
"11647","96096654","92253929"
"11648","96096820","96097778"
"11649","96096820","99972261"
"11650","96096820","103491943"
"11651","96097689","103337758"
"11652","96097689","80128507"
"11653","96097845","103501688"
"11654","96097845","103087523"
"11655","96098596","103080779"
"11656","96098599","103336358"
"11657","97746471","103492170"
"11658","97746474","99972232"
"11659","97747221","103335819"
"11660","97747221","103341863"
"11661","97747377","88672267"
"11662","97747377","99974299"
"11663","97748245","92255968"
"11664","97748245","88675672"
"11665","97748245","80121006"
"11666","97748316","103490455"
"11667","97748316","97747838"
"11668","97748316","99971008"
"11669","97748411","103491837"
"11670","97748411","103341998"
"11671","97749544","94202386"
"11672","97751907","94199658"
"11673","97751907","94199415"
"11674","97752478","92251550"
"11675","97753346","92446072"
"11676","99971661","80127665"
"11677","99971664","99980374"
"11678","99972411","99972238"
"11679","99972411","96095752"
"11680","99972567","99977095"
"11681","99972567","97747615"
"11682","99973435","88673690"
"11683","99973435","86689102"
"11684","99973435","94199413"
"11685","99973506","104171446"
"11686","99973506","86680849"
"11687","99973506","103087032"
"11688","99973601","103336374"
"11689","99973601","103491880"
"11690","99974734","103083979"
"11691","99974734","86689154"
"11692","99977097","104171446"
"11693","99977097","97746932"
"11694","99977668","92439436"
"11695","99978536","88626832"
"11696","80127140","104174258"
"11697","96096800","94196327"
"11698","97748265","104176639"
"11699","99973455","86681228"
"11700","97748264","86686410"
"11701","99973454","103504446"
"11702","103080058","103340647"
"11703","103080058","103335151"
"11704","103335128","69500594"
"11705","103335128","103082561"
"11706","103490427","96098135"
"11707","103490427","96088572"
"11708","104170202","62958747"
"11709","104170202","94197904"
"11710","80123658","92257328"
"11711","80123659","103336650"
"11712","80123775","86680886"
"11713","80123785","88671074"
"11714","80123809","99978351"
"11715","80126317","88618892"
"11716","80126994","88677808"
"11717","80129661","103342947"
"11718","86678348","92251445"
"11719","86678348","104172773"
"11720","88626855","88678077"
"11721","88626855","104172247"
"11722","88669802","92443727"
"11723","88669802","97754894"
"11724","92250098","96098592"
"11725","92250098","80123775"
"11726","92447399","103081624"
"11727","92447399","104179211"
"11728","94195531","94195725"
"11729","94195531","103336426"
"11730","96098036","86680233"
"11731","96098036","92251641"
"11732","97747030","80125530"
"11733","97747030","88625545"
"11734","99972220","88674397"
"11735","99972220","96096715"
"11736","99972244","88678231"
"11737","99972245","104178589"
"11738","80121004","97749581"
"11739","80126884","69503950"
"11740","96088894","103491539"
"11741","96095580","86681691"
"11742","96096750","103336406"
"11743","96098103","104171622"
"11744","96098103","96095522"
"11745","96098103","88677933"
"11746","96098103","103336570"
"11747","96098595","97754600"
"11748","96098595","86685578"
"11749","97746475","86679679"
"11750","97746475","86682118"
"11751","97746963","104171726"
"11752","97746963","104173740"
"11753","97746963","104171346"
"11754","97746963","99972232"
"11755","97748315","103336696"
"11756","97749485","65797885"
"11757","97754719","99979875"
"11758","99971665","103492988"
"11759","99971665","96096713"
"11760","99972153","104179434"
"11761","99972153","99973028"
"11762","99972153","103080740"
"11763","99972153","97752751"
"11764","99973505","86681781"
"11765","99974675","103344322"
"11766","99979909","96088709"
"11767","103081293","94203776"
"11768","103081293","96098524"
"11769","103081293","88672312"
"11770","103081293","103344027"
"11771","103088469","88677814"
"11772","103089270","96095978"
"11773","103336363","86684203"
"11774","103336363","103082419"
"11775","103336363","92260473"
"11776","103336363","99974972"
"11777","103343539","103336240"
"11778","103344340","103337749"
"11779","103491662","103490413"
"11780","103491662","97749109"
"11781","103491662","97747055"
"11782","103495610","103504292"
"11783","103496098","103495821"
"11784","104171437","99971783"
"11785","104171437","92444765"
"11786","104171437","88618777"
"11787","104171437","99971731"
"11788","104178613","92252634"
"11789","104179414","88671104"
"11790","80121547","94203778"
"11791","80123778","99973335"
"11792","80123779","103344094"
"11793","80123781","92440392"
"11794","80124042","104176042"
"11795","80128185","104171342"
"11796","80128185","97749543"
"11797","80128384","80127782"
"11798","86679625","103082792"
"11799","86686806","103089440"
"11800","86689403","99973646"
"11801","88615800","99972492"
"11802","88618397","88622760"
"11803","88625578","94196617"
"11804","88626655","104171011"
"11805","88671079","104178019"
"11806","88678260","99972591"
"11807","88680857","97748452"
"11808","92251375","103495456"
"11809","92251375","103501180"
"11810","92258556","104174018"
"11811","92260809","103082109"
"11812","92436344","96097437"
"11813","92438941","94206276"
"11814","92446122","88622972"
"11815","94196807","94196690"
"11816","94196807","104176488"
"11817","94197805","99972244"
"11818","94197809","92443513"
"11819","94203988","88670598"
"11820","94206241","92252590"
"11821","96092429","103081318"
"11822","96095193","99973603"
"11823","96095437","88672372"
"11824","96095437","96097829"
"11825","96095981","99972823"
"11826","96098013","99979790"
"11827","96098013","103336652"
"11828","96098013","92251414"
"11829","96098013","103501066"
"11830","96098013","103337484"
"11831","97747053","94205992"
"11832","97747053","92251019"
"11833","97747053","103084133"
"11834","97747053","78890104"
"11835","97747053","88620855"
"11836","97749084","97748315"
"11837","97749628","88622760"
"11838","97749628","94196786"
"11839","97749872","86679404"
"11840","97752635","88669926"
"11841","99972243","103084117"
"11842","99972243","92260893"
"11843","99972243","97752658"
"11844","99972243","96099118"
"11845","99972243","104184421"
"11846","99972755","94198196"
"11847","99974274","103085900"
"11848","99974818","92444464"
"11849","99974818","103080149"
"11850","99975062","80128374"
"11851","99977825","71486632"
"11852","103080057","103342091"
"11853","103081169","96096000"
"11854","103081339","97753455"
"11855","103081339","61579303"
"11856","103082697","86684678"
"11857","103082697","86686907"
"11858","103082697","94203501"
"11859","103082890","88620870"
"11860","103083259","86679484"
"11861","103083259","99972121"
"11862","103083259","103336425"
"11863","103083710","94199103"
"11864","103085723","88620501"
"11865","103086238","97752751"
"11866","103087089","92260830"
"11867","103088465","88618849"
"11868","103335127","103491737"
"11869","103336239","104171481"
"11870","103336409","99980071"
"11871","103336409","94206126"
"11872","103337767","92256261"
"11873","103337767","92438941"
"11874","103337767","97748193"
"11875","103337960","103336334"
"11876","103338329","92444690"
"11877","103338329","92253796"
"11878","103338329","103079845"
"11879","103338780","86679635"
"11880","103340793","94197243"
"11881","103341308","103492920"
"11882","103342159","86680979"
"11883","103343535","80123785"
"11884","103490426","94195654"
"11885","103491538","103343188"
"11886","103491708","65801337"
"11887","103491708","104174027"
"11888","103493066","97751594"
"11889","103493066","86679640"
"11890","103493066","86679627"
"11891","103493259","97750340"
"11892","103493628","103337490"
"11893","103493628","103336012"
"11894","103493628","103502444"
"11895","103494033","103081469"
"11896","103495606","88680741"
"11897","103504339","94199326"
"11898","104169994","96095192"
"11899","104169994","96097778"
"11900","104170201","92253937"
"11901","104171313","94206346"
"11902","104171483","96092465"
"11903","104171483","80127959"
"11904","104172841","92251728"
"11905","104172841","92256097"
"11906","104172841","103081475"
"11907","104173034","97748118"
"11908","104173403","94201516"
"11909","104173403","94203399"
"11910","104173403","88672373"
"11911","104173854","92251316"
"11912","104175867","99979876"
"11913","104176382","97747039"
"11914","104177233","92250235"
"11915","104178609","80126994"
"11916","69723980","103336237"
"11917","72764973","104176320"
"11918","72764973","99973455"
"11919","72764974","97748117"
"11920","72816205","104180357"
"11921","80121206","92443871"
"11922","80123436","96092841"
"11923","80125010","96088457"
"11924","80125532","88622971"
"11925","80127091","99974822"
"11926","80128338","97747834"
"11927","80128361","103080779"
"11928","80128361","104170188"
"11929","80128508","94196684"
"11930","80128508","96098005"
"11931","80129662","96097823"
"11932","86678347","99974921"
"11933","86679501","97747305"
"11934","86679671","97748459"
"11935","86679671","97745786"
"11936","86681030","92439446"
"11937","86681030","86682181"
"11938","86681030","94201411"
"11939","86681592","97747077"
"11940","86682043","103336370"
"11941","86684572","88680391"
"11942","86686102","94202013"
"11943","86686802","92257994"
"11944","88618401","103338973"
"11945","88620631","104171111"
"11946","88623160","88677011"
"11947","88624173","94201522"
"11948","88624173","80123659"
"11949","88624173","94201875"
"11950","88625532","103338429"
"11951","88625532","103080092"
"11952","88625702","97746542"
"11953","88626856","92250967"
"11954","88669801","96097611"
"11955","88670955","92251383"
"11956","88671125","80127160"
"11957","88671125","88625073"
"11958","88672484","103081293"
"11959","88672484","103337767"
"11960","88672484","96098151"
"11961","88673046","86682248"
"11962","88673497","103493750"
"11963","88676026","103081947"
"11964","88678256","86679689"
"11965","92250097","94197470"
"11966","92251251","92255965"
"11967","92251421","97747310"
"11968","92251421","99973424"
"11969","92252780","99971662"
"11970","92252780","94196586"
"11971","92252780","88624284"
"11972","92252973","99972389"
"11973","92253342","88676283"
"11974","92253342","88670063"
"11975","92253342","92436478"
"11976","92253793","103491227"
"11977","92255807","94196864"
"11978","92257174","96093611"
"11979","92258552","103491625"
"11980","92438945","96097868"
"11981","92443704","88680857"
"11982","92444717","92253360"
"11983","92444717","103336868"
"11984","92444717","104171862"
"11985","92446076","65986502"
"11986","92446076","103493018"
"11987","92447400","97753208"
"11988","94195530","94196250"
"11989","94196683","92253898"
"11990","94196853","97746826"
"11991","94196853","96097337"
"11992","94198212","97751907"
"11993","94198212","80123785"
"11994","94198212","92256990"
"11995","94198405","103086870"
"11996","94198774","103082620"
"11997","94198774","88671681"
"11998","94198774","94197995"
"11999","94199225","88671513"
"12000","94201239","94203498"
"12001","94202606","104172833"
"12002","94203984","104178401"
"12003","96093612","99972864"
"12004","96096077","103494308"
"12005","96096446","92252862"
"12006","96096751","94198196"
"12007","96097242","88671526"
"12008","96097242","88680993"
"12009","96098037","80121341"
"12010","96098037","94197028"
"12011","97747029","103081325"
"12012","97747029","86689030"
"12013","97747824","92252731"
"12014","97747824","86680439"
"12015","97747825","99972260"
"12016","97748314","103083756"
"12017","97748988","96093327"
"12018","99972219","103337561"
"12019","99972219","103495477"
"12020","99973014","88680882"
"12021","99973014","96089076"
"12022","99973015","88671025"
"12023","99973504","103335227"
"12024","99974178","94199518"
"12025","103081182","104170884"
"12026","103081182","88670640"
"12027","103081182","104179439"
"12028","103081279","103337699"
"12029","103081279","92255977"
"12030","103081279","103491711"
"12031","103081292","104171507"
"12032","103081292","92253985"
"12033","103081292","86680721"
"12034","103081292","103337619"
"12035","103081696","92252974"
"12036","103082354","94198211"
"12037","103082462","103082093"
"12038","103082462","103339067"
"12039","103082462","103088925"
"12040","103082462","88626829"
"12041","103082504","103335159"
"12042","103082504","92445306"
"12043","103082504","86679567"
"12044","103082504","80128185"
"12045","103082514","103081505"
"12046","103082549","92441213"
"12047","103082550","99976815"
"12048","103082554","80122509"
"12049","103082554","97749732"
"12050","103082638","104173296"
"12051","103082656","86686244"
"12052","103082696","103492017"
"12053","103083047","103081500"
"12054","103083355","99971757"
"12055","103083759","103339952"
"12056","103083759","104173958"
"12057","103084590","97745813"
"12058","103084592","99971010"
"12059","103085726","103082585"
"12060","103085759","103344334"
"12061","103086175","104179047"
"12062","103086239","103090214"
"12063","103086239","86679625"
"12064","103086343","103494246"
"12065","103086355","88620968"
"12066","103088438","103085881"
"12067","103088444","104171869"
"12068","103088470","97748455"
"12069","103088956","97754851"
"12070","103088956","103081502"
"12071","103089151","88671407"
"12072","103336252","97749600"
"12073","103336252","96097838"
"12074","103336252","92445515"
"12075","103336349","96098011"
"12076","103336349","103081516"
"12077","103336349","92250132"
"12078","103336362","99979487"
"12079","103336362","96090707"
"12080","103336362","96092412"
"12081","103336362","96098102"
"12082","103336766","80126317"
"12083","103337424","92251374"
"12084","103337532","103491662"
"12085","103337532","88677698"
"12086","103337532","103087542"
"12087","103337532","96097829"
"12088","103337532","96097302"
"12089","103337574","71486632"
"12090","103337574","88678260"
"12091","103337574","88624776"
"12092","103337574","99972565"
"12093","103337574","94199367"
"12094","103337584","86689395"
"12095","103337619","103336398"
"12096","103337620","103088901"
"12097","103337624","99974522"
"12098","103337624","96096948"
"12099","103337708","99978280"
"12100","103337726","86685815"
"12101","103337766","92250290"
"12102","103338117","99971733"
"12103","103338117","92255982"
"12104","103338222","104173679"
"12105","103338425","103492312"
"12106","103338829","80128508"
"12107","103338829","97754079"
"12108","103339660","92258338"
"12109","103339662","103081356"
"12110","103340796","99972245"
"12111","103340829","86681124"
"12112","103341245","96098435"
"12113","103341309","96092112"
"12114","103341309","103087388"
"12115","103341413","103342532"
"12116","103341425","103082554"
"12117","103343508","103082654"
"12118","103343514","99972574"
"12119","103343540","103081917"
"12120","103344026","80128330"
"12121","103344026","88678364"
"12122","103344221","103338970"
"12123","103491551","103336562"
"12124","103491551","96095191"
"12125","103491551","80121412"
"12126","103491648","92251178"
"12127","103491648","104172730"
"12128","103491648","99973399"
"12129","103491661","103335937"
"12130","103491661","103080764"
"12131","103491661","92436831"
"12132","103492065","99974901"
"12133","103492831","104171005"
"12134","103492831","103341940"
"12135","103492831","96088218"
"12136","103492831","88623489"
"12137","103492873","96098029"
"12138","103492873","94196983"
"12139","103492873","92251879"
"12140","103492873","97746555"
"12141","103492883","96090909"
"12142","103492918","103083350"
"12143","103492919","92251370"
"12144","103492923","96092838"
"12145","103492923","103492260"
"12146","103493007","103490621"
"12147","103493065","97746848"
"12148","103493724","97754604"
"12149","103494068","103491462"
"12150","103494245","92443271"
"12151","103494309","86687003"
"12152","103494350","104171723"
"12153","103494362","88625366"
"12154","103495579","92251730"
"12155","103495585","103083543"
"12156","103495611","96098524"
"12157","103495902","97752206"
"12158","103495902","80127928"
"12159","103495989","92440362"
"12160","103503457","88622279"
"12161","103503459","88672337"
"12162","103504290","97755019"
"12163","103504290","99973357"
"12164","104171326","88670529"
"12165","104171326","103335907"
"12166","104171326","62955783"
"12167","104171423","97745815"
"12168","104171423","103081326"
"12169","104171423","92439152"
"12170","104171436","96097228"
"12171","104171436","94205989"
"12172","104171436","92250900"
"12173","104171436","97749432"
"12174","104171840","96095771"
"12175","104172498","104172658"
"12176","104172606","103336675"
"12177","104172606","92250936"
"12178","104172606","86681015"
"12179","104172606","88616287"
"12180","104172606","103494310"
"12181","104172648","103081292"
"12182","104172648","86685696"
"12183","104172648","99976551"
"12184","104172648","96098041"
"12185","104172648","92260803"
"12186","104172658","103342386"
"12187","104172693","103088760"
"12188","104172694","88623113"
"12189","104172698","104171643"
"12190","104172698","88620858"
"12191","104172782","92254691"
"12192","104172800","99973387"
"12193","104172840","86685083"
"12194","104173191","92256443"
"12195","104173191","99972838"
"12196","104173296","103344789"
"12197","104173499","88671165"
"12198","104173903","80121432"
"12199","104173903","103087719"
"12200","104174734","103492757"
"12201","104174736","94203957"
"12202","104175870","104172798"
"12203","104175903","104171379"
"12204","104176319","96093323"
"12205","104176383","104171432"
"12206","104176383","94197014"
"12207","104176487","88675687"
"12208","104176499","96091973"
"12209","104178582","104176009"
"12210","104178588","103494839"
"12211","104178614","88672468"
"12212","104179100","86678548"
"12213","104179100","92252472"
"12214","104179295","103336575"
"12215","78894561","99980087"
"12216","80120994","88680586"
"12217","80121534","99978640"
"12218","80121934","92250105"
"12219","80121934","103337163"
"12220","80122335","97747240"
"12221","80122430","88619325"
"12222","80122431","86684806"
"12223","80122432","88623391"
"12224","80122492","86681283"
"12225","80122493","92250972"
"12226","80122498","80121118"
"12227","80122768","97749272"
"12228","80122769","103504510"
"12229","80122883","97747377"
"12230","80123319","86684511"
"12231","80123331","103080886"
"12232","80123473","103338345"
"12233","80123474","94196853"
"12234","80123496","92252636"
"12235","80123660","103336395"
"12236","80123661","99972284"
"12237","80123675","103083757"
"12238","80123793","104171658"
"12239","80124098","88620857"
"12240","80125012","88675514"
"12241","80125083","103082388"
"12242","80125085","97748732"
"12243","80125760","94198171"
"12244","80125776","103336391"
"12245","80125776","88672321"
"12246","80126113","99978461"
"12247","80126321","96097684"
"12248","80126995","80125850"
"12249","80127122","92258659"
"12250","80127122","103344135"
"12251","80127126","88625636"
"12252","80127127","96097244"
"12253","80127781","92441544"
"12254","80128385","96097838"
"12255","80128531","99972252"
"12256","80129507","97754015"
"12257","80129507","92260661"
"12258","80129507","99974631"
"12259","80129883","103493050"
"12260","86679514","103337664"
"12261","86679514","88624191"
"12262","86679514","88671034"
"12263","86679624","94203384"
"12264","86680882","71483263"
"12265","86680883","103088469"
"12266","86680887","97751630"
"12267","86681029","96095981"
"12268","86681688","97747312"
"12269","86682092","92253419"
"12270","86682092","92444864"
"12271","86682923","97748349"
"12272","86682925","88672475"
"12273","86684509","103338920"
"12274","86684573","96096333"
"12275","86684677","86678347"
"12276","86684689","103080260"
"12277","86686775","103083871"
"12278","86686781","103081344"
"12279","86686807","96098584"
"12280","86689085","99974897"
"12281","86689085","88671613"
"12282","88618396","99973605"
"12283","88618422","103496098"
"12284","88618428","94198019"
"12285","88620514","99979367"
"12286","88620526","88671366"
"12287","88620630","88674378"
"12288","88620630","86680728"
"12289","88620694","80122356"
"12290","88622278","99971237"
"12291","88622280","94198554"
"12292","88623111","94198161"
"12293","88623515","97751970"
"12294","88624174","80127151"
"12295","88624316","88623295"
"12296","88624320","88671586"
"12297","88624321","103344340"
"12298","88625579","88680851"
"12299","88670968","97747838"
"12300","88670968","104171462"
"12301","88670968","103492788"
"12302","88671065","104176382"
"12303","88671078","103504134"
"12304","88671482","92251550"
"12305","88672291","92441836"
"12306","88672291","104172248"
"12307","88672291","96097989"
"12308","88672291","103342431"
"12309","88672336","103336256"
"12310","88672337","103504195"
"12311","88672341","96097966"
"12312","88672341","103504142"
"12313","88672483","103081326"
"12314","88673142","103493646"
"12315","88673546","103083756"
"12316","88673546","103494839"
"12317","88674377","94196328"
"12318","88674379","103339180"
"12319","88675547","96095327"
"12320","88675963","96088877"
"12321","88676027","86679837"
"12322","88676131","104178715"
"12323","88676143","104171108"
"12324","88678229","96097838"
"12325","88678235","97747383"
"12326","88678261","99977754"
"12327","88680539","97751909"
"12328","88680539","88673046"
"12329","88680738","103494746"
"12330","92251264","96095430"
"12331","92251264","103338808"
"12332","92251264","104171790"
"12333","92251361","103338983"
"12334","92251374","88672200"
"12335","92251374","103491236"
"12336","92251778","103490561"
"12337","92252545","94203959"
"12338","92252545","103494270"
"12339","92252545","94197430"
"12340","92252587","86684345"
"12341","92252587","103335883"
"12342","92252587","88675547"
"12343","92252587","86679672"
"12344","92252587","96098476"
"12345","92252632","94201655"
"12346","92252633","94195323"
"12347","92252637","94197609"
"12348","92252637","103501770"
"12349","92252779","88680508"
"12350","92253438","97747676"
"12351","92253842","96099059"
"12352","92253842","96099334"
"12353","92254673","103336675"
"12354","92254675","96088964"
"12355","92255810","92252763"
"12356","92255843","97748245"
"12357","92256259","96093610"
"12358","92256323","86686588"
"12359","92256427","104174080"
"12360","92256439","86680159"
"12361","92258525","103335837"
"12362","92258531","97748416"
"12363","92258557","99971793"
"12364","92260491","92441514"
"12365","92260491","88621146"
"12366","92260690","103337179"
"12367","92438940","97754343"
"12368","92438966","96095877"
"12369","92438972","104180359"
"12370","92441058","97747017"
"12371","92441070","104178021"
"12372","92441238","103344025"
"12373","92442822","103338406"
"12374","92442824","94197466"
"12375","92443655","103491670"
"12376","92443655","86679627"
"12377","92444059","88625636"
"12378","92444718","96095559"
"12379","92444860","78889482"
"12380","92444864","96095490"
"12381","92444865","104171486"
"12382","92446123","80128383"
"12383","92446233","99974484"
"12384","94196696","94195504"
"12385","94196696","103088957"
"12386","94196696","80126222"
"12387","94196793","96090747"
"12388","94196793","88671154"
"12389","94196793","96098159"
"12390","94196806","103090212"
"12391","94196806","103343087"
"12392","94197210","103340966"
"12393","94197789","99975064"
"12394","94197869","103336240"
"12395","94197977","88669829"
"12396","94197977","103086500"
"12397","94197977","104172693"
"12398","94198019","86679668"
"12399","94198019","94205870"
"12400","94198019","99974367"
"12401","94198029","88673598"
"12402","94198064","99972424"
"12403","94198065","99977969"
"12404","94198069","103491539"
"12405","94198069","103343515"
"12406","94198211","99972478"
"12407","94198870","96097370"
"12408","94199274","104179519"
"12409","94199274","103336443"
"12410","94200105","94202309"
"12411","94200107","92445310"
"12412","94201242","103081176"
"12413","94201275","103491130"
"12414","94201691","103335318"
"12415","94201755","94201859"
"12416","94201859","92251551"
"12417","94201871","99977160"
"12418","94203957","104179442"
"12419","94203963","88625175"
"12420","94203989","97747527"
"12421","94205923","92250225"
"12422","94205923","104172237"
"12423","94206122","78890029"
"12424","94206136","99972582"
"12425","96088715","88672484"
"12426","96092430","86679504"
"12427","96093158","104171649"
"12428","96093757","80127851"
"12429","96095462","92251416"
"12430","96096655","104171612"
"12431","96096655","103495076"
"12432","96096822","92443566"
"12433","96098021","78890729"
"12434","96098021","99972393"
"12435","96098021","103493877"
"12436","96098021","96092091"
"12437","96098104","80127122"
"12438","96098104","103344376"
"12439","96098104","92443499"
"12440","96098104","92251582"
"12441","96098146","97749843"
"12442","97746920","92253987"
"12443","97746962","94196817"
"12444","97746962","103081093"
"12445","97746962","96097774"
"12446","97746962","104171622"
"12447","97747045","103492604"
"12448","97747045","72816204"
"12449","97747045","92251974"
"12450","97747045","103337961"
"12451","97747045","86689148"
"12452","97748410","104173961"
"12453","97748410","103502411"
"12454","97749603","103335959"
"12455","97751307","92253433"
"12456","97751906","94202913"
"12457","97752634","97749035"
"12458","99972110","99973639"
"12459","99972152","104180314"
"12460","99972152","92257813"
"12461","99972152","97748350"
"12462","99972152","94197869"
"12463","99972235","86679980"
"12464","99972235","88677004"
"12465","99972235","88622243"
"12466","99972235","103088445"
"12467","99973600","104172252"
"12468","99973600","80125010"
"12469","99973600","86684510"
"12470","99974793","88625218"
"12471","99976497","94197314"
"12472","99977096","104171473"
"12473","99977824","103504337"
"12474","99980701","103336383"
"12475","103080083","104174773"
"12476","103082503","103491459"
"12477","103335153","103081942"
"12478","103337573","103340643"
"12479","103490452","80123472"
"12480","103492872","103338649"
"12481","104170227","104171942"
"12482","104172647","92251385"
"12483","86678373","94199112"
"12484","86680836","103081622"
"12485","88626830","80128508"
"12486","88669827","94196877"
"12487","88672290","86681223"
"12488","92250123","80122541"
"12489","92252586","103490619"
"12490","92447374","92252496"
"12491","94195556","88671087"
"12492","94198018","104172499"
"12493","96090863","99977396"
"12494","96092605","103085865"
"12495","96096687","99972870"
"12496","96096688","88618422"
"12497","96096782","92445762"
"12498","96096782","96098153"
"12499","96098038","97754299"
"12500","96098038","94197097"
"12501","96098038","88674379"
"12502","96098038","80126980"
"12503","96098038","99972246"
"12504","96099295","86684513"
"12505","97745812","88621142"
"12506","97747028","104179396"
"12507","97747028","86681757"
"12508","97747028","99971762"
"12509","97747028","97745981"
"12510","97747028","80128377"
"12511","97748283","99973602"
"12512","97748283","92255979"
"12513","97748377","94199331"
"12514","97748378","103491882"
"12515","97752459","88672436"
"12516","97754198","92447371"
"12517","99971002","97754851"
"12518","99972218","88672682"
"12519","99972218","94197135"
"12520","99972218","104172669"
"12521","99972218","99972222"
"12522","99972218","99977058"
"12523","99973473","103494034"
"12524","99973473","88673362"
"12525","99973567","99973014"
"12526","99973568","88671111"
"12527","99977649","103081357"
"12528","99979388","104177584"
"12529","103081278","92445910"
"12530","103081278","96097638"
"12531","103081278","96088349"
"12532","103089023","103491721"
"12533","103089023","97753248"
"12534","103089023","99973028"
"12535","103336348","80125854"
"12536","103336348","96098004"
"12537","103336348","92255949"
"12538","103344093","92446525"
"12539","103344093","92446067"
"12540","103344093","86682232"
"12541","103491647","104179414"
"12542","103491647","96094724"
"12543","103491647","88619238"
"12544","103501067","88671881"
"12545","103501067","104169994"
"12546","103501067","103335834"
"12547","104171422","103081170"
"12548","104171422","97747234"
"12549","104171422","88620372"
"12550","104179167","92446082"
"12551","104179167","86689429"
"12552","104179167","103493259"
"12553","78889481","86679640"
"12554","80118856","80123773"
"12555","80128399","103336373"
"12556","86679610","104173976"
"12557","86689152","103081951"
"12558","86689152","103082619"
"12559","86689152","104177623"
"12560","88616051","103088675"
"12561","88616051","103335973"
"12562","88625593","88670958"
"12563","88671064","92447400"
"12564","88680606","103082096"
"12565","88680606","61582634"
"12566","88680606","92436831"
"12567","92251360","97753712"
"12568","92260558","103082957"
"12569","92260558","103344026"
"12570","92260558","96096782"
"12571","92436595","94196833"
"12572","92436595","104171041"
"12573","92446137","86684057"
"12574","94196792","104173403"
"12575","94196792","97755026"
"12576","94196792","103337694"
"12577","94205990","88676625"
"12578","94205990","88616118"
"12579","94205990","92253667"
"12580","96088861","92250121"
"12581","96088861","86682234"
"12582","96091079","103343044"
"12583","96093096","92251552"
"12584","96095577","94202611"
"12585","96097998","94196681"
"12586","96097998","99977849"
"12587","96098105","97755018"
"12588","96098105","103082355"
"12589","96098105","86682925"
"12590","97746961","103081648"
"12591","97746961","97752657"
"12592","97746961","103490564"
"12593","97747068","86680887"
"12594","97747068","99978442"
"12595","97749488","104172800"
"12596","97751968","94201412"
"12597","97753982","103081718"
"12598","97754752","104171113"
"12599","97754752","99974556"
"12600","99972151","104174027"
"12601","99972151","88676282"
"12602","99972151","80123663"
"12603","99972258","88672373"
"12604","99972258","80126133"
"12605","99974678","88624317"
"12606","99977158","92250835"
"12607","99977158","94199145"
"12608","99979172","103081468"
"12609","99979942","103087022"
"12610","99979942","103087615"
"12611","103086997","92251018"
"12612","103086997","103339213"
"12613","103342067","94206223"
"12614","103342067","103493049"
"12615","103494814","92256823"
"12616","104177141","103495611"
"12617","104177141","88674450"
"12618","86685331","96091814"
"12619","88619872","94198067"
"12620","88676785","96098525"
"12621","92257081","88675681"
"12622","92440416","104172091"
"12623","94202513","80121420"
"12624","96090828","94205721"
"12625","96090828","92260552"
"12626","96095579","80127950"
"12627","97749486","99974844"
"12628","97754233","103080813"
"12629","97754233","92447368"
"12630","99974676","92444879"
"12631","99979423","104171313"
"12632","99979423","97747064"
"12633","103081233","92252084"
"12634","103081233","99972251"
"12635","103081233","86679658"
"12636","103081233","92260490"
"12637","103081331","92260492"
"12638","103081331","97746963"
"12639","103082502","99972118"
"12640","103082502","103503936"
"12641","103082524","103491948"
"12642","103082524","86686807"
"12643","103087416","67694146"
"12644","103087761","86689054"
"12645","103087761","97747288"
"12646","103087761","103492904"
"12647","103088464","88625592"
"12648","103336303","97747197"
"12649","103336303","86686803"
"12650","103336303","103493093"
"12651","103336303","92444828"
"12652","103336401","103336397"
"12653","103336401","103336366"
"12654","103337572","103492198"
"12655","103337572","97752635"
"12656","103337594","80127142"
"12657","103337594","103080258"
"12658","103338650","97746841"
"12659","103342486","97748315"
"12660","103342831","97746551"
"12661","103342831","97747826"
"12662","103342831","99978902"
"12663","103343534","103336694"
"12664","103491602","103492783"
"12665","103491602","103337070"
"12666","103491602","88680606"
"12667","103491602","96088478"
"12668","103491700","92252806"
"12669","103491700","96097966"
"12670","103492871","97749875"
"12671","103492871","103342593"
"12672","103492893","99976818"
"12673","103492893","97747231"
"12674","103495060","92250197"
"12675","103495605","103337721"
"12676","103501774","104171797"
"12677","103501774","88622278"
"12678","104171377","99971739"
"12679","104171377","103088448"
"12680","104171377","96096690"
"12681","104171377","86679634"
"12682","104171475","94204089"
"12683","104171475","92251973"
"12684","104172646","103343878"
"12685","104172646","88619817"
"12686","104172668","96097835"
"12687","104172668","86686801"
"12688","104173724","92446075"
"12689","104177560","103338503"
"12690","104177905","92440918"
"12691","104177905","88671745"
"12692","104177905","88618902"
"12693","104178608","88620397"
"12694","78890706","103083539"
"12695","78890728","103491541"
"12696","78890728","92443598"
"12697","78894525","94197465"
"12698","78896673","80123658"
"12699","80121207","103491662"
"12700","80121910","92258061"
"12701","80122257","96097390"
"12702","80123355","97748125"
"12703","80127152","96088861"
"12704","80127174","103495123"
"12705","80128346","103338953"
"12706","80128444","86684828"
"12707","86679565","96096615"
"12708","86679565","96095421"
"12709","86679565","94202739"
"12710","86679565","104176160"
"12711","86679663","103338757"
"12712","86679663","92252548"
"12713","86680835","94196686"
"12714","86680835","88620619"
"12715","86680857","86680130"
"12716","86680857","94196838"
"12717","86684653","104171469"
"12718","86685751","86684348"
"12719","86686098","88672292"
"12720","86686098","96093470"
"12721","86686801","96095649"
"12722","88618402","88623718"
"12723","88619105","97748350"
"12724","88619452","80126316"
"12725","88620550","94199095"
"12726","88624346","86682185"
"12727","88624346","103085724"
"12728","88624368","92441530"
"12729","88625540","103337664"
"12730","88625540","96096688"
"12731","88625638","97747057"
"12732","88625638","88624320"
"12733","88625638","103490617"
"12734","88671019","104177560"
"12735","88671019","92251410"
"12736","88671019","88624321"
"12737","88671019","88671145"
"12738","88671117","103083603"
"12739","88671117","104170904"
"12740","88672289","92260827"
"12741","88672289","92445762"
"12742","88672311","96096751"
"12743","88672311","103087964"
"12744","88676107","104171703"
"12745","88677205","88673589"
"12746","88677552","103495585"
"12747","88678255","96093446"
"12748","92251315","92257402"
"12749","92251315","80123658"
"12750","92251315","88670962"
"12751","92251315","99978365"
"12752","92251413","99972238"
"12753","92251413","104172831"
"12754","92252585","103088438"
"12755","92252585","92253999"
"12756","92252607","103492314"
"12757","92252607","103080936"
"12758","92256403","92256224"
"12759","92257501","94201412"
"12760","92257848","92260542"
"12761","92258551","80127938"
"12762","92438946","92443839"
"12763","92439649","97745821"
"12764","92439996","103337620"
"12765","92441094","92447369"
"12766","92444890","97747025"
"12767","92444890","86686102"
"12768","92444912","97746477"
"12769","92446084","88670874"
"12770","92446084","97748412"
"12771","92446182","103491943"
"12772","92446182","104178614"
"12773","92446182","99974818"
"12774","94196747","104176033"
"12775","94196747","97747053"
"12776","94196747","92446221"
"12777","94196747","99972888"
"12778","94196845","103338027"
"12779","94196845","97747242"
"12780","94198017","97746962"
"12781","94198017","103341082"
"12782","94198039","92254674"
"12783","94198039","99978901"
"12784","94201835","103082646"
"12785","94202933","94203245"
"12786","94203280","92252037"
"12787","94203983","103342160"
"12788","96090888","86680074"
"12789","96095982","103081364"
"12790","96097641","96088725"
"12791","96098043","103504151"
"12792","96098044","86686777"
"12793","97747022","103336075"
"12794","97747022","88625571"
"12795","97747023","88678236"
"12796","97747023","103083152"
"12797","97747425","86679565"
"12798","97749083","103337631"
"12799","97754173","96096831"
"12800","99972212","99979786"
"12801","99972212","103086790"
"12802","99972213","103338757"
"12803","99972213","96093196"
"12804","99972615","104176638"
"12805","99974273","88680370"
"12806","99979363","99971161"
"12807","103081277","103081508"
"12808","103081277","92252677"
"12809","103081277","92250098"
"12810","103081277","80118812"
"12811","103081572","103088403"
"12812","103081572","103337424"
"12813","103081572","103087324"
"12814","103083532","104174059"
"12815","103083532","92446087"
"12816","103084148","103501229"
"12817","103086729","86684348"
"12818","103088022","103501068"
"12819","103088371","86682232"
"12820","103336347","104171034"
"12821","103336347","97746931"
"12822","103336347","97745977"
"12823","103336347","80126326"
"12824","103336642","96088862"
"12825","103336642","92251422"
"12826","103336642","96098104"
"12827","103338602","99971001"
"12828","103338602","80125862"
"12829","103339218","86685556"
"12830","103341799","99973505"
"12831","103343092","97754174"
"12832","103343441","88673137"
"12833","103491646","88678261"
"12834","103491646","92444768"
"12835","103491646","86680748"
"12836","103491646","97753221"
"12837","103491941","88620619"
"12838","103491941","96095490"
"12839","103491941","103491718"
"12840","103494631","96091349"
"12841","103495407","92260809"
"12842","103495514","94196451"
"12843","103502571","104171493"
"12844","103503901","80121002"
"12845","103504517","99977789"
"12846","103504517","88678235"
"12847","104171421","99979985"
"12848","104171421","94196450"
"12849","104171421","104171100"
"12850","104171421","86679526"
"12851","104171716","104170999"
"12852","104171716","103080064"
"12853","104171716","80124098"
"12854","104173676","88671034"
"12855","104173676","103495255"
"12856","104174292","103492464"
"12857","104176873","94197089"
"12858","104178166","92257852"
"12859","104178515","80121806"
"12860","104178516","103338020"
"12861","78889480","97755025"
"12862","80121300","94199145"
"12863","80125527","103339067"
"12864","80126144","104179795"
"12865","80128400","104171652"
"12866","86679609","94196849"
"12867","86681865","92443582"
"12868","86682481","97745786"
"12869","86685063","104174060"
"12870","86686228","103082552"
"12871","86686359","96090982"
"12872","86686708","92440507"
"12873","88618495","94202548"
"12874","88618844","103493460"
"12875","88620140","86681921"
"12876","88622722","103491459"
"12877","88623338","103081186"
"12878","88625594","92254085"
"12879","88671063","103085727"
"12880","88671063","99979061"
"12881","88671358","99972274"
"12882","88671358","103492465"
"12883","88671358","104171479"
"12884","88673319","99977414"
"12885","88673935","94196330"
"12886","88676517","92260322"
"12887","88677682","96088865"
"12888","88677813","86684653"
"12889","88678162","104177050"
"12890","92251359","88672510"
"12891","92251359","94195315"
"12892","92251654","92255843"
"12893","92251654","103495515"
"12894","92251654","92251551"
"12895","92253615","99977941"
"12896","92254231","92252770"
"12897","92256813","86681030"
"12898","92257978","80129883"
"12899","92258109","104177072"
"12900","92258458","94203037"
"12901","92439039","99978893"
"12902","92439388","86678375"
"12903","92440684","103340963"
"12904","92443266","103492757"
"12905","92443882","80121537"
"12906","92446138","97749555"
"12907","94196791","103335251"
"12908","94196791","88669580"
"12909","94196791","96096831"
"12910","94196791","88624368"
"12911","94197086","97751618"
"12912","94197086","103336303"
"12913","94197086","99977940"
"12914","94199047","94201522"
"12915","94199047","104172865"
"12916","94199663","92446052"
"12917","94202245","97749106"
"12918","94203541","96095733"
"12919","94203890","103504217"
"12920","96088503","103082503"
"12921","96088505","92260300"
"12922","96088726","99971011"
"12923","96088922","97753158"
"12924","96090862","92258640"
"12925","96090892","103501681"
"12926","96092160","88626855"
"12927","96093160","88671879"
"12928","96095188","104178722"
"12929","96095625","88676693"
"12930","96095625","99980701"
"12931","96095955","103495605"
"12932","96096656","92251406"
"12933","96096656","94202606"
"12934","96097229","103336555"
"12935","96097230","96088582"
"12936","96097419","92260538"
"12937","96097610","103338981"
"12938","96097833","88676290"
"12939","96097833","96095977"
"12940","96097833","97753221"
"12941","96097840","96098485"
"12942","96097840","103338515"
"12943","96098006","88676921"
"12944","96098006","92258459"
"12945","96098014","104171477"
"12946","96099296","104171622"
"12947","97745811","103503936"
"12948","97747052","86686063"
"12949","97747060","99971100"
"12950","97747060","97747308"
"12951","97747226","104174736"
"12952","97747226","88673630"
"12953","97747233","103081469"
"12954","97747233","86681056"
"12955","97747233","88670721"
"12956","97747456","94199518"
"12957","97747647","103490434"
"12958","97747836","92441515"
"12959","97747837","80125095"
"12960","97748367","104172705"
"12961","97748409","92260834"
"12962","97748409","94196983"
"12963","97749110","92441544"
"12964","97749440","88672381"
"12965","97749440","78889480"
"12966","97749877","92252729"
"12967","97751904","104177806"
"12968","97754169","80126295"
"12969","97754199","92256584"
"12970","97754691","99973542"
"12971","97754883","92253998"
"12972","97755104","104177071"
"12973","97755106","103083383"
"12974","99971001","94205842"
"12975","99972242","97755512"
"12976","99972250","97745572"
"12977","99972250","88620968"
"12978","99972416","88675790"
"12979","99972416","92446112"
"12980","99972423","86679144"
"12981","99972423","97751594"
"12982","99972423","97753703"
"12983","99972646","99972414"
"12984","99972837","103338420"
"12985","99973026","88669836"
"12986","99973027","104178402"
"12987","99973599","92253648"
"12988","99973599","99973015"
"12989","99974300","103088466"
"12990","99974630","103338518"
"12991","99974630","103082552"
"12992","99975067","99973569"
"12993","99977094","94195537"
"12994","99979359","86683926"
"12995","99979389","99971698"
"12996","99979881","99979061"
"12997","99980073","103344087"
"12998","99980294","86681283"
"12999","99980296","103493048"
"13000","103081227","92251382"
"13001","103081227","103080044"
"13002","103082461","88676555"
"13003","103083354","104175903"
"13004","103086389","80123661"
"13005","103089064","97749873"
"13006","103336297","97747530"
"13007","103336297","103336304"
"13008","103337531","103340959"
"13009","103338424","92436810"
"13010","103341459","94203890"
"13011","103344134","103081235"
"13012","103491596","104174757"
"13013","103491596","78896467"
"13014","103492830","92251736"
"13015","103493723","92441405"
"13016","103494396","103336643"
"13017","103501027","103494036"
"13018","104171371","92447199"
"13019","104171371","86679624"
"13020","104172605","103492837"
"13021","104173498","97746608"
"13022","104176533","94201370"
"13023","104179208","96088366"
"13024","80126322","99976551"
"13025","86679559","97748257"
"13026","86680794","86685828"
"13027","86681687","99971896"
"13028","86689193","61579304"
"13029","88623516","103338329"
"13030","88625644","104174069"
"13031","88671013","104172498"
"13032","88671013","103336410"
"13033","88672248","94205970"
"13034","88673141","86685355"
"13035","88676177","104180538"
"13036","88680647","104174287"
"13037","92251309","97749485"
"13038","92251309","88671702"
"13039","92252544","92446087"
"13040","92253437","96095569"
"13041","92256473","88625571"
"13042","92260599","104173677"
"13043","92436554","92436318"
"13044","92444060","96092991"
"13045","92446188","103338451"
"13046","94196741","88676143"
"13047","94196741","96093483"
"13048","94197976","92251384"
"13049","94198869","96098365"
"13050","94201905","103088984"
"13051","94206031","99972248"
"13052","96092202","103342935"
"13053","97752861","99973027"
"13054","99978051","103495048"
"13055","103081181","104172698"
"13056","103081181","92249883"
"13057","103081181","92440191"
"13058","103081181","88680723"
"13059","103081276","92251577"
"13060","103081276","103344327"
"13061","103081276","103084148"
"13062","103081276","99979269"
"13063","103081571","97745817"
"13064","103081571","103336304"
"13065","103081571","86689255"
"13066","103082603","103494062"
"13067","103086381","88671050"
"13068","103087225","103083723"
"13069","103336251","92251406"
"13070","103336251","88675523"
"13071","103336251","103088023"
"13072","103336251","80118723"
"13073","103336346","88624148"
"13074","103336346","97751308"
"13075","103336346","92440391"
"13076","103336346","94195538"
"13077","103336641","88675671"
"13078","103336641","104170986"
"13079","103336641","97747009"
"13080","103337673","104174042"
"13081","103341451","103080937"
"13082","103342295","92252805"
"13083","103491550","104178712"
"13084","103491550","96088868"
"13085","103491550","88623416"
"13086","103491550","88670002"
"13087","103491645","86680074"
"13088","103491645","104172943"
"13089","103491645","96096715"
"13090","103491645","96096031"
"13091","103491940","99972221"
"13092","103491940","99972883"
"13093","103491940","99978490"
"13094","103494388","104170962"
"13095","103501948","99973567"
"13096","104171325","103084113"
"13097","104171325","104180256"
"13098","104171325","103085901"
"13099","104171325","103490426"
"13100","104171420","103492723"
"13101","104171420","103340702"
"13102","104171420","97747834"
"13103","104171420","94196778"
"13104","104171715","94197085"
"13105","104171715","80123293"
"13106","104171715","104174164"
"13107","104172180","103089375"
"13108","104172180","94197238"
"13109","104172747","103492474"
"13110","104173241","94206266"
"13111","104176525","88620971"
"13112","104177369","94201897"
"13113","78889479","103491673"
"13114","78889774","103337673"
"13115","78889774","103081170"
"13116","80128106","92250936"
"13117","80128106","104174137"
"13118","80128401","88676285"
"13119","86679513","104171614"
"13120","86679513","96092992"
"13121","86679513","96088830"
"13122","86679513","99972191"
"13123","86679608","103081355"
"13124","86679903","103492972"
"13125","86679903","86679904"
"13126","86684715","104179167"
"13127","86685560","80122312"
"13128","88619643","99978581"
"13129","88620488","86678548"
"13130","88625300","103337175"
"13131","88625300","96093440"
"13132","88625595","88669802"
"13133","88625690","80126322"
"13134","88670967","92255837"
"13135","88670967","88681099"
"13136","88670967","88669592"
"13137","88670967","97749486"
"13138","88671062","97747647"
"13139","88671062","103083757"
"13140","88671357","103493728"
"13141","88671357","103492784"
"13142","88671357","103081468"
"13143","88676169","103083047"
"13144","88677014","92251375"
"13145","92251263","96099116"
"13146","92251263","99976643"
"13147","92251263","103082550"
"13148","92251263","94198118"
"13149","92251358","104178582"
"13150","92251358","86680748"
"13151","92251653","86680979"
"13152","92251653","97748456"
"13153","92251653","88677014"
"13154","92256465","104170209"
"13155","92257310","103335884"
"13156","92441032","103496116"
"13157","92445844","96095551"
"13158","92445844","92257548"
"13159","92446139","86679985"
"13160","92446234","103492405"
"13161","92446234","88624173"
"13162","94196695","92441070"
"13163","94196695","92446075"
"13164","94196695","86684059"
"13165","94196695","103081233"
"13166","94196790","86679571"
"13167","94196790","86682090"
"13168","94196790","104171503"
"13169","94196790","104173034"
"13170","94197085","99974556"
"13171","94197085","94196753"
"13172","94197085","88671703"
"13173","94198118","86685551"
"13174","94201897","92255949"
"13175","94202742","88677765"
"13176","96093336","103082505"
"13177","96098042","97748988"
"13178","96098042","103344364"
"13179","96098045","80127161"
"13180","96098106","96095283"
"13181","96098106","96095599"
"13182","96098106","99974560"
"13183","96098106","99972404"
"13184","96098143","88670542"
"13185","96098143","104173709"
"13186","97746923","94201374"
"13187","97746923","92253982"
"13188","97746960","103081013"
"13189","97746960","104170230"
"13190","97746960","88671149"
"13191","97746960","104171768"
"13192","97747021","104181070"
"13193","97747021","86684234"
"13194","97747024","99971668"
"13195","97747024","104172793"
"13196","97747024","99971674"
"13197","97751728","92260514"
"13198","99972113","88677755"
"13199","99972113","86684059"
"13200","99972150","104179574"
"13201","99972150","92260835"
"13202","99972150","103336544"
"13203","99972150","103338826"
"13204","99972211","86682923"
"13205","99972211","80123420"
"13206","99972214","92250292"
"13207","99972214","88623027"
"13208","99972214","88624577"
"13209","99976918","80126143"
"13210","103081287","97752635"
"13211","103081287","88671042"
"13212","103081287","88673390"
"13213","103081287","92253905"
"13214","103083685","92440416"
"13215","103083685","104175998"
"13216","103090108","103086870"
"13217","103336357","103081279"
"13218","103336357","103336363"
"13219","103336357","103083832"
"13220","103336357","99973012"
"13221","103338755","104174292"
"13222","103338755","92443301"
"13223","103345177","104178909"
"13224","103491656","99973480"
"13225","103491656","103336246"
"13226","103491656","103492781"
"13227","103491656","99972214"
"13228","103504364","103504293"
"13229","103504364","97746901"
"13230","104171431","88671134"
"13231","104171431","94206137"
"13232","104171431","94201275"
"13233","104171431","92252027"
"13234","104173829","103088005"
"13235","104173829","99971891"
"13236","104180251","80119114"
"13237","80125991","99972221"
"13238","80128390","88672295"
"13239","86679619","103345574"
"13240","86682018","96097777"
"13241","86682018","86680989"
"13242","88625584","103492723"
"13243","88671073","99978796"
"13244","88671073","88672483"
"13245","88673472","99972720"
"13246","88673472","96097869"
"13247","92251369","88670734"
"13248","92251369","99972411"
"13249","92253768","92439996"
"13250","92253768","103340797"
"13251","92443729","103495276"
"13252","92443729","97748449"
"13253","92446128","103081473"
"13254","94196801","103336334"
"13255","94196801","86679145"
"13256","94196801","103490622"
"13257","94199200","88620669"
"13258","94199200","86685467"
"13259","94206636","96090716"
"13260","96088215","88671281"
"13261","96090895","97745811"
"13262","96095651","103490461"
"13263","96095651","88625071"
"13264","96095651","80121530"
"13265","96098107","88618418"
"13266","96098107","103081727"
"13267","97746959","99979008"
"13268","97746959","88671365"
"13269","97746959","103492404"
"13270","97749414","96097845"
"13271","97749414","103491230"
"13272","97749414","99974741"
"13273","97754166","96099166"
"13274","99972149","88619625"
"13275","99972149","103504446"
"13276","99974604","92258535"
"13277","99974604","92255977"
"13278","99974604","103082697"
"13279","99979356","80128384"
"13280","103081232","99972227"
"13281","103081232","103339184"
"13282","103081232","94198031"
"13283","103081232","104173679"
"13284","103081323","104172748"
"13285","103081323","61687529"
"13286","103081504","97748417"
"13287","103081504","94196987"
"13288","103081504","92255980"
"13289","103081570","80118856"
"13290","103081570","86681866"
"13291","103082101","103089023"
"13292","103082101","80121004"
"13293","103082101","103495058"
"13294","103082101","99972387"
"13295","103082460","97747021"
"13296","103082460","103492032"
"13297","103084147","97747030"
"13298","103086235","97749065"
"13299","103086786","104172729"
"13300","103086788","94197014"
"13301","103087136","88672336"
"13302","103087414","88624763"
"13303","103087414","94199054"
"13304","103087968","92438944"
"13305","103087975","96096872"
"13306","103087975","99977158"
"13307","103088074","86680223"
"13308","103088074","99979872"
"13309","103088504","103343045"
"13310","103088504","88680705"
"13311","103089048","103083822"
"13312","103336302","97746672"
"13313","103336302","103336691"
"13314","103336302","103089290"
"13315","103336302","97751464"
"13316","103336393","103342206"
"13317","103336393","92438970"
"13318","103336574","92253983"
"13319","103336574","69499653"
"13320","103336574","103343052"
"13321","103336640","86680860"
"13322","103336640","80128346"
"13323","103337171","94197009"
"13324","103337171","92254866"
"13325","103337171","97753693"
"13326","103337171","104171657"
"13327","103337171","94198018"
"13328","103337530","97746549"
"13329","103337530","86682476"
"13330","103339217","96092284"
"13331","103341305","103501184"
"13332","103341856","99977789"
"13333","103341858","88670722"
"13334","103342206","103087765"
"13335","103342484","88624191"
"13336","103342484","78889773"
"13337","103343038","104179486"
"13338","103343045","103082681"
"13339","103343045","92258525"
"13340","103343144","96089158"
"13341","103343144","103494243"
"13342","103343574","103081339"
"13343","103343574","88670002"
"13344","103344118","96098525"
"13345","103491601","104172605"
"13346","103491601","94198960"
"13347","103491601","94199415"
"13348","103491601","103340823"
"13349","103491692","103336436"
"13350","103491692","94197615"
"13351","103491873","94201384"
"13352","103491873","104171614"
"13353","103491873","88669827"
"13354","103491939","86686784"
"13355","103491939","104171614"
"13356","103492470","96096651"
"13357","103492470","88676576"
"13358","103492470","103088871"
"13359","103492829","86684235"
"13360","103492829","103081656"
"13361","103494305","88671120"
"13362","103494672","88622954"
"13363","103494949","88626856"
"13364","103495058","103081182"
"13365","103495058","99972252"
"13366","103501043","92441054"
"13367","103501297","104172559"
"13368","103501297","104173855"
"13369","103501526","97753604"
"13370","103501526","99978411"
"13371","103501601","92251735"
"13372","103501601","104171328"
"13373","103501608","96088278"
"13374","103502061","88680964"
"13375","103503902","92251383"
"13376","104171376","104171383"
"13377","104171376","92439919"
"13378","104171376","80121420"
"13379","104171376","88669825"
"13380","104171467","88620861"
"13381","104171467","104171703"
"13382","104171648","92447373"
"13383","104171648","103491694"
"13384","104171648","92255985"
"13385","104171714","94196826"
"13386","104171714","104177194"
"13387","104172245","104172923"
"13388","104172245","88673141"
"13389","104172245","86686311"
"13390","104172245","104171660"
"13391","104172245","88672470"
"13392","104172604","103083852"
"13393","104172604","103344364"
"13394","104174291","96096614"
"13395","104176379","96093451"
"13396","104176930","97751622"
"13397","104176932","88673367"
"13398","104176932","92251735"
"13399","104177280","86687004"
"13400","104177558","103085759"
"13401","104177558","103493090"
"13402","104178112","104171475"
"13403","104178119","99972478"
"13404","104178119","88673472"
"13405","104178218","80121537"
"13406","104178218","88624601"
"13407","104178218","97747028"
"13408","104178648","92253999"
"13409","104178648","103338451"
"13410","104179192","92250098"
"13411","71487259","88680590"
"13412","78889773","88624321"
"13413","78890304","96093440"
"13414","78890304","88670789"
"13415","78890664","97746487"
"13416","78892104","86680884"
"13417","78894994","103338447"
"13418","78895343","94197485"
"13419","80118831","94203966"
"13420","80121167","104171376"
"13421","80121696","96098249"
"13422","80121703","96096386"
"13423","80122537","92251390"
"13424","80122886","80121696"
"13425","80122888","92255965"
"13426","80123439","97747395"
"13427","80127216","88624250"
"13428","80127576","88680739"
"13429","80127576","80121201"
"13430","80127576","99978351"
"13431","80128107","103082628"
"13432","80128173","99972390"
"13433","80128354","103503459"
"13434","80128354","88622996"
"13435","80128445","92446561"
"13436","80128445","86679644"
"13437","86679564","104174137"
"13438","86679564","99977154"
"13439","86679564","67690833"
"13440","86679564","88626830"
"13441","86679655","103335389"
"13442","86679655","103338985"
"13443","86679836","96098019"
"13444","86679836","92251376"
"13445","86679836","99972167"
"13446","86679902","99972494"
"13447","86679902","92444734"
"13448","86680433","88620629"
"13449","86680433","88675645"
"13450","86680433","103495566"
"13451","86680793","96098106"
"13452","86680793","80127785"
"13453","86682480","96090714"
"13454","86684569","103081364"
"13455","86685120","99971732"
"13456","86685471","97749079"
"13457","86685749","97748283"
"13458","86685749","99977157"
"13459","86686305","103335153"
"13460","86686312","92251442"
"13461","86686312","99979490"
"13462","86686411","103081331"
"13463","86686411","96098366"
"13464","86686841","103337573"
"13465","86686841","97751305"
"13466","86689177","92250894"
"13467","88616026","71482315"
"13468","88618792","99978784"
"13469","88618891","92250128"
"13470","88618898","103491118"
"13471","88619454","94199348"
"13472","88619454","99972755"
"13473","88619732","97753602"
"13474","88620083","92253935"
"13475","88620634","103083903"
"13476","88624410","103491993"
"13477","88624770","88619388"
"13478","88624770","94205887"
"13479","88624770","99979209"
"13480","88625301","104170463"
"13481","88625367","103082603"
"13482","88625367","103501608"
"13483","88625548","103337619"
"13484","88625548","88671063"
"13485","88625639","86679451"
"13486","88625639","103336417"
"13487","88625639","103081469"
"13488","88671018","86679985"
"13489","88671018","104178112"
"13490","88671018","88676925"
"13491","88671018","88671062"
"13492","88671109","104180361"
"13493","88671109","103083703"
"13494","88671290","103501297"
"13495","88671290","103088962"
"13496","88671290","94206372"
"13497","88671356","80128496"
"13498","88671356","92445567"
"13499","88671887","103080973"
"13500","88671887","88618792"
"13501","88671887","99979537"
"13502","88672247","92443966"
"13503","88672247","103083448"
"13504","88673934","103501526"
"13505","88674657","92251168"
"13506","88676023","96095515"
"13507","88676574","92255984"
"13508","88676576","92258532"
"13509","88676925","88678363"
"13510","88677203","69723981"
"13511","88677203","97747072"
"13512","88677759","103493749"
"13513","88677766","92439659"
"13514","88677766","96088505"
"13515","88677865","103088966"
"13516","88677865","86681669"
"13517","88678295","103080250"
"13518","88678295","96088287"
"13519","88680631","86681424"
"13520","92251314","103491656"
"13521","92251314","103081367"
"13522","92251314","92440649"
"13523","92251314","99972066"
"13524","92251405","88625578"
"13525","92251405","99972291"
"13526","92251586","88680650"
"13527","92251586","103504199"
"13528","92251586","80122907"
"13529","92251652","94198119"
"13530","92251652","92439039"
"13531","92252183","103080806"
"13532","92252183","92444862"
"13533","92252183","104177460"
"13534","92252543","86680883"
"13535","92252543","97746475"
"13536","92254230","92446234"
"13537","92254953","104170228"
"13538","92256319","88671019"
"13539","92256870","86680859"
"13540","92256872","80128106"
"13541","92257221","104173724"
"13542","92257499","97752459"
"13543","92257499","103082649"
"13544","92258055","97755106"
"13545","92258062","99979939"
"13546","92258062","99972211"
"13547","92258161","103495588"
"13548","92258161","92256427"
"13549","92258591","104174060"
"13550","92258591","103081018"
"13551","92260583","88671890"
"13552","92436570","80128360"
"13553","92438906","80123436"
"13554","92438906","88625146"
"13555","92439336","80126781"
"13556","92439336","92447374"
"13557","92439442","104178584"
"13558","92439998","94197087"
"13559","92439998","103080939"
"13560","92440276","103086503"
"13561","92441178","99975032"
"13562","92443267","104171790"
"13563","92444954","97745810"
"13564","92445314","103336414"
"13565","92445314","103337165"
"13566","92445314","88669836"
"13567","92445845","97749177"
"13568","92445845","103491838"
"13569","92445911","86678548"
"13570","92445911","103340795"
"13571","92445911","103337663"
"13572","92446092","99974606"
"13573","92446092","92440088"
"13574","92446183","96094684"
"13575","92446183","103495902"
"13576","92446183","92438840"
"13577","92446183","103080761"
"13578","94196746","104171314"
"13579","94196746","103089410"
"13580","94196746","96090729"
"13581","94196746","104172825"
"13582","94196837","88670962"
"13583","94196837","94196845"
"13584","94197018","86679227"
"13585","94197018","104177761"
"13586","94197018","92441274"
"13587","94197084","88624216"
"13588","94197084","92257012"
"13589","94197615","88672381"
"13590","94197615","104178286"
"13591","94197615","97746613"
"13592","94197975","94200178"
"13593","94197975","103495901"
"13594","94199662","88619872"
"13595","94201751","94198064"
"13596","94202302","104178026"
"13597","94202304","103080057"
"13598","94202653","103341860"
"13599","94202931","103491702"
"13600","94202931","96098105"
"13601","94203487","94197162"
"13602","94203494","97748417"
"13603","94203494","103336410"
"13604","94203593","88619848"
"13605","94203593","94196770"
"13606","94204023","103335925"
"13607","94204023","92446139"
"13608","94206015","80127123"
"13609","96088931","103340970"
"13610","96091918","80121947"
"13611","96093097","103343539"
"13612","96095803","94196815"
"13613","96096433","86684473"
"13614","96097759","99974300"
"13615","96097776","86689255"
"13616","96097776","88623159"
"13617","96097776","88680370"
"13618","96099225","99971672"
"13619","96099225","99974269"
"13620","97745882","103501593"
"13621","97747290","78889481"
"13622","97747290","96092407"
"13623","97747290","97747836"
"13624","97747307","97754312"
"13625","97747307","103343327"
"13626","97748632","78895727"
"13627","97749262","97752009"
"13628","97751967","92251317"
"13629","97753145","61683649"
"13630","97754682","80121597"
"13631","99971072","103338974"
"13632","99972480","104179163"
"13633","99972480","104171379"
"13634","99972480","104173946"
"13635","99972497","103337726"
"13636","99973822","92251807"
"13637","99974452","99972411"
"13638","99977157","103342702"
"13639","99977157","99971677"
"13640","99978335","104176001"
"13641","99979872","103086905"
"13642","103081286","97747198"
"13643","103081286","96095428"
"13644","103081286","96095748"
"13645","103081286","92436594"
"13646","103086712","97749486"
"13647","103086728","97749442"
"13648","103086736","103081340"
"13649","103088245","96096922"
"13650","103088370","103342952"
"13651","103088370","103086928"
"13652","103088434","99974775"
"13653","103088558","97745886"
"13654","103336356","92251421"
"13655","103336356","104172254"
"13656","103336356","80127216"
"13657","103336356","103081336"
"13658","103341782","88618294"
"13659","103341782","97749782"
"13660","103341782","86681013"
"13661","103341798","86682215"
"13662","103341806","92253235"
"13663","103343315","94196794"
"13664","103343440","99972543"
"13665","103343440","92252175"
"13666","103343504","94202283"
"13667","103343628","97749367"
"13668","103491655","96097778"
"13669","103491655","96088582"
"13670","103491655","96098388"
"13671","103491655","103338903"
"13672","103494621","103494350"
"13673","103494630","103083925"
"13674","103494638","103340966"
"13675","103495442","99972167"
"13676","103495513","94206346"
"13677","103495513","94203502"
"13678","103495575","99976772"
"13679","103495634","80128382"
"13680","104171430","88675380"
"13681","104171430","99972175"
"13682","104171430","94199626"
"13683","104171430","103083904"
"13684","104176856","103088017"
"13685","104176856","99971773"
"13686","104176856","94197790"
"13687","104176872","103337572"
"13688","104176880","99976672"
"13689","104178389","94199430"
"13690","104178514","104172658"
"13691","104178514","103336326"
"13692","104178578","104175014"
"13693","104178702","103080806"
"13694","78894934","88677309"
"13695","78894942","94197138"
"13696","78896579","104173676"
"13697","78896579","103084592"
"13698","80121301","86684230"
"13699","80121301","80121597"
"13700","80121426","88672435"
"13701","80122938","80126262"
"13702","80122946","88671733"
"13703","80122962","86680428"
"13704","80128391","92250129"
"13705","86679618","97753597"
"13706","86685046","103337698"
"13707","86685062","92260693"
"13708","86685070","96092596"
"13709","86686582","86680987"
"13710","86686707","80121210"
"13711","86686707","97753271"
"13712","86686771","103336357"
"13713","86686897","103081826"
"13714","88618306","94201397"
"13715","88618432","88619375"
"13716","88618496","103086359"
"13717","88618496","103337621"
"13718","88618621","97747832"
"13719","88620133","96098036"
"13720","88620141","103337468"
"13721","88620157","103495991"
"13722","88625585","103501595"
"13723","88671072","88671634"
"13724","88671072","94198018"
"13725","88676500","88671358"
"13726","88676516","88670722"
"13727","88676524","92444717"
"13728","88678036","88625128"
"13729","88678161","104171768"
"13730","88678161","99974676"
"13731","88678225","103085726"
"13732","88678351","88620857"
"13733","92251368","99972387"
"13734","92251368","103081515"
"13735","92256796","94205838"
"13736","92256812","65983459"
"13737","92256820","104171724"
"13738","92258332","103080774"
"13739","92258457","88671154"
"13740","92258457","80121202"
"13741","92258521","94197167"
"13742","92258647","71486632"
"13743","92438850","92442804"
"13744","92438976","64910564"
"13745","92439040","96090762"
"13746","92439040","96099128"
"13747","92439165","99979359"
"13748","92440677","88623327"
"13749","92440685","103503935"
"13750","92440701","103340796"
"13751","92446129","99970976"
"13752","94196800","86684829"
"13753","94196800","103503906"
"13754","94196800","103504217"
"13755","94202228","97753818"
"13756","94202244","104170462"
"13757","94202252","92445567"
"13758","94203764","104178119"
"13759","94203889","103334984"
"13760","94203889","94199272"
"13761","94203953","80128444"
"13762","94204079","88671080"
"13763","96091258","97754153"
"13764","96098142","78895203"
"13765","96098142","94198948"
"13766","97746924","92252118"
"13767","97746924","94202607"
"13768","97753803","96099287"
"13769","99972114","88625594"
"13770","99972114","97754178"
"13771","99978993","103495825"
"13772","103088422","104175721"
"13773","103088422","103084591"
"13774","103343492","94195554"
"13775","103343492","97746493"
"13776","103495565","97749738"
"13777","103495565","86681058"
"13778","104178566","103086241"
"13779","104178566","97752097"
"13780","78896631","88623327"
"13781","80121249","80128107"
"13782","86686759","92443510"
"13783","86686759","94197362"
"13784","88618444","88619101"
"13785","88678213","96096060"
"13786","88678213","88677556"
"13787","92258509","92250841"
"13788","92258509","86679635"
"13789","92438988","104174756"
"13790","94203941","92260295"
"13791","94203941","88624979"
"13792","96098046","92446115"
"13793","96098046","80128359"
"13794","96098046","96095740"
"13795","96098046","99980579"
"13796","96098046","97748358"
"13797","97747020","103336716"
"13798","97747020","103337663"
"13799","97747020","97747049"
"13800","97747020","86684191"
"13801","97747020","65983458"
"13802","97749090","99977824"
"13803","99972210","103083638"
"13804","99972210","97748194"
"13805","99972210","103503437"
"13806","99972210","103336584"
"13807","99972210","103083856"
"13808","103080082","103336867"
"13809","103081149","103491469"
"13810","103081149","88625531"
"13811","103081149","104176487"
"13812","103081164","103341459"
"13813","103081503","103340925"
"13814","103086280","103493752"
"13815","103086768","92251410"
"13816","103086768","97749633"
"13817","103088252","103081499"
"13818","103088369","94197030"
"13819","103335152","72815288"
"13820","103336219","103336433"
"13821","103336219","92250123"
"13822","103336219","88620397"
"13823","103336234","104179045"
"13824","103336573","104170201"
"13825","103341350","104172747"
"13826","103341838","92258344"
"13827","103341838","92255953"
"13828","103343322","94206123"
"13829","103343439","99971101"
"13830","103490451","96095651"
"13831","103491518","88677332"
"13832","103491518","92440684"
"13833","103491518","103080258"
"13834","103491533","104172558"
"13835","103491872","103338117"
"13836","103494349","103081248"
"13837","103494669","103491652"
"13838","103494669","97746977"
"13839","103495449","99978332"
"13840","103495512","88624148"
"13841","104170226","88678225"
"13842","104171293","103491712"
"13843","104171293","97746484"
"13844","104171293","92447376"
"13845","104171308","103501067"
"13846","104171647","103491728"
"13847","104176424","88624214"
"13848","104176912","92251652"
"13849","104176912","103083902"
"13850","104178396","104179298"
"13851","104178513","94202980"
"13852","78889899","103336251"
"13853","78889930","99976784"
"13854","78896578","104171539"
"13855","80121302","92256439"
"13856","80122906","78891779"
"13857","80122906","103086177"
"13858","80123394","92443300"
"13859","80123394","86679145"
"13860","80128174","104171515"
"13861","80129637","103335323"
"13862","86678372","103085853"
"13863","86679481","94201417"
"13864","86679481","97746615"
"13865","86679496","86685073"
"13866","86679835","103090220"
"13867","86684614","86679656"
"13868","86685102","88671432"
"13869","86685102","103085857"
"13870","86686706","103082683"
"13871","88618497","103490456"
"13872","88620101","103087964"
"13873","88620101","94197086"
"13874","88620589","104171649"
"13875","88625707","80128164"
"13876","88626831","80128450"
"13877","88669826","86685098"
"13878","88670935","103083277"
"13879","88670935","80128106"
"13880","88670935","103494630"
"13881","88670950","103336394"
"13882","88671289","80122906"
"13883","88676068","92446088"
"13884","88676556","103336417"
"13885","88676556","104172103"
"13886","88678043","104174048"
"13887","88678160","99972500"
"13888","92250122","88620102"
"13889","92251231","96097380"
"13890","92251231","99973338"
"13891","92251231","88673900"
"13892","92251246","104176028"
"13893","92251585","96098041"
"13894","92256364","92443881"
"13895","92256852","103086736"
"13896","92256852","99976511"
"13897","92258339","103088461"
"13898","92258456","88624768"
"13899","92439041","103501071"
"13900","92440645","86682207"
"13901","92440645","103087877"
"13902","92441133","96088867"
"13903","92445912","96090884"
"13904","92446251","104174734"
"13905","92446266","86678610"
"13906","92447375","88677759"
"13907","94195555","88615934"
"13908","94196663","103087089"
"13909","94196663","96093196"
"13910","94196663","97747307"
"13911","94196678","103086280"
"13912","94197017","80122768"
"13913","94201796","104171034"
"13914","94202284","94198892"
"13915","94202284","88671034"
"13916","94203771","97746961"
"13917","94203888","94201397"
"13918","96091920","104171080"
"13919","96092567","103336394"
"13920","96097834","103492320"
"13921","96099117","103081264"
"13922","97745990","96092465"
"13923","97747232","103337166"
"13924","97752497","104171316"
"13925","97753143","94202606"
"13926","99971180","80121707"
"13927","99972422","88677755"
"13928","99977687","88670601"
"13929","99978333","88624188"
"13930","103081165","97753706"
"13931","103081275","104170233"
"13932","103081275","94203980"
"13933","103081285","97753168"
"13934","103081285","99978411"
"13935","103081285","99974280"
"13936","103081285","103343322"
"13937","103081921","86686479"
"13938","103086885","94199363"
"13939","103087421","103080814"
"13940","103088256","103080065"
"13941","103088362","94206034"
"13942","103088364","88623831"
"13943","103088436","88624778"
"13944","103089000","96097754"
"13945","103334919","94198406"
"13946","103336235","94197976"
"13947","103336345","94197975"
"13948","103336345","97755165"
"13949","103336355","103494044"
"13950","103336355","99977941"
"13951","103336355","86682020"
"13952","103336355","97747063"
"13953","103336991","97748234"
"13954","103341955","96097866"
"13955","103342491","104171423"
"13956","103343326","103335830"
"13957","103343432","103338781"
"13958","103343434","99974793"
"13959","103343506","104172694"
"13960","103344070","92257301"
"13961","103491534","104180150"
"13962","103491644","103502411"
"13963","103491644","104180114"
"13964","103491654","88672484"
"13965","103491654","103501527"
"13966","103491654","92251416"
"13967","103491654","94196259"
"13968","103492290","88619788"
"13969","103494718","96093466"
"13970","103495065","92256403"
"13971","103495453","104176424"
"13972","103495505","103335155"
"13973","103495507","99976784"
"13974","103495577","103085635"
"13975","103501090","78889486"
"13976","104169993","92251322"
"13977","104171309","104172044"
"13978","104171419","92256319"
"13979","104171419","94204092"
"13980","104171429","88675656"
"13981","104171429","97749084"
"13982","104171429","94196741"
"13983","104171429","99977095"
"13984","104172065","92250128"
"13985","104177029","92256852"
"13986","104177565","92445523"
"13987","104178400","103343492"
"13988","104178506","103490566"
"13989","104178508","103504175"
"13990","104178580","103336172"
"13991","104179144","99973876"
"13992","104179144","80127576"
"13993","69500745","92441414"
"13994","71483416","96096822"
"13995","78889478","103343691"
"13996","78889478","94195735"
"13997","78889488","88673619"
"13998","78895628","86685550"
"13999","78896465","103335839"
"14000","78896645","104179312"
"14001","80118879","92439794"
"14002","80118879","80129662"
"14003","80118879","94195531"
"14004","80118920","94201240"
"14005","80121235","92445026"
"14006","80121307","80125033"
"14007","80121309","92253437"
"14008","80121415","92446228"
"14009","80122252","99979388"
"14010","80128392","103087225"
"14011","80128402","103088578"
"14012","80128402","94197022"
"14013","86679497","88669808"
"14014","86679607","96098584"
"14015","86679607","97754654"
"14016","86679617","96096494"
"14017","86680253","99972199"
"14018","86685756","103337179"
"14019","86686593","103080083"
"14020","86686699","104170957"
"14021","86686701","99980224"
"14022","86686773","103342486"
"14023","86689129","94205842"
"14024","86689129","88625299"
"14025","86689129","86680253"
"14026","88616074","88671149"
"14027","88616074","92440701"
"14028","88616115","88677205"
"14029","88618430","97754018"
"14030","88618502","103336383"
"14031","88618504","96097381"
"14032","88618610","94201240"
"14033","88619447","96098463"
"14034","88625586","86681013"
"14035","88625596","103083383"
"14036","88625596","97753305"
"14037","88670951","86681921"
"14038","88671061","103086728"
"14039","88671061","80126883"
"14040","88671071","88620856"
"14041","88671071","103337960"
"14042","88671707","104171445"
"14043","88676673","103495901"
"14044","88677210","88671072"
"14045","88678047","99979423"
"14046","88678153","86685471"
"14047","88678155","88676177"
"14048","88678227","103494388"
"14049","88680583","94203387"
"14050","88680583","92440170"
"14051","88680583","103492829"
"14052","92251247","103492015"
"14053","92251357","88618844"
"14054","92251357","92446228"
"14055","92251367","88671289"
"14056","92251367","86678013"
"14057","92252003","97748453"
"14058","92256969","94198066"
"14059","92257506","103491538"
"14060","92258343","86686907"
"14061","92258449","103081891"
"14062","92258451","92252543"
"14063","92258523","104171729"
"14064","92260535","92252668"
"14065","92260535","96095651"
"14066","92436618","97753045"
"14067","92436618","103081332"
"14068","92438974","88625722"
"14069","92439046","96088922"
"14070","92439048","103081642"
"14071","92439154","97749543"
"14072","92439991","97753703"
"14073","92445494","104177050"
"14074","92446130","104172923"
"14075","92446140","104173235"
"14076","92446140","86679695"
"14077","94196679","96096386"
"14078","94196789","88670953"
"14079","94196789","94196778"
"14080","94196799","104173499"
"14081","94196799","99973473"
"14082","94196799","94198163"
"14083","94197435","88675514"
"14084","94202401","88678042"
"14085","94202938","99977415"
"14086","94203775","78894970"
"14087","94203881","103501612"
"14088","94203883","96096750"
"14089","94203955","96091918"
"14090","94205967","104178400"
"14091","94205967","104171622"
"14092","94205967","96095504"
"14093","96098050","104169993"
"14094","96098050","92440916"
"14095","96098051","94206325"
"14096","96098051","104173732"
"14097","97747015","96095600"
"14098","97747015","78888225"
"14099","97747015","71487413"
"14100","97747016","88671062"
"14101","97747016","88672175"
"14102","97747016","86681898"
"14103","97747016","103501193"
"14104","99972205","103493049"
"14105","99972205","103082036"
"14106","99972205","96096808"
"14107","99972206","96093435"
"14108","99972206","88618428"
"14109","99972206","97747824"
"14110","103081147","78890304"
"14111","103081229","86679617"
"14112","103081229","80126321"
"14113","103081231","92255967"
"14114","103081231","92447365"
"14115","103081231","104176872"
"14116","103081231","96088600"
"14117","103081561","94206125"
"14118","103081561","92441178"
"14119","103081561","88625725"
"14120","103082061","103342831"
"14121","103082061","92443657"
"14122","103082061","99977096"
"14123","103083866","97745924"
"14124","103086738","104176044"
"14125","103086738","92252030"
"14126","103086748","88619252"
"14127","103086763","103502413"
"14128","103086763","80123499"
"14129","103086763","103081295"
"14130","103087030","99972218"
"14131","103088368","88673352"
"14132","103088439","99971677"
"14133","103088443","103087882"
"14134","103088989","88671255"
"14135","103336217","97746478"
"14136","103336299","104177870"
"14137","103336299","97747826"
"14138","103336301","103342821"
"14139","103336301","103089003"
"14140","103336301","88626655"
"14141","103336301","103338968"
"14142","103336631","78894969"
"14143","103336631","104176981"
"14144","103336631","88620106"
"14145","103337131","96099296"
"14146","103337131","92443788"
"14147","103337131","99973423"
"14148","103338936","92251590"
"14149","103341808","104177895"
"14150","103341808","104178118"
"14151","103341818","92440323"
"14152","103341833","88620634"
"14153","103341833","99977687"
"14154","103341833","103335127"
"14155","103342100","94203771"
"14156","103342119","103085726"
"14157","103343438","97752779"
"14158","103343509","92252175"
"14159","103343513","104171614"
"14160","103344059","80126113"
"14161","103491516","103335901"
"14162","103491598","103081654"
"14163","103491598","103085999"
"14164","103491600","80121235"
"14165","103491600","80128175"
"14166","103491600","103081571"
"14167","103491600","88675515"
"14168","103491930","86684186"
"14169","103491930","92440528"
"14170","103491930","96096077"
"14171","103492430","103492896"
"14172","103492430","80126897"
"14173","103492430","94197009"
"14174","103494640","88624589"
"14175","103494640","99978901"
"14176","103494649","88616071"
"14177","103494664","88620634"
"14178","103494664","103085895"
"14179","103494664","103079838"
"14180","103495511","96093059"
"14181","103495580","96096639"
"14182","103495584","99973447"
"14183","103495913","99973646"
"14184","103504183","103080183"
"14185","104171291","88619964"
"14186","104171291","104170908"
"14187","104171373","88621292"
"14188","104171373","88624950"
"14189","104171375","104175999"
"14190","104171375","92440674"
"14191","104171375","96098515"
"14192","104171375","97747084"
"14193","104171705","99973869"
"14194","104171705","94202265"
"14195","104171705","99980206"
"14196","104172205","92254663"
"14197","104172205","103491671"
"14198","104172205","103082604"
"14199","104174010","104172767"
"14200","104176882","99972258"
"14201","104176882","92444033"
"14202","104176892","88624593"
"14203","104176907","86685953"
"14204","104176907","104171419"
"14205","104176907","96098586"
"14206","104177174","64978033"
"14207","104177193","96091042"
"14208","104178512","94199632"
"14209","104178583","103088443"
"14210","104178587","103341429"
"14211","104179133","92445307"
"14212","78890264","94203800"
"14213","78892070","86679534"
"14214","78894969","97751456"
"14215","78894969","94198067"
"14216","78894969","99980073"
"14217","78895236","71485208"
"14218","78896177","103336254"
"14219","78896577","96098483"
"14220","78896648","103344025"
"14221","78896652","88672510"
"14222","78898990","104178982"
"14223","80118890","103342685"
"14224","80121228","103502571"
"14225","80121232","92446666"
"14226","80121303","94195630"
"14227","80122644","103338982"
"14228","80122911","92445844"
"14229","80122911","104178648"
"14230","80122911","103088440"
"14231","80122926","103494044"
"14232","80122936","94197483"
"14233","80125810","103337605"
"14234","80127616","103082725"
"14235","80127616","94201241"
"14236","80128446","99979009"
"14237","80128446","96092967"
"14238","80128446","103085723"
"14239","80128448","103494396"
"14240","86679479","103494621"
"14241","86679561","97748315"
"14242","86679561","88623456"
"14243","86679563","103082561"
"14244","86679563","99972207"
"14245","86679563","86681015"
"14246","86679563","103339049"
"14247","86679893","80121224"
"14248","86680393","103083532"
"14249","86680393","94198196"
"14250","86682199","103336091"
"14251","86685072","88618402"
"14252","86685072","103335157"
"14253","86685082","96098261"
"14254","86685097","80128531"
"14255","86685097","80127952"
"14256","86685097","78890707"
"14257","86685384","88669788"
"14258","86686705","96097759"
"14259","86686776","97749441"
"14260","86686780","97751464"
"14261","86689118","103504364"
"14262","88616085","103088470"
"14263","88618423","103089581"
"14264","88618427","103338515"
"14265","88618498","94206001"
"14266","88619839","99978348"
"14267","88619839","88673499"
"14268","88620106","78896466"
"14269","88620106","103340805"
"14270","88620106","99971799"
"14271","88620121","103504147"
"14272","88620131","103336404"
"14273","88623004","80126046"
"14274","88624810","97748411"
"14275","88625640","103081967"
"14276","88625640","88680607"
"14277","88625640","92251377"
"14278","88625640","86684693"
"14279","88625642","103088765"
"14280","88625642","96098044"
"14281","88670933","88671281"
"14282","88671015","94202950"
"14283","88671015","92444692"
"14284","88671017","80126524"
"14285","88671017","88671677"
"14286","88671017","99979384"
"14287","88671017","97754745"
"14288","88671347","88678072"
"14289","88671347","92252702"
"14290","88671847","103492835"
"14291","88671847","88624606"
"14292","88671847","103338161"
"14293","88673653","88624871"
"14294","88676526","86685751"
"14295","88676526","104177468"
"14296","88676536","103090171"
"14297","88676551","97755311"
"14298","88676551","88675688"
"14299","88676551","88672443"
"14300","88676838","99976771"
"14301","88678159","103343691"
"14302","88678230","88673639"
"14303","88678234","103343745"
"14304","88680572","103079845"
"14305","92251229","103493048"
"14306","92251311","86679607"
"14307","92251311","92258368"
"14308","92251313","96098050"
"14309","92251313","88671291"
"14310","92251313","88671071"
"14311","92251313","96095514"
"14312","92251643","80128444"
"14313","92251643","103501602"
"14314","92251643","103343321"
"14315","92252143","103080253"
"14316","92252143","104171992"
"14317","92252143","103083736"
"14318","92253949","92446129"
"14319","92256822","94199095"
"14320","92256822","86678354"
"14321","92256832","88618430"
"14322","92256847","103501695"
"14323","92256847","88624574"
"14324","92256847","103336349"
"14325","92258455","86685499"
"14326","92258526","103082417"
"14327","92258530","99980216"
"14328","92260524","103491536"
"14329","92436629","88625207"
"14330","92438967","92251162"
"14331","92438971","99973544"
"14332","92439042","104171492"
"14333","92440650","92256848"
"14334","92440650","88623421"
"14335","92440650","104171618"
"14336","92440665","88625695"
"14337","92440675","104170379"
"14338","92440675","94201655"
"14339","92443548","94196410"
"14340","92445854","103083554"
"14341","92446184","59212047"
"14342","92446184","104174048"
"14343","92446184","88624320"
"14344","92446184","103083588"
"14345","92446186","94196253"
"14346","92446186","104179100"
"14347","94196661","104171484"
"14348","94196743","88675646"
"14349","94196743","92251778"
"14350","94196745","92258647"
"14351","94196745","103337572"
"14352","94196745","97751868"
"14353","94196745","99979533"
"14354","94197075","92446251"
"14355","94197075","92253615"
"14356","94197075","103494366"
"14357","94197575","80121905"
"14358","94197575","103338986"
"14359","94197575","88672939"
"14360","94197575","103490458"
"14361","94199381","92447575"
"14362","94202254","103491696"
"14363","94202254","99981618"
"14364","94202264","92260558"
"14365","94202279","104180543"
"14366","94202279","88619646"
"14367","94202279","96095510"
"14368","94203887","92251594"
"14369","94203958","80126197"
"14370","94203962","103081341"
"14371","94205956","104171624"
"14372","96088727","99975530"
"14373","96088836","96099320"
"14374","96090894","103490214"
"14375","96091080","96098002"
"14376","96091364","96095484"
"14377","96092587","99974451"
"14378","96092597","99979170"
"14379","96092597","88622971"
"14380","96094726","104171313"
"14381","96095804","99978792"
"14382","96096545","96097958"
"14383","96096639","99974606"
"14384","96096639","86681959"
"14385","96096639","99971779"
"14386","96096639","96095903"
"14387","96096640","92252763"
"14388","96096657","94199659"
"14389","96096657","94195356"
"14390","96096784","97746816"
"14391","96096785","104177029"
"14392","96096785","103495442"
"14393","96097276","103490458"
"14394","96097276","103490616"
"14395","96097276","103083237"
"14396","97747790","71484741"
"14397","97747790","86678564"
"14398","97748233","104179198"
"14399","97748280","99977262"
"14400","97748280","99976819"
"14401","97748281","104170228"
"14402","97748408","96096657"
"14403","97748408","103336569"
"14404","97748425","80128379"
"14405","97748426","103491539"
"14406","97748426","97747385"
"14407","97748426","103083832"
"14408","97748426","88669592"
"14409","97748520","78895524"
"14410","97749261","96091841"
"14411","97750339","88673235"
"14412","97752467","94196770"
"14413","97752467","97746915"
"14414","97752477","94198870"
"14415","97753697","99972298"
"14416","97753981","86680436"
"14417","97754167","103081294"
"14418","97754777","103335152"
"14419","97754882","92252770"
"14420","99972980","88680539"
"14421","99972980","94198066"
"14422","99973423","97746486"
"14423","99973470","94197027"
"14424","99973470","104173421"
"14425","99973471","99977850"
"14426","99973598","97748348"
"14427","99973598","103336375"
"14428","99973615","103336694"
"14429","99973616","103343517"
"14430","99973616","86686699"
"14431","99973616","96091841"
"14432","99973616","94198294"
"14433","99973710","86679608"
"14434","99974451","92251252"
"14435","99975529","97747028"
"14436","99977657","92251585"
"14437","99977657","97751967"
"14438","99977667","80119114"
"14439","99978887","103491183"
"14440","99979171","104176033"
"14441","99979357","80126321"
"14442","99979594","104178017"
"14443","99979967","80122623"
"14444","99980072","104179449"
"14445","103081284","94197028"
"14446","103081284","86681865"
"14447","103081284","86684473"
"14448","103081284","99972118"
"14449","103085902","103491675"
"14450","103088358","96093096"
"14451","103088361","96088210"
"14452","103088363","103494641"
"14453","103088433","94203495"
"14454","103088433","96098450"
"14455","103088670","96095333"
"14456","103336354","92250098"
"14457","103336354","103340951"
"14458","103336354","88623511"
"14459","103336354","104170922"
"14460","103340972","88618608"
"14461","103343428","94199226"
"14462","103343431","103340935"
"14463","103343433","97748355"
"14464","103343503","103082480"
"14465","103343503","99971739"
"14466","103343740","97756429"
"14467","103491653","96091571"
"14468","103491653","97753703"
"14469","103491653","99973922"
"14470","103491653","96099225"
"14471","103495501","99977161"
"14472","103495504","92252765"
"14473","103495506","103491952"
"14474","103495574","94198202"
"14475","103495574","96098065"
"14476","103501233","103491838"
"14477","103502407","88669940"
"14478","104171428","103492872"
"14479","104171428","80123394"
"14480","104171428","97747022"
"14481","104171428","94201884"
"14482","104176046","86686773"
"14483","104178502","92251583"
"14484","104178505","103083852"
"14485","104178507","88671685"
"14486","104178577","99970976"
"14487","104178577","104172110"
"14488","104178814","103337766"
"14489","78888219","92250292"
"14490","78889487","94196683"
"14491","78894095","88619653"
"14492","78894105","86679625"
"14493","78894108","86684811"
"14494","78896567","92260436"
"14495","78896570","99971750"
"14496","78896642","96095517"
"14497","78896642","104170404"
"14498","80120999","80126207"
"14499","80121238","104173858"
"14500","80121238","86680687"
"14501","80121308","104173901"
"14502","80121310","103085723"
"14503","80121313","86679658"
"14504","80123772","104171378"
"14505","80128393","103492261"
"14506","86679616","103085852"
"14507","86684236","103343509"
"14508","86686695","86685651"
"14509","86686698","80123663"
"14510","86686700","103335831"
"14511","86686770","94196816"
"14512","86686770","86685855"
"14513","86687009","97755104"
"14514","88618194","88671145"
"14515","88618433","103343095"
"14516","88618433","103082656"
"14517","88618503","104173502"
"14518","88618505","97748453"
"14519","88618508","99976777"
"14520","88620967","96088726"
"14521","88625587","78890599"
"14522","88671070","80129837"
"14523","88671070","86682233"
"14524","88675690","94197435"
"14525","88678149","103081283"
"14526","88678152","99971934"
"14527","88678154","103494718"
"14528","88678224","104179069"
"14529","88678224","92439321"
"14530","88678463","104176644"
"14531","92251366","99971906"
"14532","92251366","96098476"
"14533","92255986","103081505"
"14534","92258445","103492369"
"14535","92258448","80122644"
"14536","92258450","80125810"
"14537","92258520","97752653"
"14538","92258520","88623022"
"14539","92258759","92446266"
"14540","92438738","97754897"
"14541","92438977","104171617"
"14542","92438977","88625596"
"14543","92439047","103087743"
"14544","92439049","103084870"
"14545","92439052","97748358"
"14546","92441511","103338782"
"14547","92446131","103502457"
"14548","94196798","104176533"
"14549","94196798","86680858"
"14550","94196798","103338936"
"14551","94201418","103494665"
"14552","94203877","103083354"
"14553","94203880","92443304"
"14554","94203882","88672468"
"14555","94203952","99979364"
"14556","94203952","97746487"
"14557","94204191","99971680"
"14558","96090968","103089257"
"14559","96091571","103086495"
"14560","96097843","96092430"
"14561","97747223","86686759"
"14562","97753490","80125899"
"14563","97753490","103491553"
"14564","97754093","103090008"
"14565","99972413","92439436"
"14566","99978680","104177193"
"14567","99978680","103081336"
"14568","99979283","103336565"
"14569","103081498","103492328"
"14570","103081498","104171029"
"14571","103081498","96096639"
"14572","103081498","97753982"
"14573","103081498","92251429"
"14574","103081498","94204108"
"14575","103088119","92256832"
"14576","103088666","88671407"
"14577","103336568","88673261"
"14578","103336568","103495821"
"14579","103336568","103495646"
"14580","103336568","103495448"
"14581","103336568","88671299"
"14582","103336568","78896673"
"14583","103343189","78890664"
"14584","103343736","94203502"
"14585","103491867","92252186"
"14586","103491867","78890858"
"14587","103491867","103491516"
"14588","103491867","104178286"
"14589","103491867","92251409"
"14590","103491867","94200106"
"14591","103501237","92439684"
"14592","103501481","92446083"
"14593","104171642","88624147"
"14594","104171642","94203881"
"14595","104171642","97751624"
"14596","104171642","99980327"
"14597","104171642","97749367"
"14598","104171642","88669828"
"14599","104178263","103079845"
"14600","104178810","92252543"
"14601","78889701","103081306"
"14602","78889701","88620980"
"14603","78896876","103087632"
"14604","78896877","97754299"
"14605","80121003","86685577"
"14606","80121552","94196986"
"14607","80128179","103343440"
"14608","80128179","88671289"
"14609","80128179","99978801"
"14610","80128179","94197135"
"14611","86679830","103495512"
"14612","86679830","99972293"
"14613","86679830","97749332"
"14614","86679830","103081508"
"14615","86686456","94201397"
"14616","86687005","103491694"
"14617","88618198","94198029"
"14618","88618747","92253442"
"14619","88625373","92446067"
"14620","88625373","97747199"
"14621","88625373","88624309"
"14622","88671284","88623975"
"14623","88671284","103495409"
"14624","88671284","94199371"
"14625","88671284","92251358"
"14626","88671284","94206377"
"14627","88671284","80129883"
"14628","88677910","88616149"
"14629","88678459","94198134"
"14630","92251580","94196327"
"14631","92251580","99972493"
"14632","92251580","104171500"
"14633","92251580","88615800"
"14634","92251580","97750599"
"14635","92251580","86679268"
"14636","92258206","103336396"
"14637","92258755","92445615"
"14638","92438742","86683203"
"14639","92439291","58336012"
"14640","92445917","94202653"
"14641","92445917","103491839"
"14642","92445917","103501690"
"14643","94197012","103081493"
"14644","94197012","96098593"
"14645","94197012","97747396"
"14646","94197012","96093095"
"14647","94197012","99973004"
"14648","94197012","86679672"
"14649","94203638","103337794"
"14650","94204187","80118986"
"14651","96090866","97747009"
"14652","96098096","86679484"
"14653","97754195","92439052"
"14654","99979385","86684677"
"14655","103080180","97754079"
"14656","103081290","80127288"
"14657","103081307","103491949"
"14658","103081494","92258445"
"14659","103081578","92436595"
"14660","103081578","88680390"
"14661","103082059","103082688"
"14662","103085580","88673220"
"14663","103086730","103088989"
"14664","103086730","99972229"
"14665","103087031","86682231"
"14666","103087031","96092411"
"14667","103087031","92445907"
"14668","103087422","92254194"
"14669","103335250","103491109"
"14670","103336360","92251365"
"14671","103336377","88677542"
"14672","103336564","99972105"
"14673","103336648","103343439"
"14674","103336648","92443839"
"14675","103337129","97753223"
"14676","103340650","88676131"
"14677","103341800","103338944"
"14678","103341800","92441069"
"14679","103342101","97753046"
"14680","103342101","96090982"
"14681","103342101","103081358"
"14682","103342492","94195561"
"14683","103490549","92438976"
"14684","103491659","99972276"
"14685","103491676","96095514"
"14686","103491863","94199058"
"14687","103491947","96098035"
"14688","103491947","86679502"
"14689","103492428","99978993"
"14690","103493986","97753199"
"14691","103494632","103085854"
"14692","103494632","88672578"
"14693","103494844","88624309"
"14694","103494844","103344092"
"14695","103494844","80125759"
"14696","103495066","88619963"
"14697","104170324","96098034"
"14698","104171434","86685557"
"14699","104171451","64978031"
"14700","104171638","94205991"
"14701","104171722","104171309"
"14702","104171722","92256581"
"14703","104172203","96088589"
"14704","104175724","103340923"
"14705","104176874","103494665"
"14706","104176874","103340971"
"14707","104177175","86682207"
"14708","104177175","103491305"
"14709","104177175","80122193"
"14710","104177566","103343431"
"14711","69500746","86678610"
"14712","71483417","96095552"
"14713","78888341","78896652"
"14714","78889493","99973876"
"14715","78889697","96097674"
"14716","78889697","99973601"
"14717","78890099","92252737"
"14718","78890262","103491717"
"14719","78895629","103083899"
"14720","80122251","103337750"
"14721","80122643","103491877"
"14722","80124094","92251585"
"14723","80127618","99979283"
"14724","80128183","80128338"
"14725","80128183","104171727"
"14726","80128387","103491885"
"14727","80129539","88625570"
"14728","86678470","92251552"
"14729","86679622","103081368"
"14730","86679639","103088447"
"14731","86679826","104172729"
"14732","86679910","103336723"
"14733","86680391","71483417"
"14734","86685064","92254693"
"14735","86685064","86685969"
"14736","86685365","103081471"
"14737","86685365","96088583"
"14738","86685365","103492920"
"14739","86685757","99972955"
"14740","88619446","92260438"
"14741","88619838","103340924"
"14742","88619838","104172559"
"14743","88619838","103342813"
"14744","88620139","99972866"
"14745","88620139","88675689"
"14746","88624812","104172768"
"14747","88625377","78889480"
"14748","88625377","96088929"
"14749","88625581","103336162"
"14750","88626733","80125824"
"14751","88669924","86684510"
"14752","88671076","88623980"
"14753","88671093","88620694"
"14754","88671280","86689095"
"14755","88671364","103345279"
"14756","88671364","96095522"
"14757","88671845","103080861"
"14758","88675368","62957133"
"14759","88676518","103081511"
"14760","88676518","97751562"
"14761","88676819","103084145"
"14762","88676819","80123790"
"14763","88676819","99977059"
"14764","88677211","104179580"
"14765","92250220","86681228"
"14766","92251372","97747092"
"14767","92251389","103088956"
"14768","92251576","92439863"
"14769","92251660","88669802"
"14770","92251660","86680180"
"14771","92252141","92256100"
"14772","92255664","80127829"
"14773","92256814","96096059"
"14774","92256814","97752778"
"14775","92257115","96095748"
"14776","92257115","103338658"
"14777","92257115","78896643"
"14778","92257507","92256561"
"14779","92439990","88670756"
"14780","92440382","97747292"
"14781","92440382","92445493"
"14782","92440382","99978944"
"14783","92440683","104171469"
"14784","92440683","96098581"
"14785","92445356","92443511"
"14786","92445837","92251374"
"14787","92445921","103085896"
"14788","92446108","103087968"
"14789","92446125","92253671"
"14790","92447277","88616040"
"14791","94195653","104171719"
"14792","94196804","104172113"
"14793","94196821","94201515"
"14794","94197008","94201412"
"14795","94197092","99979037"
"14796","94197092","99970803"
"14797","94197573","88623059"
"14798","94201096","104171484"
"14799","94202246","96096947"
"14800","94202246","103491864"
"14801","94202547","103495507"
"14802","94202547","103504338"
"14803","94202547","96098332"
"14804","94202939","80121309"
"14805","94206138","99978335"
"14806","96088713","99972275"
"14807","96090969","103342941"
"14808","96098109","92252543"
"14809","96098109","97753346"
"14810","97746957","103343835"
"14811","97746957","94196527"
"14812","97754092","103081316"
"14813","99972147","86679611"
"14814","99972147","86679608"
"14815","99979282","103492919"
"14816","103081291","103085725"
"14817","103081291","92253441"
"14818","103081291","103495602"
"14819","103081291","104172498"
"14820","103082595","97748377"
"14821","103082595","94195560"
"14822","103082595","78890799"
"14823","103082595","103494672"
"14824","103082595","88675657"
"14825","103083041","96098057"
"14826","103083361","86680987"
"14827","103083361","103089024"
"14828","103086370","92440675"
"14829","103088255","99978794"
"14830","103090109","78894970"
"14831","103336361","96097864"
"14832","103336361","104171499"
"14833","103336361","88625301"
"14834","103336361","88622260"
"14835","103337665","92441032"
"14836","103337665","103341858"
"14837","103337665","92251453"
"14838","103337665","92251728"
"14839","103337665","86681030"
"14840","103338111","103083626"
"14841","103338111","96098400"
"14842","103338431","88619375"
"14843","103338431","99973002"
"14844","103341440","94199423"
"14845","103343325","103336766"
"14846","103345178","103344508"
"14847","103491660","80125058"
"14848","103491660","88677032"
"14849","103491660","88623307"
"14850","103491660","103082465"
"14851","103492964","86679703"
"14852","103492964","92251430"
"14853","103492964","92439778"
"14854","103492964","104171420"
"14855","103492964","97746489"
"14856","103493410","94196663"
"14857","103493730","88670653"
"14858","103493730","99978332"
"14859","103494377","104171618"
"14860","103495452","92251407"
"14861","104171435","88677031"
"14862","104171435","92441532"
"14863","104171435","103082480"
"14864","104171435","80122946"
"14865","104172739","97747017"
"14866","104172739","94198410"
"14867","104172739","104179498"
"14868","104172739","104174164"
"14869","104172739","92251662"
"14870","104173185","88678154"
"14871","104173185","103082059"
"14872","104173505","97752206"
"14873","104173505","86678372"
"14874","104176514","92251437"
"14875","104178399","99972497"
"14876","104180252","88625366"
"14877","78888218","86684723"
"14878","78890593","97746963"
"14879","78890983","94202966"
"14880","78891565","99971238"
"14881","78891565","88676526"
"14882","78892870","103501026"
"14883","78893785","88624410"
"14884","78896464","86682046"
"14885","80121416","103335312"
"14886","80124095","94198515"
"14887","80126315","88620855"
"14888","80126315","88623515"
"14889","80127081","97748410"
"14890","80127081","103493724"
"14891","80128386","103340923"
"14892","80128386","94199416"
"14893","80128386","103495579"
"14894","80128386","80127829"
"14895","86679623","92251263"
"14896","86679623","94204187"
"14897","86679623","78894101"
"14898","86679623","96098145"
"14899","86680928","92443301"
"14900","86680928","80121300"
"14901","86680928","103491598"
"14902","86680928","103336441"
"14903","86681374","88671086"
"14904","86681694","88676147"
"14905","86681694","104170188"
"14906","86684704","99972392"
"14907","86686592","99972501"
"14908","88618611","80123841"
"14909","88620499","86681228"
"14910","88623509","78896876"
"14911","88623509","97754882"
"14912","88623829","103492317"
"14913","88624275","94199272"
"14914","88624275","103341834"
"14915","88624275","80123331"
"14916","88624275","99980329"
"14917","88625580","103341996"
"14918","88625580","103088368"
"14919","88625580","103494630"
"14920","88625580","104170208"
"14921","88671077","97752656"
"14922","88671077","88673367"
"14923","88671077","78896581"
"14924","88671077","103343315"
"14925","88672382","88676156"
"14926","88672382","86679059"
"14927","88672382","88670962"
"14928","88672382","86685384"
"14929","88672382","62955782"
"14930","88672828","80123674"
"14931","88673148","80123664"
"14932","88673148","94203887"
"14933","88676158","92250071"
"14934","88678046","94196597"
"14935","92251373","103492786"
"14936","92251373","97747069"
"14937","92251373","99972215"
"14938","92251373","88618502"
"14939","92252678","88618793"
"14940","92252678","88670933"
"14941","92252678","103495698"
"14942","92252678","94198076"
"14943","92252678","97748450"
"14944","92253124","104172606"
"14945","92253444","103088371"
"14946","92253444","99973334"
"14947","92256454","104171149"
"14948","92258342","96095438"
"14949","92439155","86679905"
"14950","92441043","104170874"
"14951","92444053","86679513"
"14952","92444053","92445320"
"14953","92444819","80123662"
"14954","92444819","88671079"
"14955","92444819","103086997"
"14956","92444819","80127582"
"14957","92446124","92257703"
"14958","92446124","103088901"
"14959","92446124","88671358"
"14960","92446124","104174150"
"14961","94196805","99979926"
"14962","94196805","97754093"
"14963","94196805","80127022"
"14964","94196805","88676673"
"14965","94198110","86689085"
"14966","94198110","88619140"
"14967","94198110","92445767"
"14968","94198110","92253622"
"14969","94198110","104171465"
"14970","94198556","103082502"
"14971","94198876","99978943"
"14972","94198876","94197341"
"14973","94201886","99978942"
"14974","94203774","88623307"
"14975","94206637","92253709"
"14976","96088214","103339203"
"14977","96091357","88622262"
"14978","96091357","88619123"
"14979","96098022","78896571"
"14980","96098022","92249890"
"14981","96098030","78894486"
"14982","96098030","99976646"
"14983","96098052","103343857"
"14984","96098052","103081286"
"14985","96098053","96088983"
"14986","96098053","104174150"
"14987","96099538","78889494"
"14988","97747013","78889368"
"14989","97747013","104178505"
"14990","97747013","103082680"
"14991","97747014","103491681"
"14992","97747014","94197436"
"14993","97747014","88672247"
"14994","97747014","86680837"
"14995","97747036","94198212"
"14996","97747036","97752226"
"14997","97747044","88671149"
"14998","97747044","92260490"
"14999","97753704","92251665"
"15000","97753704","88671066"
"15001","99972203","97749162"
"15002","99972203","80125048"
"15003","99972203","103085865"
"15004","99972204","86686360"
"15005","99972204","103494621"
"15006","99972204","94196801"
"15007","99972226","96088927"
"15008","99972226","80125018"
"15009","99972234","92444760"
"15010","99972234","103337793"
"15011","99978894","88680877"
"15012","99978894","80119004"
"15013","103080153","88623038"
"15014","103080261","103082791"
"15015","103081148","104171444"
"15016","103081228","88670645"
"15017","103081228","92441821"
"15018","103081228","103495057"
"15019","103081230","86684230"
"15020","103081230","88671013"
"15021","103081230","94205990"
"15022","103081230","103086391"
"15023","103081270","80123319"
"15024","103081270","92253957"
"15025","103081270","92439155"
"15026","103081271","88620631"
"15027","103081271","99975063"
"15028","103081271","97751488"
"15029","103081271","80122643"
"15030","103081299","88623004"
"15031","103081299","97745979"
"15032","103081299","103337420"
"15033","103081299","103493408"
"15034","103081299","96098035"
"15035","103081315","88622726"
"15036","103081315","96091839"
"15037","103081497","104176381"
"15038","103081497","103085735"
"15039","103081506","103504133"
"15040","103081558","92258343"
"15041","103081558","99970976"
"15042","103081834","78890866"
"15043","103081834","103495565"
"15044","103082082","99972507"
"15045","103082350","99973810"
"15046","103082583","104179091"
"15047","103082583","96091885"
"15048","103082655","94198876"
"15049","103082655","94205924"
"15050","103082655","80123841"
"15051","103082662","103491617"
"15052","103082662","88677881"
"15053","103082678","78890900"
"15054","103082678","103088464"
"15055","103082840","97748415"
"15056","103083263","94197465"
"15057","103083267","88672466"
"15058","103083295","99978008"
"15059","103083304","92440664"
"15060","103083430","88671085"
"15061","103083432","97752818"
"15062","103083446","97752073"
"15063","103083447","103082950"
"15064","103083493","104170324"
"15065","103084130","78896494"
"15066","103086237","80122962"
"15067","103086237","80121341"
"15068","103086347","92439796"
"15069","103086366","92252141"
"15070","103086382","103494665"
"15071","103086391","97752477"
"15072","103086391","103343626"
"15073","103086392","104178578"
"15074","103086395","99973480"
"15075","103086737","103491668"
"15076","103086746","103342466"
"15077","103086746","92446175"
"15078","103086747","92252471"
"15079","103086762","80121321"
"15080","103086766","92256259"
"15081","103086951","92444119"
"15082","103087033","80127093"
"15083","103087413","92447277"
"15084","103087415","88670682"
"15085","103087750","92255810"
"15086","103088250","104174260"
"15087","103088253","88624573"
"15088","103088254","92253935"
"15089","103088254","88673635"
"15090","103088350","86679838"
"15091","103088360","78894108"
"15092","103088360","92438966"
"15093","103088396","88675523"
"15094","103088430","103342067"
"15095","103088437","94202264"
"15096","103088462","99974604"
"15097","103088468","80125067"
"15098","103088508","88625552"
"15099","103088556","96097835"
"15100","103088953","97747032"
"15101","103088967","88620522"
"15102","103089001","86682236"
"15103","103335223","96088505"
"15104","103335331","103337574"
"15105","103335331","96098578"
"15106","103336218","99976918"
"15107","103336298","104175997"
"15108","103336298","88671092"
"15109","103336298","99979282"
"15110","103336300","103492340"
"15111","103336300","94203769"
"15112","103336300","103492919"
"15113","103336300","88673687"
"15114","103336340","88623024"
"15115","103336340","103493162"
"15116","103336340","97748280"
"15117","103336341","103341440"
"15118","103336341","94202228"
"15119","103336341","88675671"
"15120","103336341","103335267"
"15121","103336369","99972717"
"15122","103336369","92251247"
"15123","103336369","92441024"
"15124","103336369","92440383"
"15125","103336369","92253346"
"15126","103336385","97747303"
"15127","103336385","88618536"
"15128","103336567","88671891"
"15129","103336567","96095706"
"15130","103336576","88619452"
"15131","103336628","92436853"
"15132","103336628","104172498"
"15133","103336904","103343326"
"15134","103336904","103081731"
"15135","103337152","103336302"
"15136","103337420","97748278"
"15137","103337653","104176539"
"15138","103337653","96097610"
"15139","103337725","99972149"
"15140","103337725","80121805"
"15141","103337725","104176379"
"15142","103337732","92440645"
"15143","103337732","86681688"
"15144","103337748","80122251"
"15145","103337748","97746913"
"15146","103337910","96097834"
"15147","103338333","104178714"
"15148","103338337","96096336"
"15149","103338365","88670613"
"15150","103338374","103089034"
"15151","103338500","94206021"
"15152","103338502","97747108"
"15153","103338516","88671302"
"15154","103338517","103082723"
"15155","103338563","103090173"
"15156","103339200","103336008"
"15157","103341307","88676169"
"15158","103341307","92253464"
"15159","103341417","59660231"
"15160","103341428","88676552"
"15161","103341436","88626882"
"15162","103341452","103495450"
"15163","103341458","103493862"
"15164","103341461","97746993"
"15165","103341461","103336449"
"15166","103341462","92443729"
"15167","103341463","86681812"
"15168","103341465","96097370"
"15169","103341807","103495060"
"15170","103341816","103342394"
"15171","103341816","92251367"
"15172","103341817","99974697"
"15173","103341832","78890807"
"15174","103341836","88676146"
"15175","103342021","97747234"
"15176","103342103","94201524"
"15177","103342483","99971776"
"15178","103342485","92256096"
"15179","103342820","92445923"
"15180","103343320","92255809"
"15181","103343323","103086370"
"15182","103343324","92252347"
"15183","103343324","88622285"
"15184","103343420","99976817"
"15185","103343430","78895629"
"15186","103343430","103335884"
"15187","103343466","103495442"
"15188","103343500","97747392"
"15189","103343507","103503179"
"15190","103343507","104176156"
"15191","103343532","96098245"
"15192","103343538","103081901"
"15193","103343578","86680721"
"15194","103343626","103504183"
"15195","103344023","94202732"
"15196","103344037","92439998"
"15197","103344071","92251581"
"15198","103490522","103343503"
"15199","103490630","88676536"
"15200","103491517","97746913"
"15201","103491597","78890033"
"15202","103491597","88678050"
"15203","103491597","94198874"
"15204","103491599","103492923"
"15205","103491599","103088071"
"15206","103491599","92447373"
"15207","103491599","92439158"
"15208","103491639","104172066"
"15209","103491639","103081298"
"15210","103491639","94198065"
"15211","103491640","94202254"
"15212","103491640","97747350"
"15213","103491640","78895959"
"15214","103491640","80123355"
"15215","103491668","103491726"
"15216","103491668","92257499"
"15217","103491668","92255942"
"15218","103491668","86679565"
"15219","103491668","86685659"
"15220","103491684","88625539"
"15221","103491684","78898990"
"15222","103491866","80126998"
"15223","103491866","103080261"
"15224","103491875","103336675"
"15225","103491927","92253615"
"15226","103491927","104170201"
"15227","103492203","103081379"
"15228","103492203","88676839"
"15229","103492451","86689096"
"15230","103492719","80121003"
"15231","103492952","96091087"
"15232","103492952","103087617"
"15233","103493024","103086358"
"15234","103493024","99978787"
"15235","103493024","92447375"
"15236","103493047","103088074"
"15237","103493047","97747790"
"15238","103493209","99973602"
"15239","103493632","99971167"
"15240","103493636","96096690"
"15241","103493664","97745812"
"15242","103493673","88618766"
"15243","103493799","103494465"
"15244","103493801","96098005"
"15245","103493815","103088442"
"15246","103493816","99972240"
"15247","103494307","88622207"
"15248","103494307","103338696"
"15249","103494354","88620692"
"15250","103494373","88623422"
"15251","103494398","103491654"
"15252","103494398","103084133"
"15253","103494399","103338971"
"15254","103494402","92446122"
"15255","103494639","92252739"
"15256","103494647","94197094"
"15257","103494647","104177759"
"15258","103494648","92251053"
"15259","103494663","80125862"
"15260","103494667","88671285"
"15261","103495057","104170405"
"15262","103495059","88618436"
"15263","103495447","78899004"
"15264","103495450","104179071"
"15265","103495451","94196678"
"15266","103495451","97749368"
"15267","103495503","80123437"
"15268","103495503","94199282"
"15269","103495539","92251372"
"15270","103495571","88671846"
"15271","103495578","99974821"
"15272","103495603","96096920"
"15273","103495609","92258345"
"15274","103495626","103336562"
"15275","103495632","92256578"
"15276","103495899","69500490"
"15277","103501089","103338333"
"15278","103501785","71491028"
"15279","103503919","88676527"
"15280","104170297","96097641"
"15281","104170405","86679903"
"15282","104170405","97752226"
"15283","104171292","97754993"
"15284","104171372","104171440"
"15285","104171372","86681691"
"15286","104171372","96097755"
"15287","104171374","103090218"
"15288","104171374","103083263"
"15289","104171374","103491551"
"15290","104171374","99972275"
"15291","104171414","88625695"
"15292","104171414","88672466"
"15293","104171414","88671136"
"15294","104171415","94203952"
"15295","104171415","80128164"
"15296","104171415","92251453"
"15297","104171415","103336576"
"15298","104171443","104170201"
"15299","104171443","92441066"
"15300","104171443","103081345"
"15301","104171443","96098081"
"15302","104171443","78894972"
"15303","104171459","104171233"
"15304","104171459","80121707"
"15305","104171641","103342938"
"15306","104171641","86684346"
"15307","104171650","99973644"
"15308","104171702","88625532"
"15309","104171702","104179442"
"15310","104171978","103336246"
"15311","104171978","88620503"
"15312","104172226","92252737"
"15313","104172494","86679825"
"15314","104172727","88619984"
"15315","104172727","99972220"
"15316","104172799","92443304"
"15317","104172799","88618423"
"15318","104172799","94203262"
"15319","104172806","97750337"
"15320","104172806","96097864"
"15321","104172806","78896462"
"15322","104172822","96094745"
"15323","104172822","104178508"
"15324","104172984","80126252"
"15325","104173407","92446052"
"15326","104173411","88624216"
"15327","104173439","92251574"
"15328","104173448","99972393"
"15329","104173574","92256099"
"15330","104173576","92446144"
"15331","104173590","99973600"
"15332","104173591","80121413"
"15333","104173637","78890417"
"15334","104174274","78887997"
"15335","104176381","103492372"
"15336","104176381","86681865"
"15337","104176491","80121418"
"15338","104176502","103083275"
"15339","104176510","92443968"
"15340","104176526","96096717"
"15341","104176532","88620853"
"15342","104176534","86682135"
"15343","104176535","104176537"
"15344","104176535","104172790"
"15345","104176536","96091081"
"15346","104176537","92443599"
"15347","104176539","96095555"
"15348","104176540","96097417"
"15349","104176881","78894576"
"15350","104176890","92252669"
"15351","104176890","103081302"
"15352","104176891","103088975"
"15353","104176906","80123292"
"15354","104176910","104172229"
"15355","104177095","97754198"
"15356","104177177","104178513"
"15357","104177557","94201241"
"15358","104177559","103341462"
"15359","104177894","80125991"
"15360","104178394","88622757"
"15361","104178397","103493259"
"15362","104178398","103081300"
"15363","104178398","103086255"
"15364","104178494","103082061"
"15365","104178504","103491550"
"15366","104178504","97747765"
"15367","104178540","88672578"
"15368","104178574","92256847"
"15369","104178581","103080252"
"15370","104178581","103080779"
"15371","104178606","88625535"
"15372","104178612","104173137"
"15373","104178652","104179111"
"15374","104178700","103342703"
"15375","104179097","99979940"
"15376","104179111","103495883"
"15377","104179145","94205732"
"15378","78887997","94202228"
"15379","78888373","92258517"
"15380","78888373","88678230"
"15381","78888373","104177186"
"15382","78888373","103336035"
"15383","78888373","97751968"
"15384","78889431","103079884"
"15385","78889474","96096687"
"15386","78889700","104172237"
"15387","78889700","94196587"
"15388","78889709","103501602"
"15389","78889716","97754684"
"15390","78890592","103491597"
"15391","78890592","92256561"
"15392","78890798","104172245"
"15393","78891634","86682924"
"15394","78891650","97749551"
"15395","78891652","103492873"
"15396","78892868","103343092"
"15397","78893782","78888218"
"15398","78893798","96097840"
"15399","78894205","92443566"
"15400","78894406","104170392"
"15401","78894407","86681959"
"15402","78894494","104172245"
"15403","78894553","96097276"
"15404","78894572","86686592"
"15405","78894952","103341955"
"15406","78894952","78891499"
"15407","78894968","94195530"
"15408","78894972","88670956"
"15409","78894992","88676739"
"15410","78894997","88620969"
"15411","78895448","88677865"
"15412","78895449","92445922"
"15413","78895450","103502425"
"15414","78895959","94203401"
"15415","78896460","96092598"
"15416","78896462","103501233"
"15417","78896463","103341838"
"15418","78896463","88625543"
"15419","78896494","99972767"
"15420","78896569","99979670"
"15421","78896569","92444421"
"15422","78896605","94206325"
"15423","78896717","103491952"
"15424","78899049","92253939"
"15425","80118878","97748425"
"15426","80118878","86681223"
"15427","80121113","92258752"
"15428","80121163","103341307"
"15429","80121203","103496091"
"15430","80121275","97755027"
"15431","80121311","99980182"
"15432","80121311","99977161"
"15433","80121417","103088433"
"15434","80121418","104179605"
"15435","80121421","94197824"
"15436","80121921","103336386"
"15437","80122258","97755027"
"15438","80122260","97753145"
"15439","80122908","80123778"
"15440","80122912","86682149"
"15441","80122927","92444865"
"15442","80122928","103495455"
"15443","80122928","88623022"
"15444","80122937","96097334"
"15445","80123279","96095756"
"15446","80123308","88620121"
"15447","80123327","78894106"
"15448","80123386","92252031"
"15449","80123437","86686907"
"15450","80123437","103491599"
"15451","80126229","88672737"
"15452","80126230","92258456"
"15453","80126244","103080814"
"15454","80126246","103491729"
"15455","80126998","94201796"
"15456","80126998","103080872"
"15457","80127021","104173503"
"15458","80127021","88618892"
"15459","80127021","96090762"
"15460","80127093","92251640"
"15461","80127093","104176910"
"15462","80127326","92446116"
"15463","80128171","103334919"
"15464","80128180","103337532"
"15465","80128180","88620854"
"15466","80128180","88623038"
"15467","80128378","80121418"
"15468","80128378","78894952"
"15469","80128378","99972481"
"15470","80128378","99974721"
"15471","80128406","88680602"
"15472","80128447","78890765"
"15473","80128447","96095493"
"15474","80128447","96097365"
"15475","80128449","80125090"
"15476","80128449","88673142"
"15477","80129566","92257498"
"15478","86678443","80126322"
"15479","86679560","80122768"
"15480","86679560","88624284"
"15481","86679562","94196785"
"15482","86679562","99971665"
"15483","86679562","86686479"
"15484","86679562","92436652"
"15485","86679603","97747625"
"15486","86679631","92438840"
"15487","86679631","88625369"
"15488","86679631","103492719"
"15489","86679631","78891585"
"15490","86679631","104178982"
"15491","86679647","103493047"
"15492","86679647","92445524"
"15493","86679829","104174048"
"15494","86679829","96090713"
"15495","86679838","97748128"
"15496","86679890","88673054"
"15497","86680166","99972267"
"15498","86680683","94196800"
"15499","86680916","103492199"
"15500","86680916","86679559"
"15501","86680988","97748282"
"15502","86680988","103491644"
"15503","86680988","88620870"
"15504","86680995","92439047"
"15505","86681011","103343510"
"15506","86681011","80121113"
"15507","86681596","104173407"
"15508","86681600","92260488"
"15509","86681637","78894104"
"15510","86681763","88625702"
"15511","86681765","103336578"
"15512","86681779","99972183"
"15513","86681780","78896173"
"15514","86682463","86682089"
"15515","86684571","86679624"
"15516","86684571","65797883"
"15517","86684622","103338425"
"15518","86684681","88671822"
"15519","86684692","103495501"
"15520","86684700","86685082"
"15521","86684716","88620141"
"15522","86684722","99974279"
"15523","86684729","97751868"
"15524","86685071","88623089"
"15525","86685080","97747349"
"15526","86685080","88678344"
"15527","86685081","94199418"
"15528","86685096","104176532"
"15529","86685100","104173856"
"15530","86685748","103494672"
"15531","86685750","88676068"
"15532","86686087","104177141"
"15533","86686587","96098473"
"15534","86686590","96096786"
"15535","86686591","96098057"
"15536","86686697","103343735"
"15537","86686697","88671079"
"15538","86686733","92258690"
"15539","86686767","104172727"
"15540","86686774","80122910"
"15541","86686799","92441133"
"15542","86686805","103336555"
"15543","86686845","96089009"
"15544","86686895","88673703"
"15545","86689082","104171182"
"15546","86689130","97753143"
"15547","86689130","80126295"
"15548","88616073","99974255"
"15549","88618308","103082504"
"15550","88618358","103081501"
"15551","88618398","80121005"
"15552","88618404","69500746"
"15553","88618429","103342549"
"15554","88618436","92258064"
"15555","88618470","103495136"
"15556","88618506","92442824"
"15557","88618506","97754016"
"15558","88618612","104172095"
"15559","88618613","88619704"
"15560","88618616","103343626"
"15561","88619116","88618400"
"15562","88619453","80123793"
"15563","88619455","104173590"
"15564","88620103","96097717"
"15565","88620107","92446182"
"15566","88620122","86684571"
"15567","88620123","103337656"
"15568","88620123","88618433"
"15569","88620132","103336402"
"15570","88620474","88624285"
"15571","88620481","88618308"
"15572","88620487","99972207"
"15573","88620503","88619838"
"15574","88620522","88618313"
"15575","88620581","86682181"
"15576","88620632","97747014"
"15577","88620632","99971674"
"15578","88622740","96088584"
"15579","88623423","94197615"
"15580","88623424","103495580"
"15581","88623438","92258530"
"15582","88623440","96098483"
"15583","88624192","92254092"
"15584","88624192","103080181"
"15585","88624215","88624837"
"15586","88624215","97751625"
"15587","88624215","103086729"
"15588","88624287","86682945"
"15589","88624287","99971855"
"15590","88624520","86680793"
"15591","88625365","88673606"
"15592","88625374","80128330"
"15593","88625374","94196790"
"15594","88625374","78888243"
"15595","88625556","103500980"
"15596","88625572","103335870"
"15597","88625572","88622290"
"15598","88625572","88673123"
"15599","88625572","103500989"
"15600","88625572","92257221"
"15601","88625600","96093483"
"15602","88625641","92438968"
"15603","88625641","97746801"
"15604","88625641","104174050"
"15605","88625641","104178952"
"15606","88625643","92441055"
"15607","88625643","78889489"
"15608","88626760","92256847"
"15609","88669897","103491601"
"15610","88669897","88620481"
"15611","88671014","92444864"
"15612","88671014","104172705"
"15613","88671014","103081295"
"15614","88671016","103081583"
"15615","88671016","88671078"
"15616","88671016","88625594"
"15617","88671016","103081340"
"15618","88671056","88625569"
"15619","88671057","94196797"
"15620","88671057","80125043"
"15621","88671085","88625223"
"15622","88671085","80123659"
"15623","88671085","88671014"
"15624","88671085","96097233"
"15625","88671085","92255716"
"15626","88671101","86678537"
"15627","88671101","103083915"
"15628","88671283","94199397"
"15629","88671283","88618902"
"15630","88671292","88678044"
"15631","88671344","86689000"
"15632","88671620","104178721"
"15633","88671620","104176514"
"15634","88671868","103083883"
"15635","88672137","92445026"
"15636","88672370","86689403"
"15637","88672370","97747202"
"15638","88672442","88676132"
"15639","88672442","78891243"
"15640","88672442","92439040"
"15641","88672449","99971002"
"15642","88672465","94202228"
"15643","88672465","103337595"
"15644","88672627","92251354"
"15645","88673050","92251017"
"15646","88673054","80122946"
"15647","88673082","103084110"
"15648","88673091","103086355"
"15649","88673217","88669996"
"15650","88673219","92258659"
"15651","88673233","92258657"
"15652","88673234","103495550"
"15653","88673917","103337753"
"15654","88676025","99973641"
"15655","88676025","86684702"
"15656","88676076","103081291"
"15657","88676135","97754754"
"15658","88676146","86679619"
"15659","88676154","103088573"
"15660","88676170","103081324"
"15661","88676176","92440936"
"15662","88676179","99972205"
"15663","88676179","86681683"
"15664","88676183","86682941"
"15665","88676525","92439038"
"15666","88676534","88671729"
"15667","88676534","92436662"
"15668","88676535","92253350"
"15669","88676550","103336361"
"15670","88676554","86680928"
"15671","88677202","94202228"
"15672","88677204","88670002"
"15673","88677541","96095420"
"15674","88678041","86684811"
"15675","88678044","103343512"
"15676","88678045","104171623"
"15677","88678045","104171392"
"15678","88678151","88626829"
"15679","88678151","104171439"
"15680","88678187","103494307"
"15681","88678221","94205934"
"15682","88678228","104179099"
"15683","88678253","88670640"
"15684","88678259","88672381"
"15685","88678299","96096557"
"15686","88678349","88621000"
"15687","88680536","88623516"
"15688","88680584","103082525"
"15689","92250193","94203960"
"15690","92250193","92258660"
"15691","92250301","92252633"
"15692","92251310","99971169"
"15693","92251310","94197951"
"15694","92251310","96098003"
"15695","92251312","92446071"
"15696","92251312","86680795"
"15697","92251312","96096874"
"15698","92251312","94202733"
"15699","92251352","97752466"
"15700","92251352","96097232"
"15701","92251353","103345287"
"15702","92251353","92444732"
"15703","92251353","103335869"
"15704","92251381","86678552"
"15705","92251381","80121649"
"15706","92251381","97749561"
"15707","92251381","88619647"
"15708","92251381","88620632"
"15709","92251397","94196813"
"15710","92251397","103495449"
"15711","92251579","104179449"
"15712","92251579","96095955"
"15713","92251588","104171464"
"15714","92251640","103341567"
"15715","92251640","99975527"
"15716","92251916","94201418"
"15717","92251916","92252187"
"15718","92252433","103491655"
"15719","92252666","67693574"
"15720","92252666","86685731"
"15721","92252738","104172107"
"15722","92252738","94196599"
"15723","92252738","88618508"
"15724","92252745","94196830"
"15725","92252761","96096784"
"15726","92252761","94206093"
"15727","92252923","97753704"
"15728","92253346","92440196"
"15729","92253350","96098053"
"15730","92253378","86684806"
"15731","92253387","104171614"
"15732","92253513","94199226"
"15733","92253515","103085900"
"15734","92253529","80126050"
"15735","92253530","94196268"
"15736","92254213","92439041"
"15737","92256321","88624345"
"15738","92256321","80128359"
"15739","92256372","86679572"
"15740","92256431","92252498"
"15741","92256450","92444911"
"15742","92256466","103491603"
"15743","92256472","78896231"
"15744","92256475","96096786"
"15745","92256475","88618194"
"15746","92256476","86684811"
"15747","92256479","88669626"
"15748","92256821","94206252"
"15749","92256830","97748454"
"15750","92256830","88672202"
"15751","92256831","78890730"
"15752","92256846","86684725"
"15753","92256850","103343143"
"15754","92257498","92251376"
"15755","92257500","103501688"
"15756","92257837","86679657"
"15757","92258337","92439160"
"15758","92258340","103083638"
"15759","92258341","103343500"
"15760","92258341","92257837"
"15761","92258447","96091442"
"15762","92258447","96098245"
"15763","92258483","94195323"
"15764","92258517","88626733"
"15765","92258524","78896639"
"15766","92258549","103335973"
"15767","92258555","92254059"
"15768","92258595","97754750"
"15769","92258645","104178516"
"15770","92260488","88680604"
"15771","92260536","103088670"
"15772","92436617","103340951"
"15773","92438852","94199346"
"15774","92438902","96099294"
"15775","92438942","92258551"
"15776","92438948","97753304"
"15777","92438973","88620499"
"15778","92438980","92438977"
"15779","92439014","94197477"
"15780","92439050","99976776"
"15781","92439050","92446180"
"15782","92439156","104173235"
"15783","92439157","103492952"
"15784","92439160","86685257"
"15785","92439660","86680249"
"15786","92439997","103492904"
"15787","92439999","103088570"
"15788","92440647","88676500"
"15789","92440651","80127778"
"15790","92440666","92446234"
"15791","92440667","94202284"
"15792","92440667","103081319"
"15793","92440676","104171629"
"15794","92441018","64913029"
"15795","92441047","88625601"
"15796","92441066","92260492"
"15797","92441125","103336378"
"15798","92441176","94195310"
"15799","92441176","88618611"
"15800","92443284","88673148"
"15801","92443967","92256823"
"15802","92443968","92258342"
"15803","92443982","103335312"
"15804","92443984","99972258"
"15805","92444110","92439990"
"15806","92444151","88620488"
"15807","92444736","92257499"
"15808","92444736","88624173"
"15809","92444759","88673568"
"15810","92444759","103336653"
"15811","92444759","97748414"
"15812","92444831","103081646"
"15813","92444831","103081382"
"15814","92445064","104177909"
"15815","92445857","103336343"
"15816","92445909","80129631"
"15817","92445918","94201904"
"15818","92445918","103336541"
"15819","92446100","104171416"
"15820","92446100","92440651"
"15821","92446116","99972111"
"15822","92446116","103338603"
"15823","92446116","97752478"
"15824","92446116","97751869"
"15825","92446116","104171799"
"15826","92446144","92441047"
"15827","92446185","80121532"
"15828","92446185","94202932"
"15829","92446185","92253463"
"15830","92446185","103491604"
"15831","92446187","86679648"
"15832","92446187","94199090"
"15833","94195626","88670937"
"15834","94195626","92258458"
"15835","94195734","97748378"
"15836","94196662","103340794"
"15837","94196742","88624762"
"15838","94196742","103495454"
"15839","94196742","104169993"
"15840","94196744","97754404"
"15841","94196744","94197076"
"15842","94196744","104174018"
"15843","94196744","99972167"
"15844","94196784","103336586"
"15845","94196784","104172739"
"15846","94196784","97751964"
"15847","94196785","86685951"
"15848","94196785","103081194"
"15849","94196785","103491609"
"15850","94196785","99972980"
"15851","94196813","96091368"
"15852","94196813","104177233"
"15853","94196813","80121303"
"15854","94196813","78894106"
"15855","94196813","92440646"
"15856","94196829","92260945"
"15857","94196829","99978883"
"15858","94197011","92447210"
"15859","94197011","88678229"
"15860","94197020","103492970"
"15861","94197072","80128528"
"15862","94197072","88616085"
"15863","94197348","99977961"
"15864","94197348","92257014"
"15865","94197596","103490453"
"15866","94197865","96096611"
"15867","94198098","103495306"
"15868","94198098","86684729"
"15869","94198170","103081296"
"15870","94198170","92255810"
"15871","94198170","97747633"
"15872","94198177","103082696"
"15873","94198193","80123674"
"15874","94198193","104173494"
"15875","94198355","97753604"
"15876","94198778","103081277"
"15877","94198782","97749842"
"15878","94198810","92253768"
"15879","94198819","103081516"
"15880","94198945","96098595"
"15881","94198947","97748314"
"15882","94198961","80121167"
"15883","94198962","88672247"
"15884","94199645","103338757"
"15885","94201753","78888218"
"15886","94201753","103336355"
"15887","94201804","99972480"
"15888","94201863","92254193"
"15889","94201874","88671042"
"15890","94201882","88671821"
"15891","94201898","103081367"
"15892","94201904","80128392"
"15893","94201907","88672137"
"15894","94201907","94201239"
"15895","94201908","103490461"
"15896","94201911","103082791"
"15897","94202253","88622279"
"15898","94202262","103088979"
"15899","94202262","104171702"
"15900","94202263","80128496"
"15901","94202278","88624598"
"15902","94202282","104171437"
"15903","94202467","103495646"
"15904","94202930","88677755"
"15905","94202932","103493521"
"15906","94203269","97753117"
"15907","94203769","103088251"
"15908","94203772","103337129"
"15909","94203773","99970760"
"15910","94203773","96098021"
"15911","94203879","103082586"
"15912","94203879","97749083"
"15913","94203915","94198515"
"15914","94203949","97746584"
"15915","94203956","88671358"
"15916","94203981","103336346"
"15917","94203987","103336631"
"15918","94204027","92446234"
"15919","94204077","86689084"
"15920","94205920","96095559"
"15921","94205934","80125919"
"15922","94205968","94201691"
"15923","96092245","104171419"
"15924","96092588","103337595"
"15925","96093098","94204091"
"15926","96093098","92441045"
"15927","96093454","88676556"
"15928","96093576","92255811"
"15929","96095189","103336725"
"15930","96095706","96091358"
"15931","96096496","80121308"
"15932","96096786","78889432"
"15933","96096787","97748264"
"15934","96096874","88671073"
"15935","96097441","97754014"
"15936","96098108","92256830"
"15937","96098108","103343628"
"15938","96098108","96099536"
"15939","97746958","86681908"
"15940","97746958","94198017"
"15941","97746958","86682249"
"15942","97747625","97753724"
"15943","97748191","104178502"
"15944","97748191","103335825"
"15945","97748278","88620631"
"15946","97748279","103492829"
"15947","97749876","78888219"
"15948","97751488","94201385"
"15949","97751610","94197026"
"15950","97751966","92255656"
"15951","97751966","103492372"
"15952","97752476","96098012"
"15953","99972148","94196830"
"15954","99972148","88624578"
"15955","99972148","86687009"
"15956","99972815","86685062"
"15957","99973381","92260657"
"15958","99973381","97748209"
"15959","99973468","103344368"
"15960","99973469","86684349"
"15961","99973575","103343049"
"15962","99975066","96096297"
"15963","99976678","88678153"
"15964","99976800","99972837"
"15965","99977156","92444155"
"15966","99977156","99974178"
"15967","99977666","103338453"
"15968","103336823","80127924"
"15969","104171897","104173034"
"15970","69508324","99977658"
"15971","71491027","103491993"
"15972","96090660","103343159"
"15973","96090664","88623377"
"15974","96090972","80118954"
"15975","96091213","88618504"
"15976","96093016","92252923"
"15977","96093047","104176319"
"15978","96096809","92258556"
"15979","96097442","88669788"
"15980","96097839","94197414"
"15981","96097839","103081492"
"15982","96097839","99979037"
"15983","96097839","97747224"
"15984","96097839","99979172"
"15985","97747227","104183612"
"15986","97747227","103491305"
"15987","97747227","92444733"
"15988","97747227","104175871"
"15989","97747227","88678152"
"15990","97747624","103336961"
"15991","97748256","94201754"
"15992","97753848","97745971"
"15993","97754089","104176009"
"15994","97754395","103337965"
"15995","97754399","94202546"
"15996","99972417","103495058"
"15997","99972417","78899018"
"15998","99972417","92439999"
"15999","99972417","94196846"
"16000","99972417","103491603"
"16001","99972814","92444865"
"16002","99973446","96096184"
"16003","99979038","92260914"
"16004","99979279","97748209"
"16005","99979585","104171436"
"16006","99979589","104171421"
"16007","96098058","78895933"
"16008","96098058","103081583"
"16009","96098058","92249880"
"16010","96098059","86680683"
"16011","96098059","104178588"
"16012","97747007","88624764"
"16013","97747007","88676107"
"16014","97747008","80123809"
"16015","97747008","94196742"
"16016","97747008","103080242"
"16017","99972197","88671733"
"16018","99972197","88678371"
"16019","99972198","99977094"
"16020","99972198","94199078"
"16021","99972198","103340926"
"16022","103081173","103343641"
"16023","103081263","88677755"
"16024","103081263","104172046"
"16025","103081263","86679890"
"16026","103083356","103338663"
"16027","103336243","103339183"
"16028","103336333","94198235"
"16029","103336333","104171539"
"16030","103336333","86689539"
"16031","103338426","96096030"
"16032","103491542","104171373"
"16033","103491632","92253460"
"16034","103491632","97748142"
"16035","103491632","88669826"
"16036","103493725","103081292"
"16037","104171317","92256846"
"16038","104171407","103080086"
"16039","104171407","86686040"
"16040","104171407","103088142"
"16041","104173500","97747677"
"16042","69724208","99972199"
"16043","72764746","94196885"
"16044","72815977","103336350"
"16045","78891560","86689428"
"16046","80126320","94195733"
"16047","86679505","88619472"
"16048","86681689","99972644"
"16049","88623514","103496087"
"16050","88625698","103081288"
"16051","88670959","96090759"
"16052","88671049","88627077"
"16053","88673143","103336545"
"16054","92251255","103336345"
"16055","92251345","103086749"
"16056","92251345","96097710"
"16057","92251345","104172823"
"16058","92253439","97753600"
"16059","92444058","103341905"
"16060","94196687","78890264"
"16061","94196777","104169993"
"16062","94196777","94198169"
"16063","94196777","80127091"
"16064","94198871","94198198"
"16065","96090970","80121414"
"16066","96096833","103345286"
"16067","96096834","88624216"
"16068","96097612","88620510"
"16069","96098039","86685659"
"16070","96099198","103490451"
"16071","97745909","86679630"
"16072","97747027","86684186"
"16073","97747454","97746925"
"16074","97748231","88620101"
"16075","97748231","103085893"
"16076","97748232","103341818"
"16077","97754091","80121416"
"16078","99971099","96097824"
"16079","99972217","92253713"
"16080","99972644","92444375"
"16081","99973421","80126101"
"16082","99973422","94202255"
"16083","99979281","103338784"
"16084","103081889","103341425"
"16085","103081890","92438850"
"16086","103336959","99974504"
"16087","103336960","103335135"
"16088","103492258","103341836"
"16089","103492259","104171441"
"16090","104169992","88616108"
"16091","104172033","99978645"
"16092","104172034","80121920"
"16093","78890092","103494354"
"16094","78890093","86686080"
"16095","80127787","97749732"
"16096","80127788","88676178"
"16097","86678136","103491657"
"16098","86680221","104171460"
"16099","86680222","94196872"
"16100","88624981","88678149"
"16101","88624982","88671114"
"16102","88669590","88671887"
"16103","88671675","103341463"
"16104","88671676","97753980"
"16105","92251971","103494641"
"16106","92251972","92251574"
"16107","92445525","92252745"
"16108","92445526","103081303"
"16109","94197403","103087324"
"16110","94197404","97746589"
"16111","96098054","88671616"
"16112","96098054","92255952"
"16113","96098054","88618362"
"16114","96098054","94199272"
"16115","96098054","103494649"
"16116","97747012","92252618"
"16117","97747012","104173502"
"16118","97747012","96098400"
"16119","97747012","103490253"
"16120","97747012","88678046"
"16121","99972202","104171483"
"16122","99972202","103493705"
"16123","99972202","92251401"
"16124","99972202","92256284"
"16125","99972202","99972215"
"16126","103081262","96091938"
"16127","103081262","86688916"
"16128","103081262","103341539"
"16129","103081262","88677185"
"16130","103082513","97754089"
"16131","103083357","103343534"
"16132","103083357","94204143"
"16133","103083444","104173448"
"16134","103083879","103080180"
"16135","103083879","92253529"
"16136","103084607","97751454"
"16137","103086044","78896454"
"16138","103086275","94203222"
"16139","103086469","97753980"
"16140","103088557","103493628"
"16141","103088557","103495348"
"16142","103089005","103086736"
"16143","103089005","96096834"
"16144","103089045","88676179"
"16145","103089153","88618198"
"16146","103336332","92444811"
"16147","103336332","103082683"
"16148","103336332","88623290"
"16149","103336332","92258645"
"16150","103337583","94201911"
"16151","103338427","88676026"
"16152","103338427","103495506"
"16153","103338514","80127216"
"16154","103338949","96099495"
"16155","103338949","97748426"
"16156","103339677","72815288"
"16157","103341114","99972234"
"16158","103341345","97748425"
"16159","103341539","88625370"
"16160","103343627","96098052"
"16161","103343627","99974349"
"16162","103344075","104171328"
"16163","103344075","103342021"
"16164","103344115","104175879"
"16165","103344223","86686909"
"16166","103491631","97753847"
"16167","103491631","92446081"
"16168","103491631","78890092"
"16169","103491631","86681223"
"16170","103492882","92446153"
"16171","103493726","92440507"
"16172","103493726","103088439"
"16173","103493813","88676555"
"16174","103494345","80127322"
"16175","103495633","88671049"
"16176","103495633","103502165"
"16177","103501013","99971890"
"16178","103501046","88618503"
"16179","103501085","96098581"
"16180","103501085","103338563"
"16181","103502165","96093479"
"16182","103503442","99972480"
"16183","103504170","94196696"
"16184","104171406","80127576"
"16185","104171406","103335332"
"16186","104171406","103083637"
"16187","104171406","94203387"
"16188","104172657","80125531"
"16189","104173501","80121000"
"16190","104173501","92253982"
"16191","104173588","69503378"
"16192","104174023","88671360"
"16193","104174023","86680721"
"16194","104174751","104178383"
"16195","104176188","88676831"
"16196","104176419","88671049"
"16197","104176613","104178127"
"16198","104178701","104171373"
"16199","104178701","103494373"
"16200","104179149","78894205"
"16201","104179149","92443984"
"16202","104179189","97748243"
"16203","104179297","92446128"
"16204","71484977","88623327"
"16205","78889465","97751966"
"16206","78891561","104173707"
"16207","78891561","92252471"
"16208","78891648","103082840"
"16209","78892812","96098436"
"16210","78896768","103080153"
"16211","78899006","96092305"
"16212","78899006","78889431"
"16213","80118722","88619235"
"16214","80118874","92251362"
"16215","80118874","103493815"
"16216","80121112","80124094"
"16217","80123630","88669828"
"16218","80125068","78896642"
"16219","80126232","97747764"
"16220","80126319","88619001"
"16221","80126319","96098049"
"16222","80128415","104176912"
"16223","86679594","103491601"
"16224","86681690","86679198"
"16225","86681690","88618610"
"16226","86681777","103337465"
"16227","86682940","103081256"
"16228","86684378","103341782"
"16229","86684378","103081165"
"16230","86684609","86680836"
"16231","86684803","103081357"
"16232","86686896","103340927"
"16233","86686896","104174153"
"16234","86689134","99976775"
"16235","86689134","94196832"
"16236","86689174","99974194"
"16237","86689286","96099538"
"16238","88615917","103087751"
"16239","88616069","104171501"
"16240","88616069","103081229"
"16241","88618307","78890943"
"16242","88618307","103081827"
"16243","88620594","92444901"
"16244","88620825","88675801"
"16245","88620825","88670932"
"16246","88622263","88671359"
"16247","88623426","92439436"
"16248","88623513","104176525"
"16249","88623513","86681173"
"16250","88625609","97751624"
"16251","88671048","103337753"
"16252","88671048","80121223"
"16253","88673144","92258457"
"16254","88673144","97748243"
"16255","88673231","103081570"
"16256","88674394","103081366"
"16257","88675832","96089078"
"16258","88675832","99971680"
"16259","88676063","88669986"
"16260","88676257","104171456"
"16261","88678350","92442805"
"16262","88678350","103493091"
"16263","88680588","104172113"
"16264","88680588","80121237"
"16265","88680628","88677453"
"16266","88680740","103087750"
"16267","92251344","88674377"
"16268","92251344","94202282"
"16269","92251344","59211955"
"16270","92251344","92251312"
"16271","92253440","97747242"
"16272","92253440","96097824"
"16273","92253527","103338516"
"16274","92254690","103083593"
"16275","92256128","103502456"
"16276","92256359","96097764"
"16277","92256553","103338696"
"16278","92258646","88618766"
"16279","92258646","92444323"
"16280","92260540","99974630"
"16281","92260540","86684217"
"16282","92260580","94202567"
"16283","92260692","103342295"
"16284","92436461","103082682"
"16285","92436613","80128346"
"16286","92436613","103086764"
"16287","92438851","94203989"
"16288","92438851","86685331"
"16289","92442807","103081473"
"16290","92443970","103492873"
"16291","92444057","103083539"
"16292","92444057","86684227"
"16293","92446153","103088370"
"16294","94196776","88671157"
"16295","94196776","88680454"
"16296","94196776","103087030"
"16297","94196776","80118876"
"16298","94198028","99976803"
"16299","94198872","88624267"
"16300","94198872","69508325"
"16301","94198959","103337531"
"16302","94200122","80128407"
"16303","94201560","103088024"
"16304","94201560","104178712"
"16305","94201791","78892813"
"16306","94201985","104171415"
"16307","94204078","78898788"
"16308","94204078","96090762"
"16309","94205972","103342821"
"16310","94205972","94197975"
"16311","94206012","97748451"
"16312","94206124","103089022"
"16313","96091354","88620863"
"16314","96091354","88675523"
"16315","96091354","103336358"
"16316","96092304","103504247"
"16317","96092606","96093158"
"16318","96092606","96098165"
"16319","96092976","99972220"
"16320","96093609","99978551"
"16321","96093755","88625532"
"16322","96095206","88625588"
"16323","96095889","104171419"
"16324","96095904","78890858"
"16325","96095906","103079849"
"16326","96096658","103086366"
"16327","96096658","88671125"
"16328","96096741","103081957"
"16329","96096741","104176872"
"16330","96096741","88673606"
"16331","96096742","94196845"
"16332","96098097","104172612"
"16333","96098188","88673256"
"16334","96099497","103343513"
"16335","97745611","96096751"
"16336","97746878","80122631"
"16337","97746969","94204077"
"16338","97748243","94206348"
"16339","97748323","94201384"
"16340","97748324","88678463"
"16341","97748324","103337550"
"16342","97748324","97753819"
"16343","97748407","94199292"
"16344","97748407","104171515"
"16345","97749159","97753697"
"16346","97749161","103081263"
"16347","97749176","99972404"
"16348","97749859","92251321"
"16349","97751309","103086712"
"16350","97752088","99972492"
"16351","97752458","94196615"
"16352","97752458","99973642"
"16353","97752760","96097865"
"16354","97753707","103082993"
"16355","97753707","97746489"
"16356","97753707","97755024"
"16357","99970801","92443981"
"16358","99972068","92438940"
"16359","99972159","104171768"
"16360","99973433","94197596"
"16361","99973513","96098013"
"16362","99973514","103342119"
"16363","99973514","88625686"
"16364","99973514","96098105"
"16365","99973597","104172825"
"16366","99973597","86679594"
"16367","99974349","92445910"
"16368","99974351","78891585"
"16369","99974366","104173297"
"16370","99975049","88671678"
"16371","99976499","88624981"
"16372","99976645","94200397"
"16373","99977278","80126192"
"16374","99977648","104174043"
"16375","99977648","80121205"
"16376","99977950","96088712"
"16377","99978897","88619736"
"16378","99978897","92443612"
"16379","99978897","96091970"
"16380","96088930","103087877"
"16381","96088930","99972091"
"16382","96092980","97747062"
"16383","96097844","96096545"
"16384","97747222","94197022"
"16385","97752084","88626856"
"16386","97754683","80126413"
"16387","97754683","88621143"
"16388","99972412","86678381"
"16389","99977274","71487413"
"16390","99979873","96093440"
"16391","99979873","96091213"
"16392","103081177","103341413"
"16393","103087742","80125819"
"16394","103088560","103083041"
"16395","103336247","88619839"
"16396","103342812","86680687"
"16397","103343630","92255808"
"16398","103491546","86684569"
"16399","103495636","86681485"
"16400","103501793","94196871"
"16401","104171321","96092303"
"16402","104177886","103494647"
"16403","104178704","88673280"
"16404","71486069","92257327"
"16405","72764782","104178512"
"16406","78895951","104177953"
"16407","78896771","61775330"
"16408","80121109","103491604"
"16409","80121929","92252806"
"16410","86679509","80127933"
"16411","86686079","97748451"
"16412","86686899","96093016"
"16413","88618304","96088616"
"16414","88619124","103336541"
"16415","88625694","88623277"
"16416","88670963","103494402"
"16417","88677533","94203973"
"16418","88678353","86680835"
"16419","92251259","103080936"
"16420","92257829","97754682"
"16421","92258649","92439153"
"16422","92438848","103490688"
"16423","92439668","88672175"
"16424","94196691","96096822"
"16425","94203261","78892827"
"16426","94204081","86686791"
"16427","96092866","99972206"
"16428","96092866","92257852"
"16429","96095653","104173829"
"16430","96095653","96095193"
"16431","96095980","92446264"
"16432","96097767","86686776"
"16433","96098060","97749603"
"16434","96098060","92441514"
"16435","96098060","78894934"
"16436","96098060","96093612"
"16437","96098061","88670677"
"16438","96098061","92441532"
"16439","96098061","80122769"
"16440","96098160","104173676"
"16441","97746906","92256322"
"16442","97747005","88671066"
"16443","97747005","99974790"
"16444","97747005","104172036"
"16445","97747006","103082619"
"16446","97747006","86681763"
"16447","97747006","99980224"
"16448","97747006","94196809"
"16449","97747299","92447304"
"16450","97749085","97747048"
"16451","97749412","88676025"
"16452","97749412","103491716"
"16453","97752198","99972565"
"16454","97752198","92251172"
"16455","99972096","103495259"
"16456","99972195","92443970"
"16457","99972195","104177195"
"16458","99972195","99974834"
"16459","99972196","86685999"
"16460","99972196","86679514"
"16461","99972196","103337758"
"16462","99972196","94199363"
"16463","99972489","96098006"
"16464","99974275","92441544"
"16465","99974602","104171375"
"16466","99974602","96098150"
"16467","99977388","103336571"
"16468","99977388","103081275"
"16469","103081261","104174257"
"16470","103081261","96099118"
"16471","103081261","88676576"
"16472","103081261","104171476"
"16473","103082349","103081519"
"16474","103086385","96097998"
"16475","103336331","88625642"
"16476","103336331","103495452"
"16477","103336331","94195726"
"16478","103336331","80123773"
"16479","103337419","103337665"
"16480","103341455","104177566"
"16481","103491630","103088558"
"16482","103491630","92439442"
"16483","103491630","103504183"
"16484","103491630","88673050"
"16485","103492718","103343857"
"16486","104171405","92441369"
"16487","104171405","92251552"
"16488","104171405","103491597"
"16489","104171405","96093703"
"16490","104172493","103342092"
"16491","104176529","99979038"
"16492","71484976","104176907"
"16493","78889464","104172706"
"16494","78890553","103341976"
"16495","80127327","94196450"
"16496","80128416","103494590"
"16497","86679593","88678252"
"16498","86680682","88671300"
"16499","88624521","96092939"
"16500","88625610","92252433"
"16501","88671047","86685080"
"16502","88671047","97746968"
"16503","88672136","104177843"
"16504","88676173","80123327"
"16505","92251343","99975029"
"16506","92251343","92441031"
"16507","92251343","104173183"
"16508","92251343","103081514"
"16509","92252432","103081471"
"16510","92445065","88620140"
"16511","92446154","103492428"
"16512","94196775","92250124"
"16513","94196775","103494362"
"16514","94196775","97754763"
"16515","94196775","97746977"
"16516","94197864","103087873"
"16517","94201901","88619116"
"16518","96091919","103083532"
"16519","96095470","97753566"
"16520","96097619","104172769"
"16521","97747447","88620400"
"16522","97749595","103086275"
"16523","97753144","88616309"
"16524","99972637","99971813"
"16525","99974785","103504517"
"16526","99978334","96096680"
"16527","103083683","104176491"
"16528","103083683","103491862"
"16529","103086760","103085855"
"16530","103086760","96092113"
"16531","103086895","104169992"
"16532","103086907","92260501"
"16533","103338753","99977058"
"16534","103338753","88625579"
"16535","103341830","96095761"
"16536","103341830","92446084"
"16537","103341965","88620479"
"16538","103341977","99979938"
"16539","103494661","103336823"
"16540","103494661","99974504"
"16541","103494727","92256879"
"16542","103494738","103088875"
"16543","103504366","86685750"
"16544","103504366","104178286"
"16545","104173827","92251424"
"16546","104173827","103491541"
"16547","104176904","104177095"
"16548","104176904","104175897"
"16549","104177039","80126315"
"16550","104177051","80124042"
"16551","71485512","80121207"
"16552","78891887","78893786"
"16553","78894966","103340796"
"16554","78894966","103336334"
"16555","78895101","103337550"
"16556","80122767","92251912"
"16557","80122779","78890798"
"16558","80122914","94198065"
"16559","80122914","103501133"
"16560","80125993","80127174"
"16561","80125993","99974697"
"16562","86682016","99980041"
"16563","86682016","103491663"
"16564","86685094","80123424"
"16565","86685094","104173498"
"16566","86685229","104173094"
"16567","86685241","88676694"
"16568","88619962","88676265"
"16569","88619974","103338896"
"16570","88620109","80125898"
"16571","88620109","88618613"
"16572","88623187","103081182"
"16573","88623187","86686781"
"16574","88673470","104171624"
"16575","88673470","78889704"
"16576","88676548","103490565"
"16577","88676548","103081514"
"16578","88676683","86682046"
"16579","88676695","80128029"
"16580","92253766","92257106"
"16581","92253766","97748380"
"16582","92256844","94204092"
"16583","92256844","103336217"
"16584","92256979","92447393"
"16585","92256991","86681430"
"16586","92440506","92258660"
"16587","92440518","86680858"
"16588","92440653","88672141"
"16589","92440653","97754285"
"16590","92443731","103086477"
"16591","92443731","103492268"
"16592","94199198","104172984"
"16593","94199198","99972815"
"16594","94202276","97754101"
"16595","94202276","97747021"
"16596","94202411","96090759"
"16597","94202423","103337622"
"16598","96088839","80125066"
"16599","96088839","88625720"
"16600","96088879","103341312"
"16601","96088879","99978902"
"16602","96088884","88623185"
"16603","96088884","78889473"
"16604","96091582","104178583"
"16605","96092428","99978794"
"16606","96097766","88618308"
"16607","96098465","103343536"
"16608","97746601","92446136"
"16609","97747300","92258437"
"16610","97752636","99979269"
"16611","97753479","99971787"
"16612","97754734","88621237"
"16613","97754734","92253676"
"16614","97754774","92443729"
"16615","97754774","86686102"
"16616","99971791","80129637"
"16617","99972490","92252669"
"16618","99977826","103345284"
"16619","99978669","103081948"
"16620","99979924","96093157"
"16621","99979924","92445501"
"16622","99979964","103494676"
"16623","99979964","86678347"
"16624","103081260","97753369"
"16625","103081260","96091718"
"16626","103081260","86680425"
"16627","103081260","88620971"
"16628","103086236","92251362"
"16629","103086236","92440370"
"16630","103086787","96093100"
"16631","103086787","97748282"
"16632","103087328","103338337"
"16633","103087332","88618495"
"16634","103087332","99972175"
"16635","103087332","103339180"
"16636","103087727","80121944"
"16637","103087745","94203941"
"16638","103087745","86685965"
"16639","103087745","92258205"
"16640","103087745","103337620"
"16641","103087745","96095555"
"16642","103336330","103086477"
"16643","103336330","99979594"
"16644","103336330","92251314"
"16645","103336330","97746822"
"16646","103338634","104178394"
"16647","103338634","92249880"
"16648","103338634","97747690"
"16649","103341306","104171468"
"16650","103341306","99974275"
"16651","103341857","92438838"
"16652","103341857","78894994"
"16653","103342398","104177472"
"16654","103342402","94198294"
"16655","103342402","92444064"
"16656","103342402","97747056"
"16657","103342797","103341209"
"16658","103342815","94201385"
"16659","103342815","96096674"
"16660","103342815","92252143"
"16661","103342815","92444373"
"16662","103342815","86678334"
"16663","103491629","80126246"
"16664","103491629","104171372"
"16665","103491629","104178494"
"16666","103491629","92253709"
"16667","103494306","86686780"
"16668","103494306","88680610"
"16669","103494671","103086000"
"16670","103494671","103491625"
"16671","103495002","94196743"
"16672","103495349","103081369"
"16673","103501790","88625640"
"16674","103501790","80122910"
"16675","103501790","97753974"
"16676","103501847","94197086"
"16677","103501847","97745882"
"16678","104171404","104171645"
"16679","104171404","97748409"
"16680","104171404","103080761"
"16681","104171404","103338374"
"16682","104173708","88624345"
"16683","104173708","96097970"
"16684","104173708","104171473"
"16685","104176380","103491837"
"16686","104176380","103083626"
"16687","104176931","92445907"
"16688","104176931","103493065"
"16689","104177472","86679675"
"16690","104177476","97753693"
"16691","104177476","92440665"
"16692","104177476","103086787"
"16693","104177871","103336959"
"16694","104177889","92440649"
"16695","104177889","92251424"
"16696","104177889","94198778"
"16697","104177889","94198869"
"16698","104177889","99973335"
"16699","71484975","86689183"
"16700","78889463","92251577"
"16701","78894442","99973599"
"16702","78895535","99972818"
"16703","78895954","88671014"
"16704","80121926","78890094"
"16705","80122341","88672370"
"16706","80122345","92251652"
"16707","80123438","99972389"
"16708","80123438","99979475"
"16709","80126112","104171438"
"16710","80128417","88672175"
"16711","86679592","99973454"
"16712","86681897","103340971"
"16713","86684570","99972153"
"16714","86684570","103494718"
"16715","86685663","103501602"
"16716","86685667","103081172"
"16717","86685667","88624812"
"16718","86685667","88676524"
"16719","86686064","104172679"
"16720","86686082","104172943"
"16721","86686082","96092313"
"16722","86686082","103088787"
"16723","88619121","103086348"
"16724","88619121","103491837"
"16725","88619536","88624368"
"16726","88619540","78894970"
"16727","88620633","86679652"
"16728","88620633","96097232"
"16729","88623306","69724209"
"16730","88625611","92440190"
"16731","88671046","103336583"
"16732","88671046","80127981"
"16733","88673351","104174023"
"16734","88676024","103338753"
"16735","88676024","88624275"
"16736","88677117","88673141"
"16737","88677121","78891650"
"16738","88677121","86685667"
"16739","88677518","88673930"
"16740","88677536","94195559"
"16741","88677536","88620825"
"16742","88677536","103083039"
"16743","92251342","103337530"
"16744","92251342","88678224"
"16745","92251342","97749628"
"16746","92251342","86680429"
"16747","92253647","92258450"
"16748","92256320","104172043"
"16749","92256320","88670064"
"16750","92256871","94198963"
"16751","92256871","88673123"
"16752","92257413","103086762"
"16753","92257417","103491657"
"16754","92257417","92251263"
"16755","92257814","80128447"
"16756","92257832","86688894"
"16757","92257832","104171404"
"16758","92257832","103082890"
"16759","92439665","92260600"
"16760","92439665","94199386"
"16761","92439683","92257127"
"16762","92440080","104175077"
"16763","92441177","103339074"
"16764","92441177","96097608"
"16765","92446155","88674972"
"16766","94196774","92439048"
"16767","94196774","103491874"
"16768","94196774","99978552"
"16769","94196774","88672627"
"16770","94201752","103501601"
"16771","94201752","78894565"
"16772","94202303","103339046"
"16773","94202303","80128399"
"16774","94202845","103491839"
"16775","94202849","97745990"
"16776","94202849","86678348"
"16777","94203246","80127933"
"16778","94203264","71485379"
"16779","94203264","103082586"
"16780","94203264","97749159"
"16781","96088917","103081561"
"16782","96090910","99977843"
"16783","96090910","103080899"
"16784","96090961","104172840"
"16785","96091073","80122039"
"16786","96091587","99973958"
"16787","96091587","96091358"
"16788","96091587","96097441"
"16789","96092109","88672341"
"16790","96096073","94198017"
"16791","96096982","94196789"
"16792","96097236","103337910"
"16793","96097236","99973548"
"16794","96097236","99973809"
"16795","96098110","78893783"
"16796","96098110","92436319"
"16797","96098110","92251381"
"16798","96098110","94201416"
"16799","96098189","96097253"
"16800","96098601","86679566"
"16801","97746469","78894601"
"16802","97746877","78896670"
"16803","97746956","103491648"
"16804","97746956","96091243"
"16805","97746956","103496102"
"16806","97746956","78889432"
"16807","97747830","92252761"
"16808","97747830","104174137"
"16809","97747830","104179521"
"16810","97748992","104171485"
"16811","97752954","103494035"
"16812","97753474","92446122"
"16813","97753474","92445854"
"16814","97753474","96093454"
"16815","97753988","104178944"
"16816","97754100","94196749"
"16817","97754151","104175998"
"16818","97754151","94204191"
"16819","99971659","103492454"
"16820","99972067","94203958"
"16821","99972146","92446182"
"16822","99972146","94206262"
"16823","99972146","99975033"
"16824","99972146","103088751"
"16825","99973020","97751628"
"16826","99973020","94197076"
"16827","99973020","103340959"
"16828","99974182","103336716"
"16829","99978144","99979497"
"16830","99978664","94196776"
"16831","99978664","92444828"
"16832","99978664","92252029"
"16833","99979178","92250097"
"16834","99979290","88673351"
"16835","99979341","88623054"
"16836","99979341","104171424"
"16837","99979886","103082395"
"16838","103084109","96097434"
"16839","103084109","103342835"
"16840","103088460","88624269"
"16841","103088467","88676288"
"16842","103339179","104171431"
"16843","103339179","104175869"
"16844","103343530","99972149"
"16845","103343537","103088967"
"16846","103495601","86685096"
"16847","103495608","71484977"
"16848","103503940","104178598"
"16849","103503940","92443510"
"16850","104174253","97745611"
"16851","104174253","88677185"
"16852","104178604","103087662"
"16853","104178611","88680588"
"16854","71485381","103341438"
"16855","78896669","99977159"
"16856","78896676","97751624"
"16857","80121204","80123774"
"16858","80121211","103089067"
"16859","80125566","88619643"
"16860","86682442","104171491"
"16861","86686797","97753600"
"16862","86686804","80127091"
"16863","88618399","88625378"
"16864","88618406","72764745"
"16865","88622761","104176039"
"16866","88673896","104174043"
"16867","88673896","103492964"
"16868","88678251","104171101"
"16869","88678258","103080057"
"16870","92254192","103336246"
"16871","92254192","94203349"
"16872","92258547","88671135"
"16873","92258554","94205892"
"16874","92438943","97749112"
"16875","92438950","80127020"
"16876","92443305","99974741"
"16877","94199624","104178166"
"16878","94199624","96088830"
"16879","94203979","103493092"
"16880","94203986","71487412"
"16881","96090885","103342485"
"16882","96090889","86686910"
"16883","96092607","104171650"
"16884","97752457","103342812"
"16885","97754172","78891648"
"16886","97754176","99972282"
"16887","99977647","86685365"
"16888","99979362","92256871"
"16889","99979366","80121302"
"16890","103081269","88623277"
"16891","103081269","103337690"
"16892","103081269","80123785"
"16893","103081269","104172765"
"16894","103336339","92257143"
"16895","103336339","104176856"
"16896","103336339","97749485"
"16897","103336339","103086895"
"16898","103491638","97748409"
"16899","103491638","99974771"
"16900","103491638","103501612"
"16901","103491638","80122911"
"16902","104171413","80122887"
"16903","104171413","97753428"
"16904","104171413","94203961"
"16905","104171413","88625576"
"16906","71488582","59212046"
"16907","78889472","92253378"
"16908","80128408","88620473"
"16909","86679601","86680987"
"16910","88625602","92443515"
"16911","88671055","86680028"
"16912","88671055","103086392"
"16913","92251351","80126683"
"16914","92251351","99976771"
"16915","92251351","99977687"
"16916","92446146","92251164"
"16917","94196671","92446181"
"16918","94196783","80126320"
"16919","94196783","86680979"
"16920","94196783","96098103"
"16921","94196783","96093610"
"16922","96091074","103336694"
"16923","96091310","88624187"
"16924","96092571","99971683"
"16925","96092571","103339187"
"16926","96092946","86686701"
"16927","96097765","88623438"
"16928","96097765","103504338"
"16929","96097765","88670968"
"16930","97747301","104176613"
"16931","97747301","88671676"
"16932","97747301","103082535"
"16933","97752118","96094725"
"16934","97752493","92256476"
"16935","97752493","99977263"
"16936","97753751","86684682"
"16937","97753987","78890799"
"16938","99972491","88680510"
"16939","99972491","103339218"
"16940","99972491","92251981"
"16941","99977308","96090759"
"16942","99977683","78889464"
"16943","99977683","94202304"
"16944","99978941","99973468"
"16945","99979177","92443984"
"16946","103079882","88673050"
"16947","103079882","64977939"
"16948","103334952","99972270"
"16949","103334952","88676537"
"16950","103490251","99972068"
"16951","103490251","104171314"
"16952","104170026","88619974"
"16953","104170026","88620615"
"16954","71488515","88678160"
"16955","78888041","103083356"
"16956","80129839","97749359"
"16957","80129839","97748290"
"16958","86678170","104175906"
"16959","86678170","78888219"
"16960","88627033","94203387"
"16961","88627033","78892812"
"16962","88669624","80118912"
"16963","88669624","103088436"
"16964","92249921","88619115"
"16965","92249921","88625573"
"16966","92447577","103336340"
"16967","92447577","80121929"
"16968","94195354","78892785"
"16969","94195354","92257417"
"16970","96090962","94202421"
"16971","96090962","103491678"
"16972","96092002","104171374"
"16973","96092954","97747299"
"16974","96095773","86684223"
"16975","96095979","103493632"
"16976","96095979","88671057"
"16977","97749086","86679144"
"16978","97749086","88620513"
"16979","97749292","103492786"
"16980","97752110","104170902"
"16981","97753061","92252637"
"16982","97754099","94197007"
"16983","97754099","97747044"
"16984","99974276","92446140"
"16985","99974276","97747833"
"16986","99974482","86682144"
"16987","99977300","92260540"
"16988","99978251","92251423"
"16989","99979289","94201278"
"16990","99979289","94202412"
"16991","103081268","104174289"
"16992","103081268","104174254"
"16993","103081268","104172583"
"16994","103081268","92249880"
"16995","103081893","96095773"
"16996","103081894","103492757"
"16997","103088249","104178397"
"16998","103088932","103341955"
"16999","103088954","103086356"
"17000","103088954","104171978"
"17001","103088954","103084590"
"17002","103336338","94196793"
"17003","103336338","104176911"
"17004","103336338","97753619"
"17005","103336338","96088623"
"17006","103336963","88671347"
"17007","103336964","103492871"
"17008","103343319","97754300"
"17009","103344002","103491345"
"17010","103344024","103493410"
"17011","103344024","94196820"
"17012","103344024","99979475"
"17013","103491637","96096653"
"17014","103491637","88621134"
"17015","103491637","104171483"
"17016","103491637","88626641"
"17017","103492262","99975067"
"17018","103492263","103081890"
"17019","103495446","104172092"
"17020","103495884","103337749"
"17021","103495900","92441065"
"17022","103495900","103340795"
"17023","103495900","86681372"
"17024","104171412","97749877"
"17025","104171412","103336433"
"17026","104171412","88671125"
"17027","104171412","94195530"
"17028","104172037","92438965"
"17029","104172038","92441511"
"17030","104178393","99976929"
"17031","104179076","103081271"
"17032","104179098","97745816"
"17033","104179098","92446180"
"17034","104179098","104174277"
"17035","71484983","103504517"
"17036","78889471","99979589"
"17037","78890096","94195557"
"17038","78890097","104178397"
"17039","78896458","99976814"
"17040","78898955","99976678"
"17041","80118925","96098103"
"17042","80118925","78895670"
"17043","80118925","99980582"
"17044","80121422","103085898"
"17045","80127783","78894994"
"17046","80127784","103085632"
"17047","80128409","92440936"
"17048","86679600","97752468"
"17049","86680225","88620141"
"17050","86680226","99973505"
"17051","86686586","78894554"
"17052","86689061","103084607"
"17053","86689083","97751904"
"17054","86689083","103082688"
"17055","86689083","103086738"
"17056","88616120","97749874"
"17057","88616120","103337535"
"17058","88616120","80121211"
"17059","88618617","92252732"
"17060","88624977","92260467"
"17061","88624978","88619101"
"17062","88625603","94202306"
"17063","88671054","92252083"
"17064","88671054","78894205"
"17065","88671679","94203775"
"17066","88671680","103089426"
"17067","88678040","97749176"
"17068","88680515","92258531"
"17069","88680537","99972202"
"17070","88680537","94202845"
"17071","88680537","97749085"
"17072","92251350","71485379"
"17073","92251350","104173637"
"17074","92251350","86684614"
"17075","92251975","96093442"
"17076","92251976","80128384"
"17077","92258336","94201908"
"17078","92260467","88675653"
"17079","92260489","103336239"
"17080","92260489","97755009"
"17081","92260489","80127784"
"17082","92436664","96096875"
"17083","92436664","103492451"
"17084","92436664","94203962"
"17085","92439161","103494308"
"17086","92445521","94196839"
"17087","92445522","92444057"
"17088","92446147","103346870"
"17089","94196782","103343438"
"17090","94196782","94205920"
"17091","94196782","104172769"
"17092","94196782","103340959"
"17093","94197407","97752954"
"17094","94197408","88622996"
"17095","94203768","88671078"
"17096","94205899","92440528"
"17097","94205921","103338111"
"17098","94205921","94196786"
"17099","94205921","97747577"
"17100","96096875","97752466"
"17101","96096876","103081581"
"17102","97748189","78891634"
"17103","97748189","88680572"
"17104","97748190","92252678"
"17105","99973379","88675657"
"17106","99973380","88671292"
"17107","103081254","96097776"
"17108","103081254","92251575"
"17109","103081254","103337163"
"17110","103081496","94203882"
"17111","103081496","103493705"
"17112","103083875","103491838"
"17113","103086045","99979279"
"17114","103086045","94203246"
"17115","103086045","86684831"
"17116","103086727","96093436"
"17117","103086727","94200125"
"17118","103086727","80122153"
"17119","103086897","103495900"
"17120","103336324","88625581"
"17121","103336324","94204092"
"17122","103336324","78889695"
"17123","103336566","103081967"
"17124","103336566","97747007"
"17125","103338945","94202760"
"17126","103341115","78896567"
"17127","103341115","103081335"
"17128","103341115","104177576"
"17129","103341115","99979922"
"17130","103341115","103344039"
"17131","103341797","99972227"
"17132","103341797","80128385"
"17133","103341797","86680391"
"17134","103341967","92443921"
"17135","103491623","103086870"
"17136","103491623","104176046"
"17137","103491623","92251352"
"17138","103491865","88625610"
"17139","103491865","86679564"
"17140","103494629","96093483"
"17141","103494629","88675988"
"17142","103494629","104176939"
"17143","103494729","97745908"
"17144","103502335","104171392"
"17145","103502335","86681778"
"17146","103504174","103089007"
"17147","104171398","92443498"
"17148","104171398","103335323"
"17149","104171398","92445498"
"17150","104171640","80125532"
"17151","104171640","97751581"
"17152","104174019","92251655"
"17153","104176189","104172648"
"17154","104176189","99977647"
"17155","104176189","103495002"
"17156","104176189","99971798"
"17157","104176189","96097489"
"17158","104176871","96088879"
"17159","104176871","104173877"
"17160","104176871","103336242"
"17161","104177041","88618189"
"17162","71485299","97749551"
"17163","71485855","80128175"
"17164","71485855","94197403"
"17165","71486197","59214995"
"17166","78889699","103082551"
"17167","78889699","86680232"
"17168","78894251","103081294"
"17169","78894933","103336299"
"17170","78894933","96091611"
"17171","78894933","69499654"
"17172","78895103","103504150"
"17173","80122777","104177589"
"17174","80122947","104178611"
"17175","80122947","104179128"
"17176","80122947","103342835"
"17177","80123629","97748324"
"17178","80123629","103501692"
"17179","80123629","88669992"
"17180","80125801","103495453"
"17181","80128181","94201515"
"17182","80128181","94206228"
"17183","86679828","103491602"
"17184","86679828","103502335"
"17185","86682208","103081889"
"17186","86684379","92252686"
"17187","86684379","103493090"
"17188","86684379","104172705"
"17189","86684379","104177174"
"17190","86684379","88674657"
"17191","86685061","103086395"
"17192","86685061","96092607"
"17193","86685061","88673662"
"17194","86685231","94201985"
"17195","88619972","86679508"
"17196","88620142","78888341"
"17197","88620142","80118863"
"17198","88620142","80127847"
"17199","88620824","80128382"
"17200","88620824","96096922"
"17201","88620824","88671017"
"17202","88620824","96093160"
"17203","88625375","88676063"
"17204","88625375","104171749"
"17205","88670000","80126997"
"17206","88671040","97746587"
"17207","88671040","97746689"
"17208","88671282","88671789"
"17209","88671282","99974676"
"17210","88673662","96092945"
"17211","88675833","92251336"
"17212","88675833","88618444"
"17213","88675833","96097762"
"17214","88675833","88671891"
"17215","88675833","99978670"
"17216","88676515","99971732"
"17217","88676515","103495899"
"17218","88676515","97747621"
"17219","88676685","86680129"
"17220","92250296","92251916"
"17221","92251336","71486059"
"17222","92251336","99979178"
"17223","92251336","97746668"
"17224","92251578","78889899"
"17225","92251578","97751582"
"17226","92256129","97749608"
"17227","92256129","97754176"
"17228","92256129","96099294"
"17229","92256811","88624977"
"17230","92256811","86682089"
"17231","92256811","94197344"
"17232","92256981","92444464"
"17233","92440516","86678371"
"17234","92440686","78896631"
"17235","92440686","80127014"
"17236","92440686","92447399"
"17237","92441368","92444911"
"17238","92445919","94198238"
"17239","92445919","104173574"
"17240","94196768","103340829"
"17241","94196768","103081147"
"17242","94196768","92447611"
"17243","94197010","80128330"
"17244","94197010","92440646"
"17245","94199390","78894808"
"17246","94201561","103492015"
"17247","94201561","97753090"
"17248","94201561","103336691"
"17249","94201561","97748281"
"17250","94201561","92251361"
"17251","94202243","92436629"
"17252","94202243","99972282"
"17253","94202243","97746961"
"17254","94202413","86684716"
"17255","96090864","80125776"
"17256","96090868","88619105"
"17257","96090936","96090867"
"17258","96090963","103495903"
"17259","96091075","86686841"
"17260","96092198","94195517"
"17261","96092450","104170379"
"17262","96092450","88621143"
"17263","96092450","103492954"
"17264","96097443","88620487"
"17265","96097445","96098089"
"17266","96099535","78891245"
"17267","97747621","99973023"
"17268","97747623","88626848"
"17269","97748569","78890753"
"17270","97749608","92252704"
"17271","97752614","86679595"
"17272","97752614","88670980"
"17273","97752614","103494729"
"17274","97752865","96097276"
"17275","97753986","88620521"
"17276","97754098","96095625"
"17277","97754125","103086390"
"17278","97754193","92440685"
"17279","97754197","80126995"
"17280","99972811","103082104"
"17281","99972813","78896578"
"17282","99973759","104176535"
"17283","99974798","94195321"
"17284","99977804","92256095"
"17285","99977804","103085854"
"17286","99977804","92250235"
"17287","99978055","88673233"
"17288","99979176","88671887"
"17289","99979288","94201368"
"17290","99979315","103491928"
"17291","99979383","88618496"
"17292","99979387","103490519"
"17293","103081849","103088255"
"17294","103081849","104174043"
"17295","103082581","94203270"
"17296","103086704","94196789"
"17297","103086704","103491608"
"17298","103086765","92251311"
"17299","103086765","96090878"
"17300","103086994","97747382"
"17301","103336919","103336310"
"17302","103336919","103492203"
"17303","103337651","92249888"
"17304","103341774","88625570"
"17305","103341774","103336575"
"17306","103341774","97747645"
"17307","103341835","88677880"
"17308","103341835","97753053"
"17309","103342064","103336430"
"17310","103492218","103338063"
"17311","103492218","88677552"
"17312","103492950","99978662"
"17313","103494613","96088728"
"17314","103494613","103491533"
"17315","103494666","103501297"
"17316","103494666","92252085"
"17317","103494811","104177777"
"17318","104171993","96090772"
"17319","104171993","103492023"
"17320","104172725","103343577"
"17321","104176848","103335869"
"17322","104176848","103494363"
"17323","104176848","92251662"
"17324","104176909","92257174"
"17325","104176909","92251595"
"17326","104177138","78889709"
"17327","71482624","103086139"
"17328","71485392","78896767"
"17329","71487588","103491608"
"17330","78890052","103342492"
"17331","78890052","104178577"
"17332","78894910","104178127"
"17333","78894910","88624810"
"17334","78894971","92251233"
"17335","78894971","96098005"
"17336","78895200","92260524"
"17337","80122680","86684192"
"17338","80122909","96092019"
"17339","80122909","88677933"
"17340","80122970","88676390"
"17341","80122970","104172249"
"17342","80127095","86679496"
"17343","80127828","103492476"
"17344","80127828","104178610"
"17345","86680181","104174045"
"17346","86680181","103494392"
"17347","86680914","103085814"
"17348","86685038","86684345"
"17349","86685038","92257134"
"17350","86685099","67692378"
"17351","86685099","103493065"
"17352","86685328","96098109"
"17353","88619875","97749637"
"17354","88620104","88678227"
"17355","88620104","86682020"
"17356","88620165","92447399"
"17357","88620165","96091087"
"17358","88624289","104174164"
"17359","88625022","88669801"
"17360","88625022","80118923"
"17361","88671635","96097446"
"17362","88671635","99974733"
"17363","88672368","86684609"
"17364","88676492","80127082"
"17365","88676492","80123661"
"17366","88676553","92256788"
"17367","88676553","86679479"
"17368","88676782","92251231"
"17369","92251931","103342466"
"17370","92251931","92439049"
"17371","92252664","92249948"
"17372","92256788","92436492"
"17373","92256788","103341460"
"17374","92256849","96090864"
"17375","92256849","86689098"
"17376","92257078","96098081"
"17377","92440419","78892314"
"17378","92440648","94199417"
"17379","92440648","67693574"
"17380","92440709","92256849"
"17381","92440709","92252762"
"17382","92444833","86681424"
"17383","92445566","96093454"
"17384","92445566","104172765"
"17385","94197363","92256466"
"17386","94197363","97748265"
"17387","94198096","103494044"
"17388","94202220","96099199"
"17389","94202220","99972919"
"17390","94202281","88620267"
"17391","94202281","104174050"
"17392","94202510","94201863"
"17393","96090870","99973480"
"17394","96091589","88678364"
"17395","96097420","97754173"
"17396","96097444","99971677"
"17397","96097446","96095534"
"17398","97747620","103502454"
"17399","97747622","80127783"
"17400","97747646","103340969"
"17401","97753472","96093195"
"17402","97754191","96098096"
"17403","99972810","71483155"
"17404","99972812","103341857"
"17405","99972836","86686706"
"17406","99978662","96097981"
"17407","99979381","88671061"
"17408","103082479","103491869"
"17409","103082479","92256324"
"17410","103086884","92255676"
"17411","103086884","92255938"
"17412","103088374","103081234"
"17413","103337549","94196849"
"17414","103337549","80123399"
"17415","103341954","92256321"
"17416","103341954","92441178"
"17417","103343444","86681596"
"17418","103492848","94202559"
"17419","103492848","104179147"
"17420","103494717","92251388"
"17421","103494717","78889501"
"17422","103495517","103089715"
"17423","104172623","94205986"
"17424","104172623","97754399"
"17425","104177028","94204078"
"17426","104177028","78894572"
"17427","104178518","92438738"
"17428","71485529","96090960"
"17429","71485668","92444758"
"17430","71485669","103081234"
"17431","78895090","97747301"
"17432","78895090","103342821"
"17433","78896583","88673543"
"17434","80121297","88670721"
"17435","80122790","103336042"
"17436","80122790","99973471"
"17437","86685218","97747302"
"17438","86685218","71485416"
"17439","86686711","96097442"
"17440","88618492","86679632"
"17441","88619985","97754345"
"17442","88619985","103492017"
"17443","88672266","103336960"
"17444","88672266","94197075"
"17445","88676672","96096832"
"17446","88676672","92256099"
"17447","88678165","103492290"
"17448","92252562","96092567"
"17449","92252562","92256475"
"17450","92256968","99974823"
"17451","92256968","78894525"
"17452","92258461","94198236"
"17453","92439036","92252780"
"17454","92440529","80123772"
"17455","92440529","103080044"
"17456","94197994","94202444"
"17457","94197994","88676683"
"17458","94202400","103087042"
"17459","94202400","104172693"
"17460","94203893","80128400"
"17461","96090964","99971654"
"17462","96092589","104171749"
"17463","96092589","94201753"
"17464","96092599","103490627"
"17465","96092599","86682955"
"17466","96095227","88625365"
"17467","96095227","99972106"
"17468","96095227","103086748"
"17469","96097831","103492271"
"17470","96098031","78896881"
"17471","96098031","103087089"
"17472","96098031","103502456"
"17473","96098066","96095227"
"17474","96098066","103335869"
"17475","96098066","86685038"
"17476","96098066","88618541"
"17477","96098067","86679833"
"17478","96098067","78892847"
"17479","96098067","104170412"
"17480","96099315","103336417"
"17481","97745792","78898788"
"17482","97746999","80126091"
"17483","97746999","92258455"
"17484","97746999","94195731"
"17485","97747000","80126246"
"17486","97747000","80128391"
"17487","97747000","97754099"
"17488","97747000","97748148"
"17489","97747035","97753753"
"17490","97747035","104177014"
"17491","97747035","80128181"
"17492","97747235","86679559"
"17493","97749838","94205946"
"17494","97749838","99973604"
"17495","97749838","86678440"
"17496","97752465","103492785"
"17497","97752465","80128445"
"17498","97752475","80121112"
"17499","97752475","99978333"
"17500","97754097","99980183"
"17501","99970982","103336964"
"17502","99972189","86686896"
"17503","99972189","94196328"
"17504","99972189","96095525"
"17505","99972190","88671482"
"17506","99972190","103088507"
"17507","99972190","96098515"
"17508","99972190","96098033"
"17509","99972225","97753093"
"17510","99972225","92445064"
"17511","99972225","99973273"
"17512","99972425","103337575"
"17513","99975028","88623277"
"17514","99975028","88619163"
"17515","99975028","103086885"
"17516","99977655","103338808"
"17517","99977655","78890263"
"17518","99977665","103082697"
"17519","99977665","88624276"
"17520","99979287","104171716"
"17521","103080179","80125991"
"17522","103082580","80122341"
"17523","103082580","103086275"
"17524","103335249","94195623"
"17525","103337650","97748375"
"17526","103337650","80119114"
"17527","103490548","103495136"
"17528","103492949","92441514"
"17529","103492949","88671054"
"17530","104169986","86679147"
"17531","104170323","103504133"
"17532","104172724","104173574"
"17533","104172724","80123773"
"17534","104177483","92252664"
"17535","104177483","80126517"
"17536","71485524","97754796"
"17537","71485631","88618307"
"17538","71486317","88624581"
"17539","78888340","96099125"
"17540","78890784","99974451"
"17541","80127096","103342618"
"17542","80127096","78889431"
"17543","80129540","88621001"
"17544","86678130","88677104"
"17545","86678130","88669833"
"17546","86678469","103502410"
"17547","86680913","94197102"
"17548","86680913","88676838"
"17549","88624290","92256095"
"17550","88624290","86689084"
"17551","88626734","96090910"
"17552","88669584","96095955"
"17553","88669923","94201417"
"17554","88672367","103081313"
"17555","88672367","78890304"
"17556","88677128","103081229"
"17557","92250219","72815976"
"17558","92252663","104172494"
"17559","92252663","96095651"
"17560","92444834","88672465"
"17561","92444834","104172798"
"17562","92447278","103339187"
"17563","94195314","104172226"
"17564","94195652","96098485"
"17565","94198095","103336718"
"17566","94198095","71486216"
"17567","94202856","99972393"
"17568","96090974","99973568"
"17569","96091995","96097844"
"17570","96092623","104174753"
"17571","97752441","92256788"
"17572","97754087","96098583"
"17573","99977631","96096690"
"17574","99979277","88680608"
"17575","103083518","104172203"
"17576","103086854","104177557"
"17577","103086854","94202118"
"17578","103086854","88670861"
"17579","103338588","99973514"
"17580","103341924","94201791"
"17581","103341924","86681173"
"17582","103341924","99976775"
"17583","103494697","99974366"
"17584","103494697","96096545"
"17585","103494697","104177369"
"17586","103504531","96095488"
"17587","104173662","86678379"
"17588","104176998","96098033"
"17589","104176998","104173577"
"17590","104176998","88677203"
"17591","71484990","103335315"
"17592","71489830","94196778"
"17593","78895060","92251587"
"17594","78895060","103086767"
"17595","80122820","94201898"
"17596","80122820","97747053"
"17597","86681851","92251315"
"17598","86685188","96091047"
"17599","86685188","103495584"
"17600","86685188","103086897"
"17601","88620015","71483053"
"17602","88620015","99972189"
"17603","88620015","96097767"
"17604","88673305","103083354"
"17605","88676642","88675657"
"17606","88676642","103336334"
"17607","88676642","78895952"
"17608","92253601","94203135"
"17609","92256938","99977287"
"17610","92256938","99979886"
"17611","92256938","88626641"
"17612","92440559","78891736"
"17613","92440559","80123180"
"17614","92440559","103088430"
"17615","92443896","103336919"
"17616","94199033","97747065"
"17617","94202370","96098142"
"17618","94202370","92439999"
"17619","94202370","96098081"
"17620","96088630","103080150"
"17621","96090893","103342943"
"17622","96091076","92444953"
"17623","96092431","103504531"
"17624","96095710","103495349"
"17625","97749355","71486250"
"17626","97752633","88672300"
"17627","97753985","94203953"
"17628","97754168","104173929"
"17629","97754979","96096982"
"17630","99974545","86679623"
"17631","99977823","103341451"
"17632","99979175","92257409"
"17633","99979358","97746958"
"17634","99980169","88675963"
"17635","103080063","65799271"
"17636","103080134","103080252"
"17637","103081252","86682975"
"17638","103081252","103339677"
"17639","103081252","96096820"
"17640","103081259","96098066"
"17641","103081259","80121419"
"17642","103081259","103087877"
"17643","103081259","92256872"
"17644","103082091","99979172"
"17645","103082091","78890946"
"17646","103082579","103088666"
"17647","103083492","97745773"
"17648","103086904","71487261"
"17649","103088244","88619918"
"17650","103088463","104171620"
"17651","103088463","92258338"
"17652","103335133","92438852"
"17653","103335204","88670956"
"17654","103336322","103336342"
"17655","103336322","94198194"
"17656","103336322","104171992"
"17657","103336329","94197574"
"17658","103336329","103502335"
"17659","103336329","96093446"
"17660","103336329","103081349"
"17661","103337161","99973616"
"17662","103337161","103340935"
"17663","103337649","103080855"
"17664","103338562","88626850"
"17665","103341974","86681897"
"17666","103343314","103341782"
"17667","103343533","94198194"
"17668","103343533","92258547"
"17669","103490432","103080890"
"17670","103491621","88673633"
"17671","103491621","92446185"
"17672","103491621","96091349"
"17673","103491628","86679559"
"17674","103491628","94196872"
"17675","103491628","86679564"
"17676","103491628","94204026"
"17677","103492460","92444733"
"17678","103492460","99972239"
"17679","103492948","80118944"
"17680","103493861","103494305"
"17681","103494735","97753602"
"17682","103495441","86680225"
"17683","103495604","94197976"
"17684","103495604","96091074"
"17685","104170207","71484765"
"17686","104170278","78891565"
"17687","104171396","88671152"
"17688","104171396","99975050"
"17689","104171396","103083361"
"17690","104171403","80123289"
"17691","104171403","86684719"
"17692","104171403","99980214"
"17693","104171403","94195655"
"17694","104172235","97749085"
"17695","104172235","96091920"
"17696","104172723","94197160"
"17697","104173636","96099347"
"17698","104177048","92438972"
"17699","104178388","92251408"
"17700","104178607","96096923"
"17701","104178607","88669924"
"17702","71484974","104177139"
"17703","71484974","103338953"
"17704","71484974","103491625"
"17705","71484974","97746916"
"17706","71485388","103494668"
"17707","71485412","92440647"
"17708","71485412","94197088"
"17709","71485523","97754346"
"17710","71486316","104173521"
"17711","71488555","86682940"
"17712","71490368","92253342"
"17713","78888224","86682020"
"17714","78889462","88673628"
"17715","78889462","80123202"
"17716","78889462","103081233"
"17717","78889462","99972834"
"17718","78890783","94201754"
"17719","78891696","103336298"
"17720","78895110","92442806"
"17721","78896453","94203246"
"17722","78896672","86685757"
"17723","78896672","97748348"
"17724","80121208","103081900"
"17725","80121208","92250129"
"17726","80121427","92440936"
"17727","80122770","99974182"
"17728","80126184","104174254"
"17729","80127097","103083841"
"17730","80128418","103496150"
"17731","80128418","103088504"
"17732","80128418","94202759"
"17733","80128418","80128443"
"17734","80129656","104172604"
"17735","86678353","96095625"
"17736","86679591","103082479"
"17737","86679591","99978680"
"17738","86679591","88670657"
"17739","86679591","104170235"
"17740","86680423","103081301"
"17741","86680912","92253438"
"17742","86681825","97753982"
"17743","86685238","104177886"
"17744","86686581","78894942"
"17745","86686800","96097997"
"17746","86686800","88675677"
"17747","88618403","80121217"
"17748","88618403","92251415"
"17749","88618622","88670000"
"17750","88619965","103335829"
"17751","88623378","88624766"
"17752","88624291","78889384"
"17753","88625612","103080082"
"17754","88625612","104172806"
"17755","88625612","80128171"
"17756","88625612","103085895"
"17757","88626850","94201239"
"17758","88669807","97754881"
"17759","88671038","103082060"
"17760","88671038","92444717"
"17761","88671045","71487240"
"17762","88671045","96099229"
"17763","88671045","103343319"
"17764","88671045","103335824"
"17765","88671877","92251550"
"17766","88671877","97747031"
"17767","88672366","103494998"
"17768","88673279","86685260"
"17769","88676692","92252766"
"17770","88678035","88676173"
"17771","88678254","88672627"
"17772","88678254","96097958"
"17773","92250103","88620511"
"17774","92251334","86680914"
"17775","92251334","94201791"
"17776","92251334","94198040"
"17777","92251341","104173901"
"17778","92251341","88671040"
"17779","92251341","97748458"
"17780","92251341","104174168"
"17781","92252173","71484937"
"17782","92252173","99973471"
"17783","92252662","99972814"
"17784","92253575","99973470"
"17785","92256988","99972495"
"17786","92258331","99974182"
"17787","92258550","104171372"
"17788","92258550","103349331"
"17789","92438947","86686800"
"17790","92438947","103343093"
"17791","92439166","103495409"
"17792","92440509","99974773"
"17793","92443922","99973435"
"17794","92444835","96092498"
"17795","92445324","103491639"
"17796","92446156","80121113"
"17797","92446156","86680987"
"17798","92446156","88675964"
"17799","92446156","103082525"
"17800","92447394","71489886"
"17801","94195536","103080134"
"17802","94196766","97748231"
"17803","94196766","80127096"
"17804","94196766","103491726"
"17805","94196773","86679657"
"17806","94196773","96098479"
"17807","94196773","92250097"
"17808","94196773","88671074"
"17809","94197605","78889478"
"17810","94197605","104173101"
"17811","94198094","103084610"
"17812","94199007","96097749"
"17813","94202420","78889457"
"17814","94203763","92257848"
"17815","94203982","94196877"
"17816","94203982","80127877"
"17817","96088895","96097421"
"17818","96090896","104178727"
"17819","96090899","103343323"
"17820","96093433","71483208"
"17821","96097423","94197019"
"17822","96097503","103344104"
"17823","96097503","103335328"
"17824","97747563","103342687"
"17825","97747563","94202566"
"17826","97747643","88672370"
"17827","97751631","92253576"
"17828","97754162","104171619"
"17829","97754165","88673390"
"17830","97754718","94201399"
"17831","99972753","96095438"
"17832","99972753","103492094"
"17833","99972833","94203543"
"17834","99976821","86684223"
"17835","99979352","97747061"
"17836","99979355","97754696"
"17837","99979908","97746916"
"17838","103081247","92436344"
"17839","103081247","99974549"
"17840","103081247","88677766"
"17841","103083490","88678047"
"17842","103086759","78894910"
"17843","103086759","94200105"
"17844","103086759","103493719"
"17845","103088429","103086767"
"17846","103088429","67692304"
"17847","103336317","103083490"
"17848","103336317","103501237"
"17849","103336317","88676575"
"17850","103338560","88671084"
"17851","103341829","103088953"
"17852","103341829","80128418"
"17853","103341829","97747235"
"17854","103343499","96096787"
"17855","103343499","88675653"
"17856","103491616","88672290"
"17857","103491616","78890262"
"17858","103491616","88673164"
"17859","103493859","92256850"
"17860","103494660","99971773"
"17861","103494660","92257837"
"17862","103494660","99971732"
"17863","103495570","97746734"
"17864","103495570","88622238"
"17865","104171391","103490214"
"17866","104171391","104174751"
"17867","104171391","94196845"
"17868","104173634","88627188"
"17869","104176903","103336340"
"17870","104176903","71484898"
"17871","104176903","80127125"
"17872","104178573","103083588"
"17873","104178573","92251413"
"17874","71485216","96091364"
"17875","71485216","80123779"
"17876","71485221","104174257"
"17877","71485345","88625631"
"17878","71485358","86686662"
"17879","71485378","80121928"
"17880","71485378","92443657"
"17881","71487428","88619453"
"17882","71488114","104172096"
"17883","71488170","88669835"
"17884","71488426","96098037"
"17885","78891694","99974274"
"17886","78894965","88620131"
"17887","78894965","96097764"
"17888","78894965","86684057"
"17889","78896638","103085753"
"17890","78896638","104179098"
"17891","80121242","88671708"
"17892","80121242","88620375"
"17893","80122915","99971740"
"17894","80122915","71485216"
"17895","80122915","92260502"
"17896","80126186","103080063"
"17897","86679579","94196770"
"17898","86681823","103083588"
"17899","86685093","99971161"
"17900","86685093","97752223"
"17901","86685093","88678044"
"17902","86686766","94202931"
"17903","86686766","88620478"
"17904","88618437","88672469"
"17905","88618437","104176502"
"17906","88620110","86681913"
"17907","88620110","71482999"
"17908","88620110","86681029"
"17909","88623380","103343442"
"17910","88671033","103343054"
"17911","88671033","92252635"
"17912","88673277","99979585"
"17913","88676547","104171470"
"17914","88676547","92256849"
"17915","88676547","104171450"
"17916","88678220","99978809"
"17917","88678220","92440418"
"17918","92251329","96093600"
"17919","92251329","86683965"
"17920","92251329","92251409"
"17921","92253573","104171375"
"17922","92256843","103336391"
"17923","92256843","92251931"
"17924","92256843","99974278"
"17925","92258516","88671700"
"17926","92258516","92249888"
"17927","92438981","103085853"
"17928","92438981","103081247"
"17929","92440654","88625300"
"17930","92440654","103493750"
"17931","92440654","94198100"
"17932","92443924","86679483"
"17933","94196761","86679519"
"17934","94196761","97749633"
"17935","94196761","103088362"
"17936","94199005","86686709"
"17937","94202275","88620015"
"17938","94202275","94198959"
"17939","94202275","103088361"
"17940","94203948","103088927"
"17941","94203948","96095190"
"17942","58336013","86686771"
"17943","103080206","80127127"
"17944","103081246","103087880"
"17945","103081246","88618427"
"17946","103081246","97754170"
"17947","103081246","96091357"
"17948","103087234","80127618"
"17949","103087741","103342831"
"17950","103088066","92444262"
"17951","103335276","65800459"
"17952","103336316","92250124"
"17953","103336316","94201993"
"17954","103336316","88673148"
"17955","103336316","88619974"
"17956","103342304","99974785"
"17957","103342811","71487430"
"17958","103343136","103081285"
"17959","103490575","78891559"
"17960","103491615","88670968"
"17961","103491615","103082679"
"17962","103491615","103494843"
"17963","103491615","94202856"
"17964","103501794","92257417"
"17965","103501939","71486331"
"17966","104170350","103086712"
"17967","104171390","103345283"
"17968","104171390","94203764"
"17969","104171390","86679659"
"17970","104171390","94198947"
"17971","104177378","96098004"
"17972","104177885","86678470"
"17973","104178210","103338655"
"17974","71483210","92256364"
"17975","71484961","88671114"
"17976","71485005","88618622"
"17977","78888367","78888224"
"17978","78889449","103491602"
"17979","78895950","104184342"
"17980","80121930","96096832"
"17981","80122439","71486174"
"17982","80128431","97751361"
"17983","80129513","92256968"
"17984","86678496","104176510"
"17985","86679578","103336563"
"17986","86679578","78894408"
"17987","86685569","99971700"
"17988","86686078","103342304"
"17989","86686403","97753989"
"17990","88619125","96095653"
"17991","88619634","92260470"
"17992","88625625","96088503"
"17993","88626707","103082586"
"17994","88669950","97748881"
"17995","88671032","104170957"
"17996","88671032","80122945"
"17997","88671032","78895249"
"17998","88677023","97746956"
"17999","88677532","103492829"
"18000","92250246","88671020"
"18001","92251328","99972637"
"18002","92251328","103501840"
"18003","92251328","92256322"
"18004","92251328","103492765"
"18005","92257319","103491647"
"18006","92257828","103340968"
"18007","92439669","80125898"
"18008","92440178","104173708"
"18009","92446169","88671295"
"18010","92447251","103338374"
"18011","94195679","103337655"
"18012","94196760","88671015"
"18013","94196760","103081834"
"18014","94196760","104171705"
"18015","94196760","103080890"
"18016","94202751","103494747"
"18017","94203260","80128105"
"18018","96097277","92440323"
"18019","96097278","94196878"
"18020","96097278","103084131"
"18021","96097278","104172533"
"18022","96097278","92251334"
"18023","96097497","104177847"
"18024","96097497","92256440"
"18025","96097498","99972431"
"18026","96097498","97754151"
"18027","96097502","94205974"
"18028","96097836","78890717"
"18029","96099172","103338944"
"18030","97745935","103341830"
"18031","97747230","86681669"
"18032","97747564","94198017"
"18033","97747568","103341940"
"18034","97747568","92441138"
"18035","97747569","103495575"
"18036","97747569","103342402"
"18037","97747788","103338347"
"18038","97747788","92443850"
"18039","97747788","103344445"
"18040","97747788","103344192"
"18041","97747789","104173724"
"18042","99971125","104172647"
"18043","99972420","92256561"
"18044","99972754","96099229"
"18045","99972758","104173729"
"18046","99972758","88671064"
"18047","99972759","86680180"
"18048","99972759","88620525"
"18049","99972978","78896648"
"18050","99972978","103501948"
"18051","99972978","103349331"
"18052","99972978","97746484"
"18053","99972979","103336347"
"18054","103088974","104171313"
"18055","103344044","103082682"
"18056","103495905","97752110"
"18057","104179118","104171400"
"18058","71482635","94197094"
"18059","71486516","86679824"
"18060","71487895","99971803"
"18061","78890944","104174752"
"18062","78898975","92443515"
"18063","80118905","104174288"
"18064","86689103","58280738"
"18065","88616100","92256979"
"18066","88680557","99974820"
"18067","92260509","86686593"
"18068","92436644","104171871"
"18069","94205941","86678130"
"18070","96088910","88624285"
"18071","96090824","94204079"
"18072","96091077","103501673"
"18073","96092965","94205933"
"18074","96099298","88671026"
"18075","96099298","88676783"
"18076","97745809","104179562"
"18077","97745809","88671088"
"18078","97752099","103082623"
"18079","97753984","103492286"
"18080","97754237","104176907"
"18081","97754703","88673543"
"18082","99970999","97749367"
"18083","99970999","103491628"
"18084","99977289","103081277"
"18085","99979174","99979352"
"18086","99979427","97749412"
"18087","99979893","103087964"
"18088","103080080","103082547"
"18089","103080080","86679671"
"18090","103080246","88625677"
"18091","103081251","97747047"
"18092","103081251","104170322"
"18093","103081251","103337752"
"18094","103081638","78896672"
"18095","103081842","92250282"
"18096","103081842","78894587"
"18097","103082086","97746842"
"18098","103082092","86681685"
"18099","103082102","103337549"
"18100","103082106","96088590"
"18101","103082478","92251432"
"18102","103082478","92252807"
"18103","103082478","88623290"
"18104","103082478","80126228"
"18105","103082546","88623779"
"18106","103082548","103080084"
"18107","103082548","103083493"
"18108","103082548","97754088"
"18109","103082582","92251230"
"18110","103082582","103493023"
"18111","103082582","92252973"
"18112","103082584","88676685"
"18113","103082584","96091759"
"18114","103082584","96098189"
"18115","103082896","103338424"
"18116","103083001","88623024"
"18117","103083246","80122350"
"18118","103083260","71486070"
"18119","103083260","104177847"
"18120","103083302","96092988"
"18121","103083503","67693485"
"18122","103083858","92258099"
"18123","103083858","71487834"
"18124","103083858","78891561"
"18125","103084128","72764970"
"18126","103084936","103343530"
"18127","103085733","88677275"
"18128","103086351","78892857"
"18129","103086360","88620856"
"18130","103086615","104172725"
"18131","103086761","92258112"
"18132","103086761","92440685"
"18133","103086761","97747223"
"18134","103086853","103087492"
"18135","103086883","94196862"
"18136","103086993","96099122"
"18137","103087327","94196985"
"18138","103087327","80126158"
"18139","103087327","86680181"
"18140","103087491","86679593"
"18141","103087493","99973446"
"18142","103088157","97747230"
"18143","103088243","88673217"
"18144","103088296","71486075"
"18145","103088488","78889464"
"18146","103088522","86680794"
"18147","103088522","78896570"
"18148","103088555","103080855"
"18149","103088555","80128409"
"18150","103088555","97751321"
"18151","103088559","80128407"
"18152","103088559","103087741"
"18153","103088970","92252029"
"18154","103335150","92256803"
"18155","103335150","94196853"
"18156","103335316","103338588"
"18157","103336321","96096681"
"18158","103336321","92251437"
"18159","103336321","92254675"
"18160","103336708","80128415"
"18161","103336912","92258340"
"18162","103336912","80125028"
"18163","103337156","99972251"
"18164","103337162","103087335"
"18165","103337172","88669824"
"18166","103337176","99973387"
"18167","103337548","96093436"
"18168","103337548","97746898"
"18169","103337548","88669807"
"18170","103337548","88678258"
"18171","103337616","78894993"
"18172","103337618","92446088"
"18173","103337618","88624323"
"18174","103337618","96090760"
"18175","103337652","99972251"
"18176","103337652","78891696"
"18177","103337652","103495964"
"18178","103337654","71485299"
"18179","103337654","78894591"
"18180","103337654","94195314"
"18181","103337966","103341836"
"18182","103338071","80118860"
"18183","103338316","88619140"
"18184","103338330","92252677"
"18185","103338330","96095979"
"18186","103338372","92257577"
"18187","103338573","88669809"
"18188","103338928","88671046"
"18189","103338928","88677005"
"18190","103338928","78896572"
"18191","103338928","59665074"
"18192","103339198","103491127"
"18193","103340006","96096653"
"18194","103340803","97746999"
"18195","103341421","94197607"
"18196","103341430","71486477"
"18197","103341685","96088585"
"18198","103341831","104173498"
"18199","103341831","99972250"
"18200","103341831","94199008"
"18201","103341923","80128029"
"18202","103341953","96095741"
"18203","103342063","103494482"
"18204","103342397","92253931"
"18205","103342397","104172038"
"18206","103342397","71487893"
"18207","103342561","99973960"
"18208","103342563","96097994"
"18209","103343227","104178580"
"18210","103343313","86685217"
"18211","103343366","103491518"
"18212","103343558","94197413"
"18213","103343592","88673148"
"18214","103343592","99977285"
"18215","103343625","71485384"
"18216","103343625","94203764"
"18217","103343625","80128374"
"18218","103343629","80127215"
"18219","103343629","99973380"
"18220","103344040","94203240"
"18221","103490449","88678041"
"18222","103490449","94203543"
"18223","103490615","103082723"
"18224","103491620","86682018"
"18225","103491620","88615805"
"18226","103491620","86682090"
"18227","103492007","80122180"
"18228","103492211","97747425"
"18229","103492211","99971740"
"18230","103492455","94205956"
"18231","103492461","88625532"
"18232","103492471","94196885"
"18233","103492475","59213384"
"18234","103492847","86680546"
"18235","103492847","103492578"
"18236","103492915","86685841"
"18237","103492917","94202413"
"18238","103492917","103493519"
"18239","103492917","97747302"
"18240","103492951","88625707"
"18241","103492951","103082516"
"18242","103492953","97747228"
"18243","103492953","96097423"
"18244","103493265","88674396"
"18245","103493370","104178034"
"18246","103493615","71485224"
"18247","103493629","103495774"
"18248","103493629","80125084"
"18249","103493671","94201417"
"18250","103493872","103336368"
"18251","103493896","103343428"
"18252","103494043","103491724"
"18253","103494358","80128379"
"18254","103494662","86679666"
"18255","103494662","103083703"
"18256","103494662","97753709"
"18257","103494696","97752072"
"18258","103494716","92256128"
"18259","103494810","88619536"
"18260","103495001","88671065"
"18261","103495001","86678468"
"18262","103495001","104171034"
"18263","103495135","94198472"
"18264","103495137","103494736"
"18265","103495433","103335223"
"18266","103495440","94203270"
"18267","103495487","104171620"
"18268","103495630","99971861"
"18269","103495630","88678162"
"18270","103495631","103337041"
"18271","103495631","103079882"
"18272","103495631","92446140"
"18273","103495635","86685093"
"18274","103495635","103336539"
"18275","103501111","97754979"
"18276","103501313","92250292"
"18277","103502155","96095980"
"18278","103503921","103495347"
"18279","103504191","97747089"
"18280","103504191","97745809"
"18281","103504191","99972754"
"18282","104169984","71485396"
"18283","104170224","88620974"
"18284","104170224","103491551"
"18285","104170390","103491865"
"18286","104170393","96095420"
"18287","104171395","97749086"
"18288","104171395","92447377"
"18289","104171395","88676139"
"18290","104171782","88677116"
"18291","104171986","94205887"
"18292","104171986","103336578"
"18293","104172230","94197550"
"18294","104172236","92257917"
"18295","104172246","92442822"
"18296","104172250","99972266"
"18297","104172622","103081914"
"18298","104172622","92256442"
"18299","104172622","88619115"
"18300","104172622","80122185"
"18301","104172690","86679618"
"18302","104172692","92252664"
"18303","104172692","103343540"
"18304","104172692","103491387"
"18305","104172726","94202303"
"18306","104172726","80127828"
"18307","104172726","88618607"
"18308","104172728","99972615"
"18309","104172728","88624309"
"18310","104172728","80127322"
"18311","104173040","94198110"
"18312","104173040","92249881"
"18313","104173145","92445919"
"18314","104173390","103492882"
"18315","104173404","104172826"
"18316","104173404","104177631"
"18317","104173446","71484769"
"18318","104173647","103494355"
"18319","104173725","104171629"
"18320","104173726","97747232"
"18321","104173727","62957169"
"18322","104174002","88619540"
"18323","104174002","71484990"
"18324","104174002","103081469"
"18325","104174002","88676783"
"18326","104174272","104171716"
"18327","104175080","80128394"
"18328","104175877","103343420"
"18329","104176495","104173647"
"18330","104176504","80125919"
"18331","104176759","92258161"
"18332","104176905","86679514"
"18333","104176905","86679488"
"18334","104176905","88678040"
"18335","104176997","80126232"
"18336","104177027","103338945"
"18337","104177137","94201993"
"18338","104177467","94202399"
"18339","104177471","80128400"
"18340","104177471","92257730"
"18341","104177471","88672474"
"18342","104177627","94196986"
"18343","104177629","88620690"
"18344","104177631","94201864"
"18345","104177633","78895441"
"18346","104177635","103082595"
"18347","104177637","92258657"
"18348","104177639","104177039"
"18349","104177641","103336309"
"18350","104178301","88677422"
"18351","104178387","103081290"
"18352","104178440","103338857"
"18353","104178632","103490413"
"18354","104178666","94196802"
"18355","104178666","80122909"
"18356","104178699","88678295"
"18357","104178699","92446239"
"18358","104178699","103495634"
"18359","104178703","71484892"
"18360","104178703","94196789"
"18361","104179114","71489887"
"18362","58280737","97745990"
"18363","59213384","96088727"
"18364","59665073","78891464"
"18365","61581011","86684609"
"18366","61685836","103335319"
"18367","61773730","104179091"
"18368","62957132","80123664"
"18369","64913028","80129662"
"18370","64979690","103336374"
"18371","65800458","97748323"
"18372","65985933","99972199"
"18373","67693484","103080867"
"18374","67693573","86688916"
"18375","69503274","86684692"
"18376","69503377","99977267"
"18377","71482389","92439767"
"18378","71482396","96090863"
"18379","71482400","94199365"
"18380","71482404","99977059"
"18381","71482416","103343227"
"18382","71482530","103087868"
"18383","71482535","92257589"
"18384","71482569","86681690"
"18385","71482569","78889956"
"18386","71482750","103340968"
"18387","71483216","96099197"
"18388","71483403","71484966"
"18389","71483403","97748768"
"18390","71483403","86679631"
"18391","71483403","94199394"
"18392","71483403","97748411"
"18393","71483403","78889450"
"18394","71483403","92444413"
"18395","71483549","94202905"
"18396","71484772","96097973"
"18397","71484891","92257564"
"18398","71484894","88671063"
"18399","71484901","103080058"
"18400","71484901","88674394"
"18401","71484909","80126173"
"18402","71484966","103336542"
"18403","71484966","94201871"
"18404","71484966","92438950"
"18405","71484971","92447199"
"18406","71484986","92257501"
"18407","71485294","92444795"
"18408","71485384","92253795"
"18409","71485384","104171732"
"18410","71485385","71487853"
"18411","71485476","78894969"
"18412","71485955","103494862"
"18413","71486058","96090895"
"18414","71486068","86679478"
"18415","71486070","94198069"
"18416","71486087","86679578"
"18417","71486091","94203955"
"18418","71486173","96098013"
"18419","71486215","103088422"
"18420","71486283","103084110"
"18421","71486476","92439660"
"18422","71486983","103491700"
"18423","71487233","103088250"
"18424","71487239","99972416"
"18425","71487414","99977277"
"18426","71487510","96097831"
"18427","71487893","96097612"
"18428","71488037","61581012"
"18429","71488049","96097041"
"18430","71488055","99978491"
"18431","71488936","103494128"
"18432","71489887","103491839"
"18433","71490366","88620369"
"18434","71490695","92444734"
"18435","71490696","86686594"
"18436","78887999","97754165"
"18437","78888241","92441238"
"18438","78888241","78888219"
"18439","78888407","104179308"
"18440","78889454","97751628"
"18441","78889454","99974819"
"18442","78889454","103491534"
"18443","78890682","103493872"
"18444","78890750","86679970"
"18445","78891205","88623975"
"18446","78891450","103501847"
"18447","78891464","78896367"
"18448","78891707","104177041"
"18449","78892062","86686705"
"18450","78892062","80121574"
"18451","78892062","94203770"
"18452","78894557","92444617"
"18453","78894967","86685674"
"18454","78894967","88677865"
"18455","78894967","99974817"
"18456","78895059","104177776"
"18457","78895089","80118874"
"18458","78895199","103080134"
"18459","78895534","103337163"
"18460","78895534","86679824"
"18461","78895684","94199358"
"18462","78895691","103343433"
"18463","78895695","92252596"
"18464","78895699","92253671"
"18465","78895701","86681130"
"18466","78895711","103335248"
"18467","78895775","80122642"
"18468","78895780","96092866"
"18469","78896366","103081239"
"18470","78896452","92256359"
"18471","78896505","92249887"
"18472","78896733","94203974"
"18473","78896766","96088215"
"18474","78896766","99974557"
"18475","78896770","96098171"
"18476","78896770","99973710"
"18477","80118909","103339680"
"18478","80121110","80121513"
"18479","80121110","103083355"
"18480","80121114","103338826"
"18481","80121114","96093467"
"18482","80121114","78892790"
"18483","80121147","103337649"
"18484","80121375","80121659"
"18485","80121428","103343315"
"18486","80121514","88618729"
"18487","80122100","103335317"
"18488","80122105","71488162"
"18489","80122169","99974817"
"18490","80122179","104179262"
"18491","80122181","94199296"
"18492","80122185","99974604"
"18493","80122189","80122679"
"18494","80122196","96088983"
"18495","80122346","99974793"
"18496","80122346","97749412"
"18497","80122346","99978243"
"18498","80122681","103342100"
"18499","80122791","92254228"
"18500","80122821","103495487"
"18501","80122913","103504516"
"18502","80122913","104172254"
"18503","80122913","92445914"
"18504","80123323","103491641"
"18505","80123941","88678348"
"18506","80125547","92438947"
"18507","80125818","92256990"
"18508","80125818","69508324"
"18509","80125818","88622223"
"18510","80126173","96098477"
"18511","80126173","86681936"
"18512","80126416","104171640"
"18513","80126416","99970801"
"18514","80126430","104177663"
"18515","80126675","94197017"
"18516","80126780","103493859"
"18517","80127092","103087323"
"18518","80127094","103341832"
"18519","80127128","78896459"
"18520","80127128","92443305"
"18521","80127128","88669989"
"18522","80127130","92446213"
"18523","80127198","99980182"
"18524","80128039","96097416"
"18525","80128426","96098062"
"18526","80128426","94198198"
"18527","80128426","78896283"
"18528","80129473","99977154"
"18529","80129639","103082546"
"18530","80129639","80123316"
"18531","80129881","88677552"
"18532","86678128","78895970"
"18533","86678370","94198137"
"18534","86678370","88670932"
"18535","86678536","96097244"
"18536","86679583","92441025"
"18537","86679583","103336640"
"18538","86679583","96096753"
"18539","86679970","88625041"
"18540","86680424","99978254"
"18541","86680434","96092092"
"18542","86680438","99972083"
"18543","86680811","96097232"
"18544","86680879","103336221"
"18545","86680881","99978670"
"18546","86680881","92446140"
"18547","86680881","80128507"
"18548","86680915","88677517"
"18549","86680917","65985934"
"18550","86681229","92251353"
"18551","86681229","99973433"
"18552","86681334","104179211"
"18553","86681579","103081331"
"18554","86681593","86678535"
"18555","86681593","103491697"
"18556","86681635","94196856"
"18557","86681836","103502444"
"18558","86681836","103337960"
"18559","86682191","104178605"
"18560","86682191","86685736"
"18561","86682191","103086045"
"18562","86682461","103495409"
"18563","86684067","96098054"
"18564","86684685","103087491"
"18565","86684949","96095756"
"18566","86685095","78894071"
"18567","86685095","88673236"
"18568","86685095","104174019"
"18569","86685187","92260322"
"18570","86685217","88619348"
"18571","86685327","92257812"
"18572","86685662","71482530"
"18573","86685662","92258437"
"18574","86685662","88618432"
"18575","86685812","97747822"
"18576","86685819","96096032"
"18577","86685823","103338930"
"18578","86685827","58280772"
"18579","86685829","99974273"
"18580","86685831","86680885"
"18581","86685839","92443603"
"18582","86685903","88677281"
"18583","86685908","86682232"
"18584","86686494","96098009"
"18585","86686580","92251809"
"18586","86686633","103492894"
"18587","86686825","103082681"
"18588","86686861","92443969"
"18589","86686861","86680912"
"18590","86686894","80122622"
"18591","86686894","96093466"
"18592","86686894","94206107"
"18593","86686898","86685053"
"18594","86686898","92257579"
"18595","86689099","103336718"
"18596","88616104","104173679"
"18597","88618305","92447399"
"18598","88618305","71486778"
"18599","88618309","96091077"
"18600","88618309","103341789"
"18601","88618309","88671045"
"18602","88618342","103342562"
"18603","88618342","97754177"
"18604","88618378","99973513"
"18605","88618570","97749531"
"18606","88618623","103340805"
"18607","88618709","71488556"
"18608","88619295","104172723"
"18609","88619300","103089007"
"18610","88619364","103336226"
"18611","88619372","94196679"
"18612","88619374","103080150"
"18613","88619376","86679833"
"18614","88619380","92443554"
"18615","88619384","92250301"
"18616","88619391","103335960"
"18617","88619541","92439932"
"18618","88619541","94196386"
"18619","88619541","103343325"
"18620","88619876","71486283"
"18621","88619986","92443556"
"18622","88620016","88625572"
"18623","88620108","96092589"
"18624","88620108","94198876"
"18625","88620108","104178810"
"18626","88620518","92444689"
"18627","88621136","80126243"
"18628","88622742","103504174"
"18629","88623012","97747382"
"18630","88623012","104171897"
"18631","88623012","94199100"
"18632","88623367","86678128"
"18633","88623367","96097981"
"18634","88623610","88619856"
"18635","88623610","80121111"
"18636","88623624","92258611"
"18637","88623869","92439398"
"18638","88623974","103083866"
"18639","88623974","92439154"
"18640","88624286","103343044"
"18641","88624286","103493052"
"18642","88624288","92258340"
"18643","88624288","104171468"
"18644","88624322","94197160"
"18645","88624322","103341858"
"18646","88624322","78890554"
"18647","88624324","103493160"
"18648","88624392","104176909"
"18649","88624765","94200107"
"18650","88624769","96095360"
"18651","88624779","103081270"
"18652","88625233","97747309"
"18653","88625620","88621001"
"18654","88625620","99971777"
"18655","88625620","103501526"
"18656","88626667","96097444"
"18657","88626833","92436651"
"18658","88626833","94197085"
"18659","88627075","92446183"
"18660","88669582","80121906"
"18661","88669824","86681600"
"18662","88669824","86682149"
"18663","88669990","99972543"
"18664","88671037","103087049"
"18665","88671037","96092588"
"18666","88671037","96095755"
"18667","88671424","96097832"
"18668","88671628","94202304"
"18669","88671878","103492830"
"18670","88671888","94202918"
"18671","88671892","103341966"
"18672","88672265","92258516"
"18673","88672265","88620970"
"18674","88672333","97753277"
"18675","88672335","64981299"
"18676","88672335","86679663"
"18677","88672335","80121310"
"18678","88672369","97752077"
"18679","88672369","78895102"
"18680","88672371","104179266"
"18681","88672371","88678049"
"18682","88672683","96098051"
"18683","88672683","99979177"
"18684","88672788","80128383"
"18685","88673033","96099497"
"18686","88673047","92252973"
"18687","88673047","103343592"
"18688","88673089","88676671"
"18689","88673290","92447368"
"18690","88673290","94203880"
"18691","88673645","103086494"
"18692","88673645","99974675"
"18693","88673645","92251382"
"18694","88673915","80128029"
"18695","88675521","103336541"
"18696","88676139","97747037"
"18697","88676403","103493725"
"18698","88676549","99974545"
"18699","88676549","71486516"
"18700","88676549","78891354"
"18701","88676641","104171974"
"18702","88676671","78894553"
"18703","88676781","99977289"
"18704","88677116","94196871"
"18705","88677116","86684584"
"18706","88677116","103081262"
"18707","88677266","92252703"
"18708","88677273","103492065"
"18709","88677277","92253084"
"18710","88677281","92255019"
"18711","88677283","99972425"
"18712","88677285","104178218"
"18713","88677293","92447304"
"18714","88677357","97747077"
"18715","88677362","71484838"
"18716","88677948","94196451"
"18717","88678034","92251552"
"18718","88678087","80126579"
"18719","88678279","103080089"
"18720","88678315","96093743"
"18721","88678315","103341965"
"18722","88678348","92447212"
"18723","88678348","99972067"
"18724","88678348","92253124"
"18725","88678352","88670988"
"18726","88678352","96096032"
"18727","88680553","103081621"
"18728","92249879","88670951"
"18729","92250120","88619001"
"18730","92250120","78888407"
"18731","92250286","104173448"
"18732","92251333","92256981"
"18733","92251333","103340972"
"18734","92251333","94198212"
"18735","92251720","88671530"
"18736","92251924","103340969"
"18737","92251924","96095555"
"18738","92252174","99972270"
"18739","92252184","99972412"
"18740","92252188","80128394"
"18741","92252561","88676183"
"18742","92252561","80123197"
"18743","92252629","104174146"
"18744","92252631","99978993"
"18745","92252631","96099289"
"18746","92252631","88671094"
"18747","92252665","88671018"
"18748","92252665","78896462"
"18749","92252667","96098038"
"18750","92252667","88625597"
"18751","92252979","104170390"
"18752","92253084","78889472"
"18753","92253329","78889493"
"18754","92253343","103082696"
"18755","92253343","94198411"
"18756","92253385","80127215"
"18757","92253586","92250968"
"18758","92253586","88625576"
"18759","92253941","97747020"
"18760","92253941","80122779"
"18761","92253941","96092586"
"18762","92254211","71484891"
"18763","92255019","103343574"
"18764","92255817","96097776"
"18765","92256435","103492884"
"18766","92256699","103491697"
"18767","92256845","80121806"
"18768","92256845","88618724"
"18769","92256845","99972567"
"18770","92256937","88670932"
"18771","92256967","104176495"
"18772","92257077","88677287"
"18773","92257412","94201405"
"18774","92257412","92251316"
"18775","92257412","97747301"
"18776","92257562","71487233"
"18777","92257569","96096787"
"18778","92257573","88671081"
"18779","92257577","96098054"
"18780","92257579","86685829"
"18781","92257589","103088258"
"18782","92257653","86685667"
"18783","92257658","97746541"
"18784","92258244","86681579"
"18785","92258330","88626760"
"18786","92258383","88671872"
"18787","92258575","80124082"
"18788","92258611","99978756"
"18789","92258644","96096656"
"18790","92258644","71489830"
"18791","92258644","94198294"
"18792","92258648","103335331"
"18793","92258648","88671056"
"18794","92260505","88671111"
"18795","92436648","97747013"
"18796","92438849","78889457"
"18797","92438849","94197408"
"18798","92438853","104175870"
"18799","92438853","97753704"
"18800","92438853","103491709"
"18801","92438886","92441782"
"18802","92438922","71487138"
"18803","92439114","99979244"
"18804","92439167","78896495"
"18805","92439253","99972283"
"18806","92439918","80123286"
"18807","92439920","97747624"
"18808","92440085","86681130"
"18809","92440085","61582634"
"18810","92440085","104171438"
"18811","92440420","92439649"
"18812","92440530","103501692"
"18813","92440560","92258111"
"18814","92440652","103492017"
"18815","92440652","92444154"
"18816","92440652","97747023"
"18817","92440798","99973575"
"18818","92441062","104174010"
"18819","92441680","88673369"
"18820","92443286","103338427"
"18821","92443556","88626763"
"18822","92443556","88615780"
"18823","92443556","88619446"
"18824","92443911","71487217"
"18825","92443911","104172180"
"18826","92444112","86685239"
"18827","92444154","97747101"
"18828","92444154","71488515"
"18829","92444168","94199251"
"18830","92444413","96093446"
"18831","92444518","97752076"
"18832","92444830","96099058"
"18833","92444832","103335134"
"18834","92444866","103503439"
"18835","92444866","80127161"
"18836","92444866","71488115"
"18837","92444868","86685102"
"18838","92445309","92252663"
"18839","92445313","94201414"
"18840","92445323","96097977"
"18841","92445777","103492454"
"18842","92446164","86680918"
"18843","92446164","92444718"
"18844","92446164","92446141"
"18845","92447211","103086176"
"18846","92447377","88678295"
"18847","92447377","94199628"
"18848","94195312","97748281"
"18849","94195553","103336302"
"18850","94195553","103491939"
"18851","94195719","103335127"
"18852","94196765","86682208"
"18853","94196765","96099116"
"18854","94196765","103494664"
"18855","94197152","97749089"
"18856","94197356","94198851"
"18857","94197356","80122196"
"18858","94197600","69502096"
"18859","94197606","94202852"
"18860","94197616","97752087"
"18861","94197620","88670790"
"18862","94198061","103338316"
"18863","94198063","88676507"
"18864","94198063","96093159"
"18865","94198063","103501794"
"18866","94198097","103336376"
"18867","94198097","96097993"
"18868","94198099","99974512"
"18869","94198099","97754054"
"18870","94198411","103342637"
"18871","94198411","92250843"
"18872","94198516","92256937"
"18873","94198761","103082950"
"18874","94198775","103093544"
"18875","94198775","97748385"
"18876","94198817","86686894"
"18877","94199018","99977940"
"18878","94199018","88673362"
"18879","94199373","104178440"
"18880","94199373","94203986"
"18881","94199373","72764781"
"18882","94199373","71485927"
"18883","94199643","86680392"
"18884","94200451","92440650"
"18885","94201249","104170402"
"18886","94201867","92253954"
"18887","94201876","97752524"
"18888","94202131","94203949"
"18889","94202277","104170026"
"18890","94202277","94199347"
"18891","94202277","80129430"
"18892","94202369","94195735"
"18893","94202399","96092946"
"18894","94202509","80126374"
"18895","94202844","88672333"
"18896","94202844","88626849"
"18897","94202844","92257424"
"18898","94202994","80121422"
"18899","94203001","104171465"
"18900","94203005","80127828"
"18901","94203009","86685569"
"18902","94203011","88671121"
"18903","94203021","94201901"
"18904","94203085","86685403"
"18905","94203090","96096496"
"18906","94203676","99972617"
"18907","94203762","88672367"
"18908","94203815","92252635"
"18909","94204007","96096073"
"18910","94204043","99976645"
"18911","94204043","80119092"
"18912","94204076","103342831"
"18913","94204076","78895090"
"18914","94204076","99975062"
"18915","94204080","103340926"
"18916","94204080","80126996"
"18917","94205937","86686895"
"18918","96088957","88619800"
"18919","96090898","99978536"
"18920","96091078","94196854"
"18921","96091078","67690729"
"18922","96091082","97753144"
"18923","96092384","97747701"
"18924","96092568","96098254"
"18925","96092568","103501593"
"18926","96092572","71482402"
"18927","96092572","96097767"
"18928","96092940","88673662"
"18929","96092943","78889384"
"18930","96092944","103341069"
"18931","96092944","99972234"
"18932","96092947","88620968"
"18933","96092953","103081501"
"18934","96092969","94199202"
"18935","96092975","94196802"
"18936","96092977","104170026"
"18937","96092984","92447413"
"18938","96092987","94202509"
"18939","96092988","80129661"
"18940","96095478","86680226"
"18941","96095478","86685046"
"18942","96095478","103336708"
"18943","96095478","78891722"
"18944","96095891","103083683"
"18945","96096032","97747197"
"18946","96096041","92445525"
"18947","96096069","80125802"
"18948","96096295","103342947"
"18949","96096681","86679615"
"18950","96096681","71485476"
"18951","96096681","88676239"
"18952","96096681","99973422"
"18953","96096753","97746898"
"18954","96096753","99974365"
"18955","96096811","92260802"
"18956","96096811","88678295"
"18957","96096986","103493802"
"18958","96097251","80122259"
"18959","96097255","88671042"
"18960","96097779","103494663"
"18961","96097779","96095761"
"18962","96097779","97748384"
"18963","97747287","103344023"
"18964","97747287","92253084"
"18965","97747287","94196768"
"18966","97747811","97751624"
"18967","97748079","71482771"
"18968","97748254","92438733"
"18969","97748254","92256473"
"18970","97748312","92439997"
"18971","97748312","103343627"
"18972","97748384","99971072"
"18973","97748384","94199431"
"18974","97748384","103494159"
"18975","97748384","103085896"
"18976","97748770","92444264"
"18977","97748996","103081287"
"18978","97749024","94202275"
"18979","97749033","88673082"
"18980","97749174","103087727"
"18981","97749587","103080150"
"18982","97749587","80127760"
"18983","97749587","94197930"
"18984","97752076","97746581"
"18985","97752077","104170224"
"18986","97752080","86686633"
"18987","97752095","94196791"
"18988","97752120","103343038"
"18989","97752120","88625702"
"18990","97752121","71488042"
"18991","97752124","99974071"
"18992","97752492","103343053"
"18993","97752492","103491949"
"18994","97752496","88618294"
"18995","97752496","103336540"
"18996","97753979","88671282"
"18997","97753983","96093442"
"18998","97753983","78896453"
"18999","97754163","86682943"
"19000","97754656","97748348"
"19001","99972477","88623185"
"19002","99972477","103335829"
"19003","99972477","96093329"
"19004","99973001","97747300"
"19005","99973269","94202538"
"19006","99973444","71485956"
"19007","99973444","103494727"
"19008","99973502","104172558"
"19009","99973502","94197405"
"19010","99973574","86679626"
"19011","99973574","104171414"
"19012","99973574","104170393"
"19013","99973574","86685219"
"19014","99973960","94196982"
"19015","99974186","92260707"
"19016","99974214","78893785"
"19017","99974223","86679835"
"19018","99974364","88624318"
"19019","99974777","94197232"
"19020","99974777","92447577"
"19021","99974777","80127129"
"19022","99977266","96093576"
"19023","99977267","86678353"
"19024","99977270","80127095"
"19025","99977279","80127788"
"19026","99977285","97748290"
"19027","99977310","92440709"
"19028","99977310","86680912"
"19029","99977311","78892064"
"19030","99977314","94205972"
"19031","99977682","103088256"
"19032","99977682","96098059"
"19033","99977686","103343136"
"19034","99977686","96097995"
"19035","99977870","99972278"
"19036","99978410","103494465"
"19037","99978412","88675511"
"19038","99979169","80127173"
"19039","99979173","88672300"
"19040","99979173","94196375"
"19041","99979353","94204077"
"19042","99979846","88670968"
"19043","103081267","92258557"
"19044","103081267","71485876"
"19045","103081267","88672826"
"19046","103081267","103491677"
"19047","103081267","92446163"
"19048","103086361","92445719"
"19049","103336337","103336984"
"19050","103336337","88621146"
"19051","103336337","92441414"
"19052","103336337","86686403"
"19053","103336337","88670617"
"19054","103341431","103082681"
"19055","103491636","99978402"
"19056","103491636","99979881"
"19057","103491636","80122105"
"19058","103491636","80122679"
"19059","103491636","80129566"
"19060","103494368","80128371"
"19061","104171411","103085852"
"19062","104171411","103086951"
"19063","104171411","78895701"
"19064","104171411","99973869"
"19065","104171411","88671282"
"19066","104176505","94199058"
"19067","71484982","80127928"
"19068","71484982","78889449"
"19069","71484982","103082502"
"19070","78889470","94197073"
"19071","78889470","92441094"
"19072","78889470","104174002"
"19073","78889470","92436615"
"19074","78889470","71488427"
"19075","80128410","88676291"
"19076","80128410","97752084"
"19077","80128410","99972226"
"19078","80128410","78888241"
"19079","80128410","80128039"
"19080","86679599","86685063"
"19081","86679599","92443612"
"19082","86679599","71489771"
"19083","86679599","103336347"
"19084","86679599","99973308"
"19085","86684695","88671042"
"19086","88625604","97752457"
"19087","88625604","103490427"
"19088","88625604","88625596"
"19089","88625604","94197135"
"19090","88625604","88671033"
"19091","88671053","92440517"
"19092","88671053","86686844"
"19093","88671053","103081116"
"19094","88671053","96096656"
"19095","88671053","88677364"
"19096","88676149","94199369"
"19097","92251349","103342573"
"19098","92251349","92257830"
"19099","92251349","88676809"
"19100","92251349","103081471"
"19101","92251349","88618621"
"19102","92256445","92446259"
"19103","92446148","80123776"
"19104","92446148","99974972"
"19105","92446148","96096986"
"19106","92446148","78890984"
"19107","92446148","103086469"
"19108","94196781","103343053"
"19109","94196781","99980090"
"19110","94196781","80129655"
"19111","94196781","80120999"
"19112","94196781","103081232"
"19113","94201877","86679594"
"19114","96092341","94196754"
"19115","96092342","92256937"
"19116","96093290","103337653"
"19117","96093290","86680231"
"19118","96093290","88624357"
"19119","96093290","88677273"
"19120","96093290","71482316"
"19121","96093291","92255019"
"19122","96093291","94195655"
"19123","96094400","99973581"
"19124","96095844","86682018"
"19125","96095846","92441176"
"19126","96096987","97746928"
"19127","96098047","86679082"
"19128","96098047","103491708"
"19129","96098068","80122926"
"19130","96098068","92251229"
"19131","96098068","94203888"
"19132","96098069","92446187"
"19133","96098069","103081231"
"19134","96098069","103084933"
"19135","97746997","88669824"
"19136","97746997","78895201"
"19137","97746997","94195320"
"19138","97746998","99977278"
"19139","97746998","96095558"
"19140","97746998","92252979"
"19141","97747019","103081570"
"19142","97747019","104178814"
"19143","97748078","88672878"
"19144","97749219","104173500"
"19145","97749221","96098098"
"19146","97750665","94202278"
"19147","97751774","104175879"
"19148","97751774","97754287"
"19149","97752722","69503274"
"19150","97752723","96097498"
"19151","99972187","96099117"
"19152","99972187","94205754"
"19153","99972187","80126101"
"19154","99972188","96098018"
"19155","99972188","103082086"
"19156","99972188","96088930"
"19157","99972209","92446107"
"19158","99972209","92443657"
"19159","99973268","103083430"
"19160","99974409","103492831"
"19161","99974411","71482400"
"19162","99975855","88672248"
"19163","99976964","88669590"
"19164","99976964","88673633"
"19165","99977912","103080245"
"19166","99977913","103081263"
"19167","103086357","80128445"
"19168","103087963","103089152"
"19169","103341427","103083432"
"19170","103343033","103503918"
"19171","103494364","92260460"
"19172","103501613","103087761"
"19173","104176501","80123772"
"19174","104178107","96091606"
"19175","71485875","94197016"
"19176","71489835","69503950"
"19177","78894563","103082580"
"19178","78896172","103088455"
"19179","80121708","92445313"
"19180","80123317","103336338"
"19181","86684691","104177212"
"19182","86686300","92439660"
"19183","88618903","86680433"
"19184","88620512","92444861"
"19185","88676145","71485222"
"19186","88677754","104171383"
"19187","92256441","78889455"
"19188","92258050","103503441"
"19189","92439447","103088358"
"19190","92441056","86679566"
"19191","94201873","99974276"
"19192","94203482","88625706"
"19193","96089119","94195320"
"19194","96089119","71482771"
"19195","96089119","103343434"
"19196","96092575","65801031"
"19197","96092575","58336013"
"19198","96098070","103341428"
"19199","96098070","104172061"
"19200","96098070","97748408"
"19201","96099530","88674414"
"19202","97746996","78888339"
"19203","97746996","97751868"
"19204","97746996","103344365"
"19205","97752489","92251400"
"19206","97752489","88670000"
"19207","97754494","99975527"
"19208","97754494","103349331"
"19209","97754494","78895711"
"19210","99972186","103086761"
"19211","99972186","99978236"
"19212","99972186","103493671"
"19213","99977679","103495913"
"19214","99977679","94199033"
"19215","99979684","103495001"
"19216","99979684","103341833"
"19217","99979684","103087234"
"19218","96090872","103336896"
"19219","96092608","80122040"
"19220","96092608","103342938"
"19221","96092608","88675669"
"19222","96097841","99972435"
"19223","97747225","97754087"
"19224","97752456","92252596"
"19225","97752456","103341305"
"19226","97752456","103083860"
"19227","97754189","80128418"
"19228","99972415","103495574"
"19229","99977646","103494033"
"19230","99977646","92441369"
"19231","99977646","78890093"
"19232","99979379","96096658"
"19233","103082958","78892852"
"19234","103088069","94195734"
"19235","103088069","97749359"
"19236","103338028","104171491"
"19237","103338028","80122277"
"19238","103343139","103504175"
"19239","103343139","104178469"
"19240","103493327","103344496"
"19241","103501531","97747015"
"19242","103501531","103085881"
"19243","104173102","86682156"
"19244","104173102","103495791"
"19245","104173102","86686687"
"19246","104173102","88670547"
"19247","104178213","92251377"
"19248","104178213","88619124"
"19249","69722580","99977667"
"19250","71489269","103083593"
"19251","72766373","80128521"
"19252","72817604","92439161"
"19253","78891162","86684232"
"19254","78896278","104177869"
"19255","78896278","78895693"
"19256","80121602","94196746"
"19257","80121602","88673474"
"19258","80126718","103343504"
"19259","86681291","88618724"
"19260","86686406","99972159"
"19261","86686406","97752636"
"19262","88618797","104173439"
"19263","88618797","103343537"
"19264","88623912","97747830"
"19265","88672745","96092588"
"19266","88677860","103082101"
"19267","88677860","96098018"
"19268","92253041","94203973"
"19269","92258156","92446153"
"19270","92258156","88625619"
"19271","92439341","103335127"
"19272","92439341","103491950"
"19273","92444456","88672474"
"19274","94198473","88669807"
"19275","94203588","97753175"
"19276","94203588","88619364"
"19277","96088729","103491652"
"19278","97754880","96091791"
"19279","99980070","104176934"
"19280","103087967","80118739"
"19281","103087973","64913028"
"19282","103088356","103337793"
"19283","103088940","88619536"
"19284","103343037","94203770"
"19285","103343043","92257838"
"19286","103343426","104170207"
"19287","103344010","92253346"
"19288","103495499","103494034"
"19289","103501127","94198101"
"19290","103501603","92258337"
"19291","103501609","88675669"
"19292","104174039","86680913"
"19293","104174039","92440653"
"19294","104178111","86679562"
"19295","104178117","103336585"
"19296","104178500","104171395"
"19297","104179084","88671141"
"19298","69502807","103336972"
"19299","71484801","99978756"
"19300","71485485","104171714"
"19301","71489826","92250120"
"19302","71489829","92257591"
"19303","78896176","94197087"
"19304","78896182","94198040"
"19305","78896565","88618412"
"19306","78898941","96098036"
"19307","80118939","97747200"
"19308","80121315","92258051"
"19309","80121698","92444795"
"19310","80121704","88673305"
"19311","86686304","78889479"
"19312","86686310","86679888"
"19313","86686693","86684534"
"19314","86689069","71487261"
"19315","88616134","96097244"
"19316","88618510","92445842"
"19317","88618893","97748770"
"19318","88618899","103491255"
"19319","88670945","104175870"
"19320","88677758","88671088"
"19321","88677764","103494358"
"19322","88678147","103491600"
"19323","88680523","86689064"
"19324","92251241","88671045"
"19325","92258054","92251358"
"19326","92258060","97752117"
"19327","92258443","97748619"
"19328","92260475","99972067"
"19329","92436678","92254227"
"19330","92439054","104172867"
"19331","92439437","92440650"
"19332","92439443","80121164"
"19333","94203486","92251017"
"19334","94203492","92441369"
"19335","94203875","103338650"
"19336","94205907","80128029"
"19337","96091088","88671061"
"19338","96091590","103081332"
"19339","96092006","104177557"
"19340","96092548","94197073"
"19341","96092548","103082594"
"19342","96094727","86686064"
"19343","96094729","96091072"
"19344","96095208","92249887"
"19345","96095208","94198096"
"19346","96095461","80125084"
"19347","96095461","86685072"
"19348","96096076","103492847"
"19349","96096752","78896505"
"19350","96096752","104178514"
"19351","96096754","71487860"
"19352","96096754","104177157"
"19353","96097235","99973570"
"19354","96097435","88678141"
"19355","96098164","86686707"
"19356","96098167","94199373"
"19357","97746899","92253527"
"19358","97746902","92446120"
"19359","97747631","88671019"
"19360","97747831","92256479"
"19361","97748311","88672441"
"19362","97748311","104172723"
"19363","97748313","96097842"
"19364","97748313","80129472"
"19365","97748989","103081339"
"19366","97749604","88673369"
"19367","97749604","99977156"
"19368","97749857","104173589"
"19369","97749857","99977913"
"19370","97750336","88677949"
"19371","97750338","92258554"
"19372","97752491","104172840"
"19373","97752516","97745971"
"19374","97752516","71488582"
"19375","97753057","103337574"
"19376","97753471","103501571"
"19377","97753973","78896716"
"19378","99972089","103349269"
"19379","99972092","103335330"
"19380","99972821","80127288"
"19381","99973021","94196782"
"19382","99973501","94203983"
"19383","99973501","88671356"
"19384","99973503","88616051"
"19385","99973503","92252668"
"19386","99974179","97747048"
"19387","99974794","103504143"
"19388","99974794","88673091"
"19389","99975047","103338109"
"19390","99975047","97749846"
"19391","99975526","96096876"
"19392","99975528","92253575"
"19393","99977706","88624357"
"19394","99977706","103494033"
"19395","99978247","97747005"
"19396","99978661","67693573"
"19397","99979163","103341829"
"19398","103080154","103340795"
"19399","103335224","96097640"
"19400","103490523","71486391"
"19401","104170298","88620150"
"19402","80129565","80127090"
"19403","86678444","103338755"
"19404","88626759","86680793"
"19405","88669898","80122179"
"19406","92250194","80121313"
"19407","92447303","94195729"
"19408","94195627","78895837"
"19409","96098074","80121704"
"19410","96098074","88619115"
"19411","96098074","96093609"
"19412","96098075","99973598"
"19413","96098075","86680882"
"19414","96098075","97752088"
"19415","97746991","103342732"
"19416","97746991","94203482"
"19417","97746991","71487902"
"19418","97746992","96098462"
"19419","97746992","103082724"
"19420","97746992","92443582"
"19421","99972181","103337965"
"19422","99972181","103336410"
"19423","99972181","92252669"
"19424","99972182","92251351"
"19425","99972182","86684695"
"19426","99972182","80122928"
"19427","103081491","96094745"
"19428","103081491","94197615"
"19429","103081491","104172647"
"19430","103336561","92252666"
"19431","103336561","92446183"
"19432","103336561","96098039"
"19433","103491860","80128387"
"19434","103491860","104172646"
"19435","103491860","88680552"
"19436","104171635","92446233"
"19437","104171635","88616107"
"19438","104171635","80127130"
"19439","71485211","94196874"
"19440","71485211","88623980"
"19441","71485211","86686897"
"19442","78889694","103088325"
"19443","78889694","80121227"
"19444","78889694","80124793"
"19445","80128186","86689082"
"19446","80128186","86686841"
"19447","80128186","88618627"
"19448","86679823","96095219"
"19449","86679823","88669894"
"19450","86679823","99978670"
"19451","88625380","97752489"
"19452","88625380","92443896"
"19453","88625380","94199296"
"19454","88671277","92439667"
"19455","88671277","80128106"
"19456","88671277","80127617"
"19457","92251573","92256686"
"19458","92251573","99977825"
"19459","92251573","97754980"
"19460","92445924","103338027"
"19461","92445924","96091450"
"19462","92445924","96095226"
"19463","94197005","94196791"
"19464","94197005","103501774"
"19465","94197005","104173782"
"19466","96099228","92443731"
"19467","97745879","92258657"
"19468","99971069","86686589"
"19469","103081155","103493023"
"19470","103081155","104172092"
"19471","103081155","94203092"
"19472","103081245","92436564"
"19473","103081245","80125989"
"19474","103081245","103338220"
"19475","103081245","99972240"
"19476","103336225","99978534"
"19477","103336225","103494621"
"19478","103336225","92444835"
"19479","103336315","88618724"
"19480","103336315","104171715"
"19481","103336315","96097242"
"19482","103336315","71485388"
"19483","103491524","78889775"
"19484","103491524","94196806"
"19485","103491524","103338781"
"19486","103491614","80123318"
"19487","103491614","97753973"
"19488","103491614","92256556"
"19489","103491614","92252766"
"19490","104171299","97751585"
"19491","104171299","104172205"
"19492","104171299","99972237"
"19493","104171389","103494855"
"19494","104171389","96088850"
"19495","104171389","86685100"
"19496","104171389","99979356"
"19497","71484960","103081110"
"19498","71484960","97753985"
"19499","78889358","103492918"
"19500","78889448","103336398"
"19501","80128432","78894564"
"19502","80128522","96090887"
"19503","80128522","71484969"
"19504","86679487","80121427"
"19505","86679487","103083898"
"19506","86679487","88620589"
"19507","86679577","88627033"
"19508","86679577","104178506"
"19509","88625626","71487196"
"19510","88625716","104171700"
"19511","88625716","86679648"
"19512","88625716","104171453"
"19513","88670941","92253329"
"19514","88670941","86679902"
"19515","88670941","88678254"
"19516","88671031","80123473"
"19517","88671031","94196743"
"19518","88671031","99970977"
"19519","92251237","88625023"
"19520","92251237","99974296"
"19521","92251237","86679480"
"19522","92251327","99977949"
"19523","92251327","88677656"
"19524","92251327","103342561"
"19525","92251327","103343736"
"19526","92446170","96098186"
"19527","92446260","99973429"
"19528","92446260","96090762"
"19529","92446260","97747027"
"19530","94196669","99979358"
"19531","94196669","92258449"
"19532","94196669","80121605"
"19533","94196759","88678036"
"19534","94196759","80127163"
"19535","94196759","80122169"
"19536","94196759","103081278"
"19537","96092451","97749110"
"19538","96092451","99977300"
"19539","97752613","71485211"
"19540","97752613","103337424"
"19541","99977803","99973307"
"19542","99977803","103335828"
"19543","103082057","99975528"
"19544","103082057","88671845"
"19545","103082057","103493726"
"19546","103082057","92250289"
"19547","103082057","97751568"
"19548","103086758","92440077"
"19549","103337127","92444831"
"19550","103337127","62955690"
"19551","103337127","94199293"
"19552","103337127","58336216"
"19553","103337127","71485506"
"19554","103341828","94196398"
"19555","103492426","96095651"
"19556","103492426","86685415"
"19557","103492426","99973387"
"19558","103492426","103086854"
"19559","103492426","103337622"
"19560","103494659","80127215"
"19561","104172201","97754900"
"19562","104172201","96098042"
"19563","104172201","92252629"
"19564","104172201","80121228"
"19565","104172201","86679480"
"19566","104176902","94196765"
"19567","58336216","71485486"
"19568","67693340","92439437"
"19569","67693340","86679560"
"19570","69503128","88625588"
"19571","69503128","86685980"
"19572","69503128","78898933"
"19573","71485377","103343995"
"19574","71485809","78891697"
"19575","71485809","80125012"
"19576","71485809","88620392"
"19577","71485809","96095733"
"19578","78890260","92253899"
"19579","78890260","86682199"
"19580","78890260","103335220"
"19581","78890260","96095188"
"19582","78890260","103087446"
"19583","78894964","103336252"
"19584","80122916","97753754"
"19585","80127620","86686804"
"19586","80127620","96099228"
"19587","80127620","92440811"
"19588","80127620","88677434"
"19589","80127620","71487896"
"19590","86680389","92444911"
"19591","86680389","71484989"
"19592","86680389","71485513"
"19593","86680389","80129656"
"19594","86680389","88619298"
"19595","86685092","103337532"
"19596","88620111","88624409"
"19597","88624814","97749860"
"19598","88624814","104176908"
"19599","88624814","86681836"
"19600","88624814","104173831"
"19601","88624814","103339679"
"19602","88671843","80128375"
"19603","88671843","88676818"
"19604","88671843","92253601"
"19605","88671843","103492462"
"19606","88671843","104173404"
"19607","88676546","86680438"
"19608","92252139","92446123"
"19609","92252139","104171617"
"19610","92252139","88626833"
"19611","92252139","78894039"
"19612","92252139","71487897"
"19613","92256842","65985933"
"19614","92440655","104171436"
"19615","92445358","78894588"
"19616","92445358","96098039"
"19617","92445358","97747027"
"19618","92445358","92441237"
"19619","92445358","86685377"
"19620","94197571","71486633"
"19621","94197571","99972392"
"19622","94197571","88623029"
"19623","94197571","96097228"
"19624","94197571","103337965"
"19625","94202274","97754567"
"19626","103081226","103492882"
"19627","103081226","88671061"
"19628","103081226","92251309"
"19629","103081226","78892079"
"19630","103081226","103343427"
"19631","103081244","99972840"
"19632","103081244","103336544"
"19633","103081244","96096612"
"19634","103081244","92254192"
"19635","103081490","94203891"
"19636","103081554","103336317"
"19637","103082578","103081471"
"19638","103082578","78889443"
"19639","103086711","88676547"
"19640","103086711","80128418"
"19641","103087240","99972181"
"19642","103087972","86680913"
"19643","103088133","103338781"
"19644","103088133","104171286"
"19645","103088133","78893838"
"19646","103088432","86679905"
"19647","103088661","88623047"
"19648","103088662","96097240"
"19649","103336296","103342642"
"19650","103336296","71483216"
"19651","103336296","103336006"
"19652","103336296","96098523"
"19653","103336296","103081155"
"19654","103336314","104171320"
"19655","103336314","86680885"
"19656","103336314","99972424"
"19657","103336314","88676641"
"19658","103336560","88624814"
"19659","103336624","94201370"
"19660","103337648","92441515"
"19661","103337648","92436683"
"19662","103341781","71488055"
"19663","103341781","103081571"
"19664","103342310","97752722"
"19665","103343042","69502834"
"19666","103343203","103088434"
"19667","103343203","92251930"
"19668","103343203","94197085"
"19669","103343502","88619382"
"19670","103343731","103080058"
"19671","103343732","96098460"
"19672","103491595","80125780"
"19673","103491595","94202262"
"19674","103491595","97748264"
"19675","103491595","92258443"
"19676","103491595","99971779"
"19677","103491613","97754233"
"19678","103491613","86679845"
"19679","103491613","94196788"
"19680","103491613","103081848"
"19681","103491859","96098045"
"19682","103491923","86684691"
"19683","103492947","86681897"
"19684","103492947","99973020"
"19685","103494620","97746543"
"19686","103494620","103341999"
"19687","103495573","96092109"
"19688","103501241","78895699"
"19689","103501242","94201561"
"19690","103501473","96095488"
"19691","103501473","78896177"
"19692","103501473","103495884"
"19693","103501604","92256874"
"19694","103501933","92253531"
"19695","104171370","103085852"
"19696","104171370","96091253"
"19697","104171370","103082779"
"19698","104171370","97746901"
"19699","104171370","88671879"
"19700","104171388","97754189"
"19701","104171388","104178574"
"19702","104171388","88676783"
"19703","104171388","104178507"
"19704","104171634","88671847"
"19705","104171698","92443882"
"19706","104172722","96097843"
"19707","104172722","88673320"
"19708","104176855","103088357"
"19709","104176855","88625233"
"19710","104177384","96092943"
"19711","104178116","103491870"
"19712","104178277","103338827"
"19713","104178277","104173683"
"19714","104178277","104178403"
"19715","104178277","103081848"
"19716","104178277","103342557"
"19717","104178576","92439748"
"19718","104178805","103336300"
"19719","104178806","88673368"
"19720","69502286","103336322"
"19721","69505549","94196604"
"19722","71484936","78892056"
"19723","71484936","103338428"
"19724","71484959","94198096"
"19725","71484959","88673305"
"19726","71485210","80128119"
"19727","71485291","99977712"
"19728","71485357","103337910"
"19729","71485362","96096987"
"19730","71486315","103080242"
"19731","71486315","99977683"
"19732","71489359","103495287"
"19733","78889429","104172706"
"19734","78889429","88672202"
"19735","78889429","78896877"
"19736","78889429","96096982"
"19737","78889447","88678255"
"19738","78889693","103344005"
"19739","78889757","103503940"
"19740","78890782","94203270"
"19741","78890782","104169994"
"19742","78894917","92258451"
"19743","78894917","86679615"
"19744","78896181","97748722"
"19745","78896342","104178515"
"19746","78896641","92251553"
"19747","78896872","94201912"
"19748","78896873","103341426"
"19749","80121007","103337653"
"19750","80121008","103082680"
"19751","80121239","92440653"
"19752","80121538","86679513"
"19753","80121538","86679622"
"19754","80121699","97752476"
"19755","80122433","88626763"
"19756","80122963","71484909"
"19757","80122963","94203975"
"19758","80127098","96091758"
"19759","80127098","80122790"
"19760","80128123","103341806"
"19761","80128187","88672339"
"19762","80128433","103081345"
"19763","80128451","103082093"
"19764","80128451","97746878"
"19765","80128451","103335114"
"19766","80128451","103490217"
"19767","80128451","88672265"
"19768","86679558","78895199"
"19769","86679558","103083580"
"19770","86679558","99977279"
"19771","86679558","78891559"
"19772","86679558","103080937"
"19773","86679576","94203007"
"19774","86679576","88669590"
"19775","86679822","97752771"
"19776","86679886","92446259"
"19777","86680911","103080063"
"19778","86680911","97747355"
"19779","86685045","88671013"
"19780","86685045","96091582"
"19781","86686309","103087975"
"19782","86686470","104176039"
"19783","86686470","103491661"
"19784","86686470","103495450"
"19785","86686769","92253671"
"19786","86687000","92251368"
"19787","86687001","71484728"
"19788","88618202","104172230"
"19789","88618203","78891887"
"19790","88618434","88680537"
"19791","88618733","78890783"
"19792","88618733","103336640"
"19793","88618733","104171081"
"19794","88618894","104171326"
"19795","88620158","80127576"
"19796","88620158","99972278"
"19797","88624292","103336317"
"19798","88624292","88621238"
"19799","88625317","96097445"
"19800","88625381","99972182"
"19801","88625627","103342101"
"19802","88625645","88616309"
"19803","88625645","99976644"
"19804","88625645","88675794"
"19805","88625645","103087983"
"19806","88625645","88625702"
"19807","88671012","88625539"
"19808","88671012","88670941"
"19809","88671012","78894966"
"19810","88671012","71482406"
"19811","88671012","103492429"
"19812","88671030","97752468"
"19813","88671030","103081580"
"19814","88671030","69505431"
"19815","88671276","69503130"
"19816","88671340","104172722"
"19817","88672365","71483403"
"19818","88672365","92251730"
"19819","88676499","92255808"
"19820","88676499","86689390"
"19821","88677029","104178399"
"19822","88677763","103340793"
"19823","88677924","97754251"
"19824","88677924","71485514"
"19825","88677924","94198197"
"19826","88677924","88620157"
"19827","88677924","103502428"
"19828","88678223","92440648"
"19829","88678454","88625699"
"19830","88678455","78889354"
"19831","92251308","103335133"
"19832","92251308","103080822"
"19833","92251308","97748083"
"19834","92251308","92249879"
"19835","92251308","103082895"
"19836","92251326","88619250"
"19837","92251326","86682944"
"19838","92251326","99980041"
"19839","92251326","88625577"
"19840","92251572","104173390"
"19841","92251636","103491127"
"19842","92252661","88671076"
"19843","92252661","88625368"
"19844","92256795","80126780"
"19845","92256795","97746943"
"19846","92257325","94196812"
"19847","92258059","96098589"
"19848","92258220","104171376"
"19849","92258220","99978247"
"19850","92258220","78895060"
"19851","92258519","88625638"
"19852","92258750","67692341"
"19853","92258751","86685670"
"19854","92438746","92441274"
"19855","92438978","88671015"
"19856","92439277","92446168"
"19857","92439438","103491859"
"19858","92440702","92444863"
"19859","92440702","88672381"
"19860","92444836","94196696"
"19861","92444836","80122189"
"19862","92445861","103504262"
"19863","92445925","80128510"
"19864","92446171","78894934"
"19865","92446189","97747068"
"19866","92446189","99980072"
"19867","92446189","96088957"
"19868","92446189","99971161"
"19869","92446189","103336225"
"19870","94196740","92257300"
"19871","94196740","88678221"
"19872","94196740","86679592"
"19873","94196740","94203181"
"19874","94196740","71489825"
"19875","94196758","92439998"
"19876","94196758","103086000"
"19877","94196758","99972183"
"19878","94196758","103336987"
"19879","94197004","94202276"
"19880","94197068","96095470"
"19881","94198093","104178301"
"19882","94198093","71484982"
"19883","94202227","92257562"
"19884","94202227","97751581"
"19885","94202757","103081274"
"19886","94203491","104178598"
"19887","94203652","97753724"
"19888","94203652","88620967"
"19889","94203652","94203491"
"19890","94203652","103349331"
"19891","94203951","103083354"
"19892","94204182","92447611"
"19893","94204183","94198306"
"19894","96088949","103081142"
"19895","96090808","78893141"
"19896","96090808","103080775"
"19897","96091359","88619965"
"19898","96091365","88672334"
"19899","96091607","104172093"
"19900","96092007","103088350"
"19901","96092631","103087132"
"19902","96092631","86681763"
"19903","96095833","103083860"
"19904","96095833","103083356"
"19905","96098076","94196893"
"19906","96098076","104176492"
"19907","96098076","80121699"
"19908","96098077","92251246"
"19909","96098077","103494128"
"19910","96098077","94195719"
"19911","96098158","97747202"
"19912","96098158","103335388"
"19913","96098468","96096336"
"19914","96098604","99978422"
"19915","96099129","71488070"
"19916","97745978","78892868"
"19917","97746466","78896873"
"19918","97746598","96098598"
"19919","97746908","94199096"
"19920","97746908","71486173"
"19921","97746989","104172037"
"19922","97746989","99972190"
"19923","97746989","80125797"
"19924","97746990","103338222"
"19925","97746990","97751581"
"19926","97746990","92256850"
"19927","97747815","94195627"
"19928","97749232","69504514"
"19929","97749232","97746924"
"19930","97752433","96095482"
"19931","97752433","103087972"
"19932","97753056","88671620"
"19933","97753454","103083866"
"19934","97753696","103081248"
"19935","97753702","86678348"
"19936","97754251","99978887"
"19937","97754251","92438949"
"19938","97754664","96099136"
"19939","99971168","92258764"
"19940","99971656","103492950"
"19941","99971788","96096651"
"19942","99972098","88626668"
"19943","99972098","96090655"
"19944","99972179","92447611"
"19945","99972179","99972836"
"19946","99972179","104171993"
"19947","99972180","104179045"
"19948","99972180","104173774"
"19949","99972180","86684230"
"19950","99973005","104172246"
"19951","99974422","104177627"
"19952","99974422","103335883"
"19953","99977623","88625604"
"19954","99977623","103088243"
"19955","99978246","71486080"
"19956","99978644","96092977"
"19957","99978886","92252874"
"19958","99978892","103087727"
"19959","99979441","86686698"
"19960","99979441","69500588"
"19961","99979854","78896645"
"19962","103081225","103335114"
"19963","103081225","88673544"
"19964","103081225","104173782"
"19965","103081551","86678138"
"19966","103081551","71487820"
"19967","103081551","92258339"
"19968","103336295","88671157"
"19969","103336295","88625638"
"19970","103336295","92256980"
"19971","103336621","94202751"
"19972","103336621","78889761"
"19973","103336621","80126202"
"19974","103491594","103495570"
"19975","103491594","94196834"
"19976","103491594","80128448"
"19977","103491920","80128520"
"19978","103491920","78889774"
"19979","103491920","88623575"
"19980","104171369","104169985"
"19981","104171369","104171427"
"19982","104171369","103491387"
"19983","104171695","88625690"
"19984","104171695","103083580"
"19985","104171695","94196806"
"19986","69499962","96092954"
"19987","69502295","104180257"
"19988","69502608","80125989"
"19989","69504906","86685424"
"19990","71484935","96091582"
"19991","71484935","88619529"
"19992","71485284","103492921"
"19993","71485284","88671302"
"19994","78889428","103341865"
"19995","78889428","103491864"
"19996","78889428","104172250"
"19997","78889754","80121514"
"19998","78889754","71484864"
"19999","78889754","99971125"
"20000","80128126","103086368"
"20001","80128126","99972759"
"20002","80128126","86685968"
"20003","80128452","94196740"
"20004","80128452","99972389"
"20005","80128452","97751306"
"20006","86679557","88619362"
"20007","86679557","99973615"
"20008","86679557","80128426"
"20009","86679883","86680868"
"20010","86679883","103338613"
"20011","86679883","103337550"
"20012","88625320","92251365"
"20013","88625320","97748079"
"20014","88625320","103080245"
"20015","88625646","71486331"
"20016","88625646","71488070"
"20017","88625646","103080063"
"20018","88671011","96098061"
"20019","88671011","88671298"
"20020","88671011","71489766"
"20021","88671337","86686494"
"20022","88671337","92258759"
"20023","88671337","103337664"
"20024","92251307","88680709"
"20025","92251307","104173636"
"20026","92251307","71485378"
"20027","92251633","88672441"
"20028","92251633","103087136"
"20029","92251633","96093435"
"20030","92445864","88618902"
"20031","92445864","88669807"
"20032","92445864","97749872"
"20033","92446190","99979844"
"20034","92446190","86689385"
"20035","92446190","80126526"
"20036","94196739","94202547"
"20037","94196739","80121602"
"20038","94196739","94199007"
"20039","94197065","103491620"
"20040","94197065","69503378"
"20041","94197065","78896182"
"20042","96098112","80127097"
"20043","96098112","99971003"
"20044","96099537","103491661"
"20045","97746954","96089119"
"20046","97746954","88623513"
"20047","99972144","71485524"
"20048","99972144","92446190"
"20049","103081282","103494669"
"20050","103081282","78889473"
"20051","103081637","103339079"
"20052","103081637","97748324"
"20053","103086696","103083259"
"20054","103086696","103082890"
"20055","103086882","92441052"
"20056","103086882","86679822"
"20057","103087146","104178015"
"20058","103087790","80122260"
"20059","103087790","69503194"
"20060","103087790","103493066"
"20061","103336352","103081240"
"20062","103336352","99979684"
"20063","103336707","88669991"
"20064","103336707","103495887"
"20065","103341766","92446148"
"20066","103341766","86680916"
"20067","103341766","88625540"
"20068","103341952","94201409"
"20069","103341952","103341798"
"20070","103342216","97752489"
"20071","103342860","92446107"
"20072","103342860","71487688"
"20073","103342860","104171162"
"20074","103491651","88672292"
"20075","103491651","94196774"
"20076","103492006","103335331"
"20077","103492006","99977803"
"20078","103494605","103337651"
"20079","103494605","97749222"
"20080","103494715","92258330"
"20081","103494715","92251719"
"20082","103494959","96098021"
"20083","103501745","96093481"
"20084","103501745","80121599"
"20085","103501745","94197019"
"20086","104171426","103501784"
"20087","104171426","86680882"
"20088","104171781","103341967"
"20089","104171781","96092428"
"20090","104176840","71487805"
"20091","104176840","92443821"
"20092","104176840","104176501"
"20093","104177026","92256450"
"20094","104177026","104171308"
"20095","104177290","96099120"
"20096","104177934","88672248"
"20097","104177934","88618709"
"20098","104177934","92255953"
"20099","69502797","103336358"
"20100","69502827","103341418"
"20101","69503264","97754395"
"20102","71484997","104170400"
"20103","71484997","88676144"
"20104","71485337","96097767"
"20105","71485337","86679601"
"20106","71485475","92251349"
"20107","71485475","78894217"
"20108","71485505","71485512"
"20109","71485505","97749174"
"20110","71485945","99974606"
"20111","78889485","97749595"
"20112","78889485","80128463"
"20113","78889840","61685836"
"20114","78889840","96097845"
"20115","78894902","71488104"
"20116","78894902","103082594"
"20117","78895088","88626831"
"20118","78895088","94203005"
"20119","78895353","88625313"
"20120","78895999","88624188"
"20121","80121881","94196673"
"20122","80122527","78891707"
"20123","80122792","104184727"
"20124","80122792","88625370"
"20125","80122978","92256938"
"20126","80122978","104177909"
"20127","80128040","86685070"
"20128","80128040","86680437"
"20129","80128395","99980090"
"20130","80128395","96088881"
"20131","86679614","88619376"
"20132","86679614","71485381"
"20133","86679969","103086044"
"20134","86679969","88624324"
"20135","86685030","71486730"
"20136","86685030","94198355"
"20137","86685216","103083267"
"20138","86685216","103337623"
"20139","86685481","92253174"
"20140","86686127","103494377"
"20141","86686127","94199338"
"20142","88619076","99972152"
"20143","88619076","80127096"
"20144","88619722","94195536"
"20145","88619987","96092006"
"20146","88619987","103341976"
"20147","88620173","88680536"
"20148","88620173","80128535"
"20149","88625234","80122335"
"20150","88625234","80121529"
"20151","88625589","86679664"
"20152","88625589","92446188"
"20153","88671068","96095843"
"20154","88671068","92253768"
"20155","88671423","86680414"
"20156","88671423","88625640"
"20157","88676484","94196742"
"20158","88676484","104176934"
"20159","88676670","99979489"
"20160","88676670","103336436"
"20161","88676935","103495349"
"20162","88677581","94197072"
"20163","88677581","71485943"
"20164","88677581","96095219"
"20165","92251364","104172763"
"20166","92251364","103491517"
"20167","92251719","103082093"
"20168","92251719","96096496"
"20169","92256780","92255979"
"20170","92256780","86684569"
"20171","92256966","92256842"
"20172","92256966","71485878"
"20173","92257231","92256096"
"20174","92257877","96097779"
"20175","92257877","103338229"
"20176","92257877","88618727"
"20177","92439620","94196842"
"20178","92439620","94202742"
"20179","92440266","97749083"
"20180","92440531","103492871"
"20181","92440531","86678537"
"20182","92440717","103341832"
"20183","92440717","88622995"
"20184","92445778","94199202"
"20185","92445778","96093597"
"20186","92446133","103336326"
"20187","92446133","94197620"
"20188","94196796","103086764"
"20189","94196796","97747563"
"20190","94197151","88619874"
"20191","94197151","103495968"
"20192","94202212","92253528"
"20193","94202212","103081239"
"20194","94202398","96097832"
"20195","94202398","88672202"
"20196","94202663","96097766"
"20197","94203309","92251730"
"20198","94203309","88673661"
"20199","94203309","103086704"
"20200","96098055","99972217"
"20201","96098055","97746700"
"20202","96098099","104172033"
"20203","96098099","92251730"
"20204","96098099","103342553"
"20205","97746967","99974351"
"20206","97746967","86685327"
"20207","97746967","78889509"
"20208","97747011","80126158"
"20209","97747011","80128387"
"20210","99972157","88672483"
"20211","99972157","88622233"
"20212","99972201","92253840"
"20213","99972201","96088628"
"20214","103082523","92251572"
"20215","103088459","88620825"
"20216","103088459","103336658"
"20217","103337593","71489886"
"20218","103343529","99972146"
"20219","103343529","86681592"
"20220","103492892","104174010"
"20221","103495600","78895815"
"20222","103495600","92446090"
"20223","104172667","103491617"
"20224","104178603","97754288"
"20225","104178603","88673687"
"20226","69502294","78896464"
"20227","69502950","80121905"
"20228","69503635","104176505"
"20229","71485380","103336963"
"20230","71485380","80127124"
"20231","78890727","88670006"
"20232","78896668","88620109"
"20233","78896668","80122789"
"20234","80121212","104171396"
"20235","80121212","92439645"
"20236","80127153","92441057"
"20237","86680856","103336586"
"20238","86686796","99974773"
"20239","86686796","103081193"
"20240","88618407","103490457"
"20241","88618407","88618306"
"20242","88624347","71485931"
"20243","88672310","80129541"
"20244","88678250","88673474"
"20245","88678250","96092245"
"20246","92252606","92257814"
"20247","92258546","104171369"
"20248","92258546","97751585"
"20249","92438951","104171647"
"20250","92438951","92436462"
"20251","92444891","97753142"
"20252","94198038","99972296"
"20253","94203978","92436613"
"20254","94203978","92250946"
"20255","96090865","88625358"
"20256","96090869","99977683"
"20257","96098154","103343640"
"20258","97746912","86681430"
"20259","97754192","96098043"
"20260","97754196","86679630"
"20261","99972102","92251931"
"20262","99979382","94201906"
"20263","99979386","103336418"
"20264","103082522","99971168"
"20265","103086601","103081753"
"20266","103088248","97753142"
"20267","103088428","94198094"
"20268","103337592","99973341"
"20269","103341671","80122915"
"20270","103343318","103491583"
"20271","103343498","88623514"
"20272","103492891","80129565"
"20273","103494589","99974760"
"20274","103495445","103085900"
"20275","103495569","103083802"
"20276","104172666","94199141"
"20277","104176745","71483550"
"20278","104178392","97748989"
"20279","104178572","94195312"
"20280","69502224","99972148"
"20281","71484897","86686087"
"20282","71485344","69505431"
"20283","71487586","92251360"
"20284","78890726","103087973"
"20285","78894807","86689163"
"20286","78896457","92445861"
"20287","78896637","97748508"
"20288","80121243","97750665"
"20289","80121423","104180114"
"20290","80123073","103087964"
"20291","80127154","104170405"
"20292","86680855","103494365"
"20293","86684935","104172058"
"20294","86686585","88620550"
"20295","86686765","88678220"
"20296","88618438","71489817"
"20297","88618618","97747569"
"20298","88620268","97747011"
"20299","88624348","88620110"
"20300","88672309","103501085"
"20301","88676389","88623244"
"20302","88678039","92251258"
"20303","88678219","94196768"
"20304","92252605","92436649"
"20305","92256685","94202281"
"20306","92258335","99974745"
"20307","92258515","103490614"
"20308","92438982","71485945"
"20309","92439162","104179019"
"20310","92440812","103335867"
"20311","92444892","103081849"
"20312","94198037","103087761"
"20313","94202117","88625310"
"20314","94203767","96093135"
"20315","94203947","94196778"
"20316","96091263","88672289"
"20317","96091263","71486071"
"20318","96092438","103081899"
"20319","96098063","99978430"
"20320","96098078","86679602"
"20321","96098078","88625379"
"20322","96098111","71484960"
"20323","96098111","92252630"
"20324","96098111","86684060"
"20325","96098111","86685658"
"20326","96098111","88671117"
"20327","97746955","88678250"
"20328","97746955","88625118"
"20329","97746955","92251343"
"20330","97746955","88625580"
"20331","97746955","94199198"
"20332","97746988","97746587"
"20333","97746988","97751964"
"20334","97747003","80126093"
"20335","97752626","88678155"
"20336","97753798","99978426"
"20337","97753798","94201560"
"20338","97754103","103082468"
"20339","99972145","99974780"
"20340","99972145","104171432"
"20341","99972145","92250120"
"20342","99972145","103081248"
"20343","99972145","88625379"
"20344","99972178","97752493"
"20345","99972178","94198871"
"20346","99972193","88675640"
"20347","99977816","86678334"
"20348","99978988","97753753"
"20349","99978988","94198211"
"20350","103081258","92445356"
"20351","103081489","103494717"
"20352","103082577","86685424"
"20353","103082577","88624811"
"20354","103082645","92251350"
"20355","103082645","103343499"
"20356","103083519","103492007"
"20357","103083519","99972767"
"20358","103083847","103335224"
"20359","103083877","103495433"
"20360","103083877","103088248"
"20361","103083877","88621934"
"20362","103083881","96092481"
"20363","103083881","104173039"
"20364","103083881","103335150"
"20365","103086710","80121306"
"20366","103087223","104172935"
"20367","103087224","99972153"
"20368","103087232","104172532"
"20369","103087233","103490426"
"20370","103087789","99974300"
"20371","103088070","96095751"
"20372","103088070","97746985"
"20373","103088070","104170339"
"20374","103088070","104177647"
"20375","103336328","99973005"
"20376","103336559","104171480"
"20377","103337647","88624368"
"20378","103337647","64913593"
"20379","103337715","88625626"
"20380","103337715","92446239"
"20381","103338589","92438967"
"20382","103338589","96095227"
"20383","103338917","88621237"
"20384","103338947","71485404"
"20385","103338947","103337655"
"20386","103338947","80129661"
"20387","103338951","103491858"
"20388","103338951","92256813"
"20389","103338951","96090824"
"20390","103341780","103491374"
"20391","103342293","94204091"
"20392","103342294","103338560"
"20393","103342302","104173411"
"20394","103342303","103341345"
"20395","103342859","103085858"
"20396","103343140","92257828"
"20397","103343140","86685285"
"20398","103343140","103082553"
"20399","103343140","103081269"
"20400","103343205","103081922"
"20401","103491627","92439447"
"20402","103491858","94204182"
"20403","103492946","71486318"
"20404","103492946","97747696"
"20405","103493014","96098047"
"20406","103493014","80122792"
"20407","103494619","99977825"
"20408","103501530","71484772"
"20409","103501530","94199431"
"20410","103501530","104177471"
"20411","103501530","99973269"
"20412","103501746","88677813"
"20413","103501940","94203023"
"20414","103501941","99972821"
"20415","103501949","94203066"
"20416","103501950","104176997"
"20417","103504168","104171471"
"20418","103504168","99977987"
"20419","103504168","78890682"
"20420","103504172","88678395"
"20421","103504172","86684689"
"20422","103504172","80123939"
"20423","103504530","96098167"
"20424","103504530","103081942"
"20425","104171402","88618411"
"20426","104171633","99979379"
"20427","104172721","80127616"
"20428","104172721","103082645"
"20429","104172789","86681687"
"20430","104172789","86680437"
"20431","104173663","97746822"
"20432","104173663","97746606"
"20433","104173991","86681896"
"20434","104174021","104177290"
"20435","104174021","96099290"
"20436","104174021","104169992"
"20437","104174025","94197210"
"20438","104174025","97747092"
"20439","104174025","88671098"
"20440","104176854","78890943"
"20441","104177367","71486260"
"20442","104177368","92444891"
"20443","104177376","103087361"
"20444","104177377","99977307"
"20445","104177933","71486983"
"20446","104178214","103494589"
"20447","104178214","72766372"
"20448","104178214","92443568"
"20449","104178214","104170294"
"20450","104178269","99973021"
"20451","104178279","88619223"
"20452","69499952","71484989"
"20453","69502534","104178701"
"20454","69502711","94197013"
"20455","69502711","86685171"
"20456","69503634","92445751"
"20457","69504748","88620971"
"20458","71484973","103492169"
"20459","71485209","99977649"
"20460","71485361","94198193"
"20461","71486314","94197615"
"20462","71486314","103090926"
"20463","71487984","80121695"
"20464","71488034","103491871"
"20465","71488046","103337647"
"20466","71489247","78896641"
"20467","71489247","97751906"
"20468","71489287","94196786"
"20469","71489287","96091999"
"20470","71489287","78889704"
"20471","71489288","103336352"
"20472","71489288","88677534"
"20473","71490364","103493629"
"20474","71490364","103491646"
"20475","78889461","97749440"
"20476","78889692","97746996"
"20477","78890781","80125810"
"20478","78890781","80123313"
"20479","78891723","92251571"
"20480","78891723","86679583"
"20481","78892081","92256979"
"20482","78892081","71490370"
"20483","78892081","88671012"
"20484","78894916","80123323"
"20485","78895430","97753056"
"20486","78895431","103491861"
"20487","78895439","94202996"
"20488","78895440","103086759"
"20489","78896279","103086760"
"20490","78896279","69502797"
"20491","78896279","92256874"
"20492","80121536","103335315"
"20493","80121536","103087967"
"20494","80121546","103341831"
"20495","80121601","80121314"
"20496","80121601","88619374"
"20497","80121601","104178017"
"20498","80121601","103334915"
"20499","80121882","103495349"
"20500","80122440","94198871"
"20501","80122441","103081299"
"20502","80122450","92257174"
"20503","80122964","88619139"
"20504","80125795","103491667"
"20505","80125799","104176856"
"20506","80125799","99976918"
"20507","80125799","99979382"
"20508","80126157","86680837"
"20509","80126157","88620967"
"20510","80127099","71490700"
"20511","80127099","86686798"
"20512","80128188","96096784"
"20513","80128419","92439839"
"20514","86679590","71485668"
"20515","86679821","80121301"
"20516","86680910","78894563"
"20517","86680910","71485485"
"20518","86680978","88673047"
"20519","86680978","88670887"
"20520","86681852","104176536"
"20521","86681852","80121008"
"20522","86682210","103491865"
"20523","86682210","88672449"
"20524","86682210","92443515"
"20525","86682214","103085724"
"20526","86685044","96096069"
"20527","86685558","94195536"
"20528","86685559","103494465"
"20529","86685567","88673896"
"20530","86685568","92251296"
"20531","86686126","96098030"
"20532","86686407","103341863"
"20533","86686407","103494768"
"20534","86686407","88620988"
"20535","86686407","88618497"
"20536","88618731","88619944"
"20537","88618796","92258594"
"20538","88618796","78888041"
"20539","88618796","94198790"
"20540","88618796","86686403"
"20541","88619077","71488040"
"20542","88619635","88671157"
"20543","88619636","80121534"
"20544","88619644","104177472"
"20545","88619645","103337017"
"20546","88620159","103083711"
"20547","88622989","94199090"
"20548","88622993","88624980"
"20549","88622993","78890900"
"20550","88622993","103341997"
"20551","88623351","103081170"
"20552","88623351","71489247"
"20553","88624293","88624285"
"20554","88624293","103081473"
"20555","88625382","78896366"
"20556","88625613","71483214"
"20557","88671044","92446169"
"20558","88671275","86679561"
"20559","88672364","92445857"
"20560","88672364","103082460"
"20561","88672432","88620392"
"20562","88672432","86686792"
"20563","88673306","88670956"
"20564","88673306","88678223"
"20565","88673664","80126780"
"20566","88673664","99972266"
"20567","88673664","103085631"
"20568","88673668","86679614"
"20569","88673668","94197068"
"20570","88676498","103495630"
"20571","88677012","96092980"
"20572","88677013","71482384"
"20573","88677021","103336561"
"20574","88677022","99971679"
"20575","88677580","103343426"
"20576","88677861","94202585"
"20577","88677861","103492283"
"20578","88677861","96093290"
"20579","88677861","78896872"
"20580","92251340","88670669"
"20581","92251571","88625375"
"20582","92252660","104177678"
"20583","92252660","88676145"
"20584","92252728","94203875"
"20585","92252728","94199293"
"20586","92253602","103491646"
"20587","92253602","103491631"
"20588","92253960","97754197"
"20589","92253960","97752124"
"20590","92253960","88676524"
"20591","92253964","104175879"
"20592","92256794","69500388"
"20593","92257308","80122907"
"20594","92257309","103081893"
"20595","92257317","99974364"
"20596","92257318","99972106"
"20597","92257876","92258448"
"20598","92258157","92256848"
"20599","92258157","78894107"
"20600","92258157","99974751"
"20601","92258157","80123774"
"20602","92439340","97747203"
"20603","92439340","92250193"
"20604","92439340","103083925"
"20605","92439340","78896769"
"20606","92439621","103335328"
"20607","92440179","78896579"
"20608","92440180","104172237"
"20609","92440189","99974675"
"20610","92440703","92445662"
"20611","92443537","94202420"
"20612","92443537","88622995"
"20613","92443537","92256967"
"20614","92443895","92256441"
"20615","92443895","92251999"
"20616","92444769","78894964"
"20617","92444769","71484991"
"20618","92444837","69499962"
"20619","92444837","78890683"
"20620","92445926","96092322"
"20621","92446157","104175868"
"20622","94196772","69502535"
"20623","94197003","104171293"
"20624","94198092","103083361"
"20625","94198092","103087233"
"20626","94198160","103081304"
"20627","94198160","88625712"
"20628","94199034","92258244"
"20629","94199034","71489887"
"20630","94199392","71484963"
"20631","94199392","99976654"
"20632","94199392","96099130"
"20633","94199396","103082000"
"20634","94199396","99974483"
"20635","94202226","88672682"
"20636","94202740","97752633"
"20637","94202741","86679583"
"20638","94202749","97748231"
"20639","94202750","78889493"
"20640","94203308","103343432"
"20641","94203589","71482391"
"20642","94203589","96093098"
"20643","94203589","92255819"
"20644","94203589","92441175"
"20645","96088944","103490549"
"20646","96090903","103493023"
"20647","96091199","78892871"
"20648","96091199","103336374"
"20649","96091199","104176854"
"20650","96091199","97751586"
"20651","96091360","104171003"
"20652","96092094","99973505"
"20653","96092481","88673900"
"20654","96092481","88626855"
"20655","96092481","88625546"
"20656","96096755","104172745"
"20657","96096755","88680600"
"20658","96096755","92438955"
"20659","96096756","96097998"
"20660","96096757","88620268"
"20661","96097245","92443702"
"20662","96097246","92253915"
"20663","96097246","92250973"
"20664","96097246","103343502"
"20665","96097246","97748290"
"20666","96097415","78889695"
"20667","96097495","88678042"
"20668","96097495","88620967"
"20669","96099200","78890120"
"20670","97745907","80122259"
"20671","97747571","88624190"
"20672","97747571","92251656"
"20673","97747651","94195321"
"20674","97747820","103502455"
"20675","97747820","99972276"
"20676","97747820","103339661"
"20677","97747820","97753803"
"20678","97747821","92256435"
"20679","97748308","99973012"
"20680","97748309","88678361"
"20681","97748310","86681694"
"20682","97748310","99973380"
"20683","97748310","99978159"
"20684","97752583","99974411"
"20685","97752583","103341245"
"20686","97752583","92250838"
"20687","97752969","86682120"
"20688","97753701","78895449"
"20689","97753862","99979924"
"20690","97753862","94198606"
"20691","97753862","71485631"
"20692","97754158","97746991"
"20693","97754669","78892817"
"20694","99971097","94195720"
"20695","99972761","96098589"
"20696","99972761","96088949"
"20697","99972841","103492921"
"20698","99973010","99971007"
"20699","99973010","103491717"
"20700","99973010","92251654"
"20701","99973010","103495632"
"20702","99973011","80122821"
"20703","99973498","80126322"
"20704","99973498","92446273"
"20705","99973499","86684685"
"20706","99973500","88622996"
"20707","99973500","88677764"
"20708","99973500","103087332"
"20709","99977773","86681011"
"20710","99977773","92443511"
"20711","99977773","88623406"
"20712","99978159","97747012"
"20713","99978891","88672407"
"20714","99979052","78896457"
"20715","99979052","92446076"
"20716","99979052","86682114"
"20717","99979348","86678172"
"20718","99979859","103082725"
"20719","103081255","103493014"
"20720","103081255","103339201"
"20721","103081255","92251344"
"20722","103081255","92252729"
"20723","103086547","88623516"
"20724","103336325","99978883"
"20725","103336325","88671053"
"20726","103336325","94204183"
"20727","103336325","86681766"
"20728","103341617","88618406"
"20729","103491624","103081624"
"20730","103491624","92440677"
"20731","103491624","65801031"
"20732","103491624","92444147"
"20733","103494535","99978998"
"20734","104171399","80127082"
"20735","104171399","103088459"
"20736","104171399","96096785"
"20737","104171399","86682228"
"20738","104176691","92252660"
"20739","69502289","103343313"
"20740","69502289","103336330"
"20741","69504746","96097868"
"20742","69504848","104171614"
"20743","71484970","92251345"
"20744","71484970","80121147"
"20745","71487530","99976681"
"20746","78889458","78894250"
"20747","78894753","94196683"
"20748","80123127","80122661"
"20749","80128422","103083822"
"20750","86679587","96095772"
"20751","86684881","92251972"
"20752","88620322","103501112"
"20753","88625616","88672336"
"20754","88671041","80119092"
"20755","88671041","97747060"
"20756","88671041","94197006"
"20757","88676335","94202849"
"20758","92251337","104170207"
"20759","92251337","97747036"
"20760","92251337","99974499"
"20761","92251337","88619370"
"20762","92256631","78892056"
"20763","92440866","103336373"
"20764","92446160","88623974"
"20765","94196769","103085856"
"20766","94196769","86684347"
"20767","94196769","80125899"
"20768","94196769","92441524"
"20769","94202063","103337650"
"20770","96088952","94201886"
"20771","96098082","88620165"
"20772","96098082","103336363"
"20773","96098082","92251172"
"20774","96098083","103492891"
"20775","96098083","103501940"
"20776","96098083","88619378"
"20777","97746983","103342860"
"20778","97746983","92256553"
"20779","97746983","103087414"
"20780","97746984","103335955"
"20781","97746984","80126997"
"20782","97746984","103342589"
"20783","97754661","96097713"
"20784","99972173","88620512"
"20785","99972173","86684722"
"20786","99972173","96092605"
"20787","99972174","97753161"
"20788","99972174","92258510"
"20789","99972174","71482418"
"20790","99979851","92251346"
"20791","103081238","69503797"
"20792","103081238","88677765"
"20793","103083681","99971805"
"20794","103083681","104171378"
"20795","103086550","103081270"
"20796","103086554","99975531"
"20797","103086852","88624780"
"20798","103086852","103081288"
"20799","103088098","103338588"
"20800","103336308","103086238"
"20801","103336308","94196740"
"20802","103338751","97752448"
"20803","103338751","97747237"
"20804","103341620","103338424"
"20805","103341624","88672333"
"20806","103341922","86679508"
"20807","103341922","88671528"
"20808","103343168","94199414"
"20809","103491607","97749644"
"20810","103491607","78889472"
"20811","103491607","94199518"
"20812","103494538","86680936"
"20813","103494542","104175867"
"20814","103494695","96098029"
"20815","103494695","88677283"
"20816","103501502","104171700"
"20817","103504368","92444837"
"20818","103504368","86686301"
"20819","104171382","96095517"
"20820","104171382","88669989"
"20821","104173825","69502287"
"20822","104173825","88620980"
"20823","104176694","97745570"
"20824","104176698","94199625"
"20825","104176996","104172557"
"20826","104176996","78889693"
"20827","104178242","92439046"
"20828","69507665","86680880"
"20829","71484951","86680846"
"20830","71484951","103495802"
"20831","71485272","104171622"
"20832","71487533","61581012"
"20833","71487537","71482665"
"20834","71488524","99977266"
"20835","78889441","86679600"
"20836","78889441","103081244"
"20837","78891885","88622995"
"20838","78894756","103494998"
"20839","78894760","92444056"
"20840","78895058","94203021"
"20841","78895058","92446234"
"20842","80121573","86685356"
"20843","80122822","104171615"
"20844","80122822","103081849"
"20845","80123120","78892842"
"20846","80123124","94201882"
"20847","80125995","92251800"
"20848","80125995","78894089"
"20849","80128439","92438978"
"20850","80128439","103341350"
"20851","86679570","94201418"
"20852","86679570","94197094"
"20853","86679570","86686062"
"20854","86682014","97748311"
"20855","86682014","88623083"
"20856","86684884","88620518"
"20857","86684888","88675803"
"20858","86685186","99972432"
"20859","86685186","78889477"
"20860","88618768","103493813"
"20861","88618768","99972389"
"20862","88620017","92257309"
"20863","88620017","92256879"
"20864","88620315","94201872"
"20865","88620319","103490433"
"20866","88623189","80125068"
"20867","88623189","103082535"
"20868","88625633","94204091"
"20869","88625633","92252764"
"20870","88671024","88672407"
"20871","88671024","99977656"
"20872","88671024","103492831"
"20873","88673468","80125824"
"20874","88673468","103343043"
"20875","88676338","92444112"
"20876","88676342","92439659"
"20877","88676640","88673145"
"20878","88676640","88671102"
"20879","92251320","88672367"
"20880","92251320","78894973"
"20881","92251320","103501774"
"20882","92253764","92251421"
"20883","92253764","104178721"
"20884","92256634","103491617"
"20885","92256638","80126637"
"20886","92256936","86679828"
"20887","92256936","103334954"
"20888","92440561","88671094"
"20889","92440561","69502708"
"20890","92440859","88618741"
"20891","92440863","103493799"
"20892","92443733","94203244"
"20893","92443733","103083304"
"20894","92446177","103080767"
"20895","92446177","97754685"
"20896","94196752","103502444"
"20897","94196752","92252139"
"20898","94196752","103503440"
"20899","94199196","104171413"
"20900","94199196","96098102"
"20901","94202066","92440188"
"20902","94202070","94196881"
"20903","94202368","86678502"
"20904","94202368","78898936"
"20905","96091542","103491885"
"20906","96091542","88625578"
"20907","96091542","71482398"
"20908","96096788","103086882"
"20909","96096788","88623351"
"20910","96096788","104177026"
"20911","97748277","99972178"
"20912","97748277","92439162"
"20913","97748277","86681687"
"20914","97753519","103341308"
"20915","97753519","103082547"
"20916","97753519","103337130"
"20917","99973467","69502296"
"20918","99973467","103081164"
"20919","99973467","103342811"
"20920","99978709","88621934"
"20921","99978709","94198211"
"20922","99978709","96097230"
"20923","103081253","96095433"
"20924","103081253","61685837"
"20925","103081253","103504419"
"20926","103081253","86681055"
"20927","103081550","88623378"
"20928","103082999","80126217"
"20929","103087298","71488520"
"20930","103088099","97747300"
"20931","103336323","103081503"
"20932","103336323","78889466"
"20933","103336323","103343328"
"20934","103336323","103337647"
"20935","103336620","71488515"
"20936","103338069","88620622"
"20937","103342368","96090899"
"20938","103343169","94199141"
"20939","103491622","97753979"
"20940","103491622","94199200"
"20941","103491622","103337849"
"20942","103491622","94196686"
"20943","103491919","103338609"
"20944","103493368","88669991"
"20945","103501501","80127154"
"20946","103501875","88677282"
"20947","104171397","103504411"
"20948","104171397","103083446"
"20949","104171397","88671136"
"20950","104171397","71487196"
"20951","104171694","78896534"
"20952","104173143","103081252"
"20953","104177442","104178566"
"20954","104178243","103494715"
"20955","69502288","103491528"
"20956","69502288","103501949"
"20957","69502316","94198775"
"20958","69502607","92252618"
"20959","69503795","99978494"
"20960","69504054","94197575"
"20961","71484968","92251354"
"20962","71484968","88672337"
"20963","71485283","94203588"
"20964","71486736","88678468"
"20965","78889456","78891830"
"20966","78889753","92445767"
"20967","78891203","69505490"
"20968","78895505","71487195"
"20969","80122375","97751583"
"20970","80126677","88672248"
"20971","80128127","96093467"
"20972","80128424","88626763"
"20973","86679585","103336237"
"20974","86679882","94196381"
"20975","86681332","71485013"
"20976","86685633","86685812"
"20977","88618767","103086788"
"20978","88619570","88673425"
"20979","88623871","71488114"
"20980","88625321","103341837"
"20981","88625618","80128521"
"20982","88671039","99979163"
"20983","88671039","88672291"
"20984","88671039","96099531"
"20985","88671336","103490522"
"20986","88672786","94196662"
"20987","88677087","92258645"
"20988","92251335","103335128"
"20989","92251335","103337548"
"20990","92251335","103340963"
"20991","92251335","92446132"
"20992","92251632","104173747"
"20993","92253082","103341427"
"20994","92257383","103343314"
"20995","92440114","92447211"
"20996","92444415","103338502"
"20997","92445865","78894678"
"20998","92446162","88620986"
"20999","94196767","99979355"
"21000","94196767","88676257"
"21001","94196767","103493025"
"21002","94196767","103344037"
"21003","94197064","78889753"
"21004","94198514","103493050"
"21005","94198514","71484969"
"21006","94202815","80126980"
"21007","96091262","78889461"
"21008","96091262","88625375"
"21009","96091262","88671031"
"21010","96091543","97754516"
"21011","96092452","103081696"
"21012","96097699","88626779"
"21013","96097699","71484991"
"21014","96098084","88624319"
"21015","96098084","99973332"
"21016","96098084","80126413"
"21017","96098085","103088808"
"21018","96098085","92436664"
"21019","96098085","103338500"
"21020","97746981","86680166"
"21021","97746981","104172623"
"21022","97746981","103085725"
"21023","97746982","103338634"
"21024","97746982","96092969"
"21025","97746982","103494364"
"21026","97747367","92250298"
"21027","97747367","103494068"
"21028","97752612","88676492"
"21029","97753518","103336626"
"21030","97753799","103335158"
"21031","97753799","92251552"
"21032","97753799","104171612"
"21033","99972171","103338928"
"21034","99972171","71486391"
"21035","99972171","92445354"
"21036","99972172","97754352"
"21037","99972172","86685481"
"21038","99972172","96098022"
"21039","99972557","80122886"
"21040","99972557","88673380"
"21041","99977802","86681779"
"21042","99978708","88670938"
"21043","99978989","103493872"
"21044","99978989","80128178"
"21045","99978989","99976963"
"21046","103080241","97754166"
"21047","103086757","96098010"
"21048","103086757","104176882"
"21049","103086757","92252563"
"21050","103088159","80128185"
"21051","103088247","94201414"
"21052","103335311","103491616"
"21053","103341827","86680987"
"21054","103341827","80121167"
"21055","103341827","103336337"
"21056","103343229","80126050"
"21057","103343317","92256556"
"21058","103490610","80128452"
"21059","103494658","99976820"
"21060","103494658","80128419"
"21061","103494658","80125829"
"21062","103495435","80126231"
"21063","103495444","80121216"
"21064","104170385","103081654"
"21065","104176901","97747201"
"21066","104176901","86686581"
"21067","104176901","97746954"
"21068","104178303","78895219"
"21069","104178391","86684167"
"21070","67693486","103336542"
"21071","69502223","92446130"
"21072","69502699","97749261"
"21073","69503276","69502797"
"21074","69503794","94202386"
"21075","69505213","103341940"
"21076","71484896","103335890"
"21077","71485376","88619077"
"21078","71485376","88626869"
"21079","71485376","80123308"
"21080","71485957","80125850"
"21081","78894963","88676135"
"21082","78894963","86681817"
"21083","78894963","104171426"
"21084","78896368","103495632"
"21085","78896456","72766493"
"21086","80121424","71483549"
"21087","80121512","99979341"
"21088","80122917","103087871"
"21089","80122917","97747568"
"21090","80122917","103343082"
"21091","86685091","86678535"
"21092","86685091","103494660"
"21093","86685091","96096557"
"21094","86686496","94197267"
"21095","86686584","92443519"
"21096","88618619","80121881"
"21097","88618707","96091350"
"21098","88620112","88676552"
"21099","88620112","86681692"
"21100","88620112","99973399"
"21101","88669985","104171236"
"21102","88676545","88677765"
"21103","88676545","103081246"
"21104","88676545","104174168"
"21105","88677950","92446260"
"21106","88678038","86685356"
"21107","92250281","80122431"
"21108","92256841","88623568"
"21109","92256841","103083433"
"21110","92256841","94196684"
"21111","92258246","94196690"
"21112","92258334","80126879"
"21113","92439163","92441058"
"21114","92439251","88676149"
"21115","92440656","96095651"
"21116","92440656","88676136"
"21117","92440656","88671055"
"21118","94195714","103083001"
"21119","94202273","103494389"
"21120","94202273","96095625"
"21121","94202273","97752433"
"21122","94203678","103083879"
"21123","94203766","103338069"
"21124","96090902","104173145"
"21125","97754159","92251573"
"21126","99979349","86686079"
"21127","103081250","71488049"
"21128","103081266","103083490"
"21129","103081266","96093442"
"21130","103081837","104176906"
"21131","103082576","88625627"
"21132","103082576","92256843"
"21133","103082602","96098111"
"21134","103082602","88676517"
"21135","103082602","88625642"
"21136","103082602","96096875"
"21137","103082644","103491525"
"21138","103082644","92256129"
"21139","103083258","99977870"
"21140","103083258","96092314"
"21141","103083271","88669591"
"21142","103083271","92258055"
"21143","103083271","94202569"
"21144","103083872","96099175"
"21145","103083872","103080058"
"21146","103083873","96090760"
"21147","103083873","86685659"
"21148","103085629","88619140"
"21149","103085629","80118979"
"21150","103085750","97746954"
"21151","103085756","71482364"
"21152","103085873","103335128"
"21153","103085876","104173985"
"21154","103086354","103494345"
"21155","103086545","80127154"
"21156","103086546","103343531"
"21157","103086549","104171030"
"21158","103086552","96097716"
"21159","103086553","94196794"
"21160","103086599","88623367"
"21161","103086600","88676641"
"21162","103086693","69504463"
"21163","103086703","99972618"
"21164","103086703","86680085"
"21165","103086718","104171325"
"21166","103086718","104177467"
"21167","103086950","92436686"
"21168","103087015","92255715"
"21169","103087238","96095437"
"21170","103087443","92250829"
"21171","103087447","88619816"
"21172","103088032","103343625"
"21173","103088065","104170391"
"21174","103088065","97754168"
"21175","103088155","99972393"
"21176","103088246","78894071"
"21177","103088367","103335311"
"21178","103088431","71484937"
"21179","103088435","92252634"
"21180","103088898","99978412"
"21181","103088900","71483215"
"21182","103336320","80128513"
"21183","103336336","103494881"
"21184","103336336","71489269"
"21185","103336907","88621136"
"21186","103337646","92257498"
"21187","103337646","103495904"
"21188","103337672","104170227"
"21189","103337672","104177594"
"21190","103337672","99972191"
"21191","103337672","71485476"
"21192","103337714","104172807"
"21193","103337714","99971876"
"21194","103338328","86679598"
"21195","103338328","103344447"
"21196","103338341","86686313"
"21197","103338341","103343529"
"21198","103338341","88624765"
"21199","103338942","103081275"
"21200","103338942","92253964"
"21201","103338943","92252563"
"21202","103338943","78889696"
"21203","103340699","88671634"
"21204","103340699","86681914"
"21205","103340820","92251372"
"21206","103340826","96099184"
"21207","103340943","88673686"
"21208","103340946","92256637"
"21209","103341424","103340924"
"21210","103341615","86678440"
"21211","103341616","104172865"
"21212","103341619","97745971"
"21213","103341622","88673606"
"21214","103341623","103337171"
"21215","103341669","97749065"
"21216","103341670","104178116"
"21217","103341763","103336239"
"21218","103341773","92250097"
"21219","103341773","97746484"
"21220","103341788","88625593"
"21221","103341788","86686359"
"21222","103342020","80128535"
"21223","103342085","78891779"
"21224","103342308","88620107"
"21225","103342513","103336358"
"21226","103342517","104171237"
"21227","103343102","103342085"
"21228","103343135","88624291"
"21229","103343135","94203502"
"21230","103343225","94196772"
"21231","103343316","78892051"
"21232","103343437","94202939"
"21233","103343501","104172091"
"21234","103343505","103495274"
"21235","103343968","78892795"
"21236","103343970","71485348"
"21237","103491619","88677277"
"21238","103491635","103491667"
"21239","103491635","103340820"
"21240","103492206","94203001"
"21241","103492945","80129879"
"21242","103492945","71485360"
"21243","103492971","99972753"
"21244","103492971","103492017"
"21245","103492971","97751581"
"21246","103493013","88624216"
"21247","103493013","86678443"
"21248","103493627","96091629"
"21249","103493627","78896275"
"21250","103493640","97747811"
"21251","103493640","104177472"
"21252","103493640","78896181"
"21253","103493991","103088557"
"21254","103493991","99972491"
"21255","103494059","88678350"
"21256","103494065","71484962"
"21257","103494361","103493627"
"21258","103494533","88676389"
"21259","103494534","103086719"
"21260","103494537","86681057"
"21261","103494540","96097229"
"21262","103494541","103494650"
"21263","103494587","88677240"
"21264","103494588","96089013"
"21265","103494602","92440080"
"21266","103494612","88623516"
"21267","103494612","99972758"
"21268","103494627","103081495"
"21269","103494627","86685036"
"21270","103494767","88618412"
"21271","103494832","99971007"
"21272","103495087","103336360"
"21273","103495091","80125795"
"21274","103495431","103492018"
"21275","103495443","97754100"
"21276","103495510","80127090"
"21277","103495572","94197006"
"21278","103495576","103492916"
"21279","103495879","88676340"
"21280","103501535","104175868"
"21281","103501535","103086746"
"21282","103501560","92440509"
"21283","103501935","103082957"
"21284","103502433","104171492"
"21285","103502436","103492945"
"21286","103504176","104172647"
"21287","103504176","88669990"
"21288","103504177","80121238"
"21289","103504177","92444820"
"21290","104171394","103336365"
"21291","104171410","103083883"
"21292","104171410","80127091"
"21293","104171981","92253437"
"21294","104172720","71485361"
"21295","104172720","88674434"
"21296","104172746","86679602"
"21297","104172746","78890304"
"21298","104172746","88673279"
"21299","104172746","88671042"
"21300","104172746","97747789"
"21301","104172788","94202509"
"21302","104172788","80122086"
"21303","104173402","86685094"
"21304","104173402","104174755"
"21305","104173415","97746976"
"21306","104173415","97745879"
"21307","104173415","92446156"
"21308","104174016","99978368"
"21309","104174016","88619167"
"21310","104174017","80126183"
"21311","104174017","86686087"
"21312","104175773","86685027"
"21313","104175773","92251421"
"21314","104175894","71482624"
"21315","104175900","103494959"
"21316","104176017","71485525"
"21317","104176020","103335873"
"21318","104176498","69502165"
"21319","104176689","103086895"
"21320","104176690","92257876"
"21321","104176693","103495137"
"21322","104176696","80126381"
"21323","104176697","103491374"
"21324","104176743","96089131"
"21325","104176744","88671040"
"21326","104176837","80122187"
"21327","104176847","104177039"
"21328","104176847","104172666"
"21329","104176862","80126144"
"21330","104176862","92257691"
"21331","104177094","97745882"
"21332","104177159","96091606"
"21333","104177382","78895691"
"21334","104177587","103088444"
"21335","104177591","80125776"
"21336","104178176","104178388"
"21337","104178209","78896172"
"21338","104178209","80123835"
"21339","104178299","78889477"
"21340","104178390","69505428"
"21341","104178511","88671021"
"21342","104178575","92446256"
"21343","104178579","104178118"
"21344","104178596","86682180"
"21345","104179042","103495596"
"21346","104179044","104170386"
"21347","69499907","86684102"
"21348","69500732","103501856"
"21349","69500732","104176691"
"21350","69500732","94203988"
"21351","69500732","88673033"
"21352","69500732","94197084"
"21353","69500732","94196747"
"21354","69502222","69499696"
"21355","69502228","99972227"
"21356","69502228","96090825"
"21357","69502236","94196739"
"21358","69502292","88676549"
"21359","69502293","97748233"
"21360","69502293","103491923"
"21361","69502293","99971771"
"21362","69502293","96090865"
"21363","69502308","88669985"
"21364","69502618","103501609"
"21365","69502672","96091901"
"21366","69502679","80128425"
"21367","69502683","71488208"
"21368","69502692","103081513"
"21369","69502707","80121249"
"21370","69502707","94200451"
"21371","69502707","69499716"
"21372","69502844","94196748"
"21373","69503601","78895970"
"21374","69503631","96092623"
"21375","69503631","80126231"
"21376","69504828","92440280"
"21377","69504847","88678295"
"21378","69504850","80123798"
"21379","69504853","99977648"
"21380","69504854","94197428"
"21381","69504902","92439053"
"21382","69504903","103492871"
"21383","69505211","97747044"
"21384","69506566","99973399"
"21385","69507992","103340701"
"21386","69507993","92446084"
"21387","69722800","71487531"
"21388","69722801","86689118"
"21389","71484733","103491641"
"21390","71484895","103494620"
"21391","71484927","94199098"
"21392","71484965","78894481"
"21393","71484981","88618509"
"21394","71484981","103501604"
"21395","71485349","103341953"
"21396","71485349","86685783"
"21397","71485356","103081176"
"21398","71485360","78891197"
"21399","71485369","86686078"
"21400","71485401","103337549"
"21401","71485522","104177233"
"21402","71486313","103086602"
"21403","71486313","92447307"
"21404","71487140","103342675"
"21405","71487231","92251224"
"21406","71487231","88620319"
"21407","71487250","96098049"
"21408","71487250","92447212"
"21409","71487528","86678136"
"21410","71487529","99979362"
"21411","71487532","99978362"
"21412","71487535","103081246"
"21413","71487536","92440695"
"21414","71487584","94205902"
"21415","71487585","99972820"
"21416","71488036","71482404"
"21417","71488208","97747085"
"21418","71488211","103501690"
"21419","71489249","94202063"
"21420","71489249","92250218"
"21421","71489255","103081288"
"21422","71489256","96098173"
"21423","71489819","92258550"
"21424","72766152","88678298"
"21425","72766153","86685030"
"21426","72817383","88624410"
"21427","72817384","103335220"
"21428","78889453","78889759"
"21429","78889469","88625612"
"21430","78889469","88672408"
"21431","78890780","99978363"
"21432","78890780","80121547"
"21433","78890806","103086389"
"21434","78890806","94196839"
"21435","78891462","92439043"
"21436","78891462","103336545"
"21437","78891475","88621113"
"21438","78891475","71484976"
"21439","78892076","104171635"
"21440","78892077","86686775"
"21441","78892077","88675513"
"21442","78893835","96095982"
"21443","78894079","96090828"
"21444","78894082","88678251"
"21445","78894560","69499810"
"21446","78894751","78896181"
"21447","78894752","92447199"
"21448","78894755","103082585"
"21449","78894758","88671121"
"21450","78894759","88672584"
"21451","78894805","103085629"
"21452","78894806","104173922"
"21453","78894899","103491613"
"21454","78894909","103086904"
"21455","78894909","92251930"
"21456","78894924","103087725"
"21457","78894924","88672878"
"21458","78895221","103495093"
"21459","78895445","86686426"
"21460","78896241","88677237"
"21461","78896274","104177724"
"21462","78896455","97747031"
"21463","78896576","92439345"
"21464","78896640","92257409"
"21465","78896644","88672291"
"21466","78898899","103334910"
"21467","80118979","104170402"
"21468","80118979","99978381"
"21469","80118981","92251328"
"21470","80121236","99972274"
"21471","80121240","88625581"
"21472","80121304","103492259"
"21473","80121425","103340972"
"21474","80121606","80122821"
"21475","80121606","104172696"
"21476","80121639","88623446"
"21477","80122435","88678141"
"21478","80122659","94197151"
"21479","80122724","96096741"
"21480","80122956","92251662"
"21481","80122956","104176863"
"21482","80122971","104176937"
"21483","80122971","96096655"
"21484","80122981","86682014"
"21485","80123074","92250084"
"21486","80123075","103337621"
"21487","80123121","103087239"
"21488","80123122","103087631"
"21489","80123125","88619644"
"21490","80123128","103494832"
"21491","80123129","80125009"
"21492","80123320","88624410"
"21493","80123798","78894106"
"21494","80123801","103492918"
"21495","80123924","88673606"
"21496","80124045","92254231"
"21497","80124045","103086764"
"21498","80125803","88619389"
"21499","80125803","99974165"
"21500","80125804","103491520"
"21501","80126405","103342650"
"21502","80126405","97747225"
"21503","80126418","86686409"
"21504","80126418","104170400"
"21505","80127074","92439781"
"21506","80127074","88677494"
"21507","80127100","71488208"
"21508","80127100","92446233"
"21509","80128411","97747053"
"21510","80128411","99974275"
"21511","80128427","88618411"
"21512","86679582","86678378"
"21513","86679598","97752612"
"21514","86679598","103335330"
"21515","86680169","103080247"
"21516","86680909","80127082"
"21517","86680909","104176745"
"21518","86680935","92446124"
"21519","86680935","99980294"
"21520","86680935","92441678"
"21521","86680977","92258153"
"21522","86680977","88621277"
"21523","86681591","99980354"
"21524","86681591","69499697"
"21525","86681604","88623027"
"21526","86681604","80125802"
"21527","86682205","92446154"
"21528","86682206","86680927"
"21529","86682206","103081018"
"21530","86683963","69505435"
"21531","86683963","92443895"
"21532","86684084","103341974"
"21533","86684090","99978543"
"21534","86684207","104172096"
"21535","86684210","78888318"
"21536","86684688","99977638"
"21537","86684879","99977816"
"21538","86684880","96091075"
"21539","86684883","69499754"
"21540","86684886","103504362"
"21541","86684887","92251263"
"21542","86684933","104170224"
"21543","86684934","92439659"
"21544","86685027","103087605"
"21545","86685037","103336402"
"21546","86685037","94201877"
"21547","86685052","96097334"
"21548","86685052","69503376"
"21549","86685284","86679561"
"21550","86685349","99973332"
"21551","86685573","86679557"
"21552","86685779","97746690"
"21553","86686369","99978144"
"21554","86686402","104173145"
"21555","86686402","103086766"
"21556","86686492","94196673"
"21557","86686583","94196804"
"21558","86686704","99972007"
"21559","86686768","104177471"
"21560","86686772","88619116"
"21561","86689027","96097443"
"21562","86689029","96090973"
"21563","88616174","94198556"
"21564","88616174","99973600"
"21565","88616176","71484956"
"21566","88618431","92256636"
"21567","88618435","92446659"
"21568","88618499","103087790"
"21569","88618620","99972389"
"21570","88618711","103083585"
"21571","88618801","103337724"
"21572","88618801","69504054"
"21573","88618834","103338942"
"21574","88619630","94196776"
"21575","88619854","92252727"
"21576","88619919","96095558"
"21577","88620151","103494399"
"21578","88620151","103335883"
"21579","88620166","88675790"
"21580","88620166","78888041"
"21581","88620176","103494036"
"21582","88620269","103340926"
"21583","88620270","92257660"
"21584","88620316","94199663"
"21585","88620317","103495500"
"21586","88620320","78889358"
"21587","88620323","104178805"
"21588","88620324","104170298"
"21589","88620515","103496147"
"21590","88620993","69725006"
"21591","88620996","86686765"
"21592","88621119","92443568"
"21593","88621240","99973024"
"21594","88621240","99972978"
"21595","88622997","104171476"
"21596","88622997","88618396"
"21597","88622998","96090889"
"21598","88623599","71482770"
"21599","88623599","104178392"
"21600","88623612","78894759"
"21601","88623612","88626735"
"21602","88624268","97747834"
"21603","88624268","99972212"
"21604","88624268","103492849"
"21605","88624294","103494997"
"21606","88624294","92436596"
"21607","88625034","88623306"
"21608","88625605","88670544"
"21609","88625605","96097246"
"21610","88625621","88675656"
"21611","88671036","88618296"
"21612","88671052","103339067"
"21613","88671052","96099315"
"21614","88671623","104177048"
"21615","88672363","80122236"
"21616","88672363","104171614"
"21617","88672389","86679590"
"21618","88672389","103501793"
"21619","88672389","71489268"
"21620","88672431","78894567"
"21621","88672431","88620269"
"21622","88673045","99973648"
"21623","88673045","88623779"
"21624","88673058","88678212"
"21625","88673058","103341458"
"21626","88673058","88618200"
"21627","88673659","103088065"
"21628","88673660","103493023"
"21629","88673660","104174016"
"21630","88675417","69499788"
"21631","88675417","103087493"
"21632","88675538","88671786"
"21633","88675544","96099531"
"21634","88675661","88624208"
"21635","88675664","99975856"
"21636","88676142","92258062"
"21637","88676333","71486318"
"21638","88676334","78890782"
"21639","88676337","92253439"
"21640","88676340","103086906"
"21641","88676341","104172984"
"21642","88676387","103344222"
"21643","88676388","88673635"
"21644","88676481","94196777"
"21645","88676491","96088629"
"21646","88676491","86681229"
"21647","88676506","103491462"
"21648","88676506","103336371"
"21649","88676738","97755037"
"21650","88676803","97753472"
"21651","88677027","88677518"
"21652","88677233","96091051"
"21653","88677823","103338573"
"21654","88677856","88625645"
"21655","88677856","104176934"
"21656","88677946","103504423"
"21657","88678037","96096245"
"21658","88678158","92440518"
"21659","88678222","92444935"
"21660","88678226","86681014"
"21661","88680481","78898968"
"21662","88680483","96091607"
"21663","92251332","103336295"
"21664","92251348","103495261"
"21665","92251348","88622722"
"21666","92251919","96098098"
"21667","92252659","78895950"
"21668","92252659","104170405"
"21669","92252685","92252923"
"21670","92252685","88621239"
"21671","92252685","94202931"
"21672","92252727","103491651"
"21673","92252727","86680441"
"21674","92253341","92251996"
"21675","92253341","71485386"
"21676","92253354","103336718"
"21677","92253354","103491664"
"21678","92253354","88619635"
"21679","92253955","103493319"
"21680","92253955","103339179"
"21681","92253956","71490368"
"21682","92253956","80128430"
"21683","92255713","86681694"
"21684","92255713","103081637"
"21685","92255834","103492262"
"21686","92255840","104172204"
"21687","92255957","97754297"
"21688","92255960","103336299"
"21689","92256438","96098143"
"21690","92256629","88626869"
"21691","92256630","88623773"
"21692","92256633","103491990"
"21693","92256636","92256872"
"21694","92256637","92251662"
"21695","92256683","92256936"
"21696","92256684","86686127"
"21697","92256777","86684715"
"21698","92256787","103502433"
"21699","92256787","97746923"
"21700","92256802","103341620"
"21701","92256802","99978486"
"21702","92257034","99972115"
"21703","92257099","86684681"
"21704","92257323","94206276"
"21705","92258119","78894916"
"21706","92258152","78894107"
"21707","92258152","86682018"
"21708","92258242","69505205"
"21709","92258333","97747011"
"21710","92258454","103340826"
"21711","92258518","88616105"
"21712","92258522","88625646"
"21713","92260433","96090893"
"21714","92436720","92445844"
"21715","92438975","88678147"
"21716","92438979","103085873"
"21717","92439043","69504902"
"21718","92439164","92253343"
"21719","92439255","97753518"
"21720","92439345","99975036"
"21721","92439345","71488111"
"21722","92439378","88618359"
"21723","92440174","86679598"
"21724","92440398","69499742"
"21725","92440695","88678213"
"21726","92440695","96090664"
"21727","92440710","86684730"
"21728","92440710","92254692"
"21729","92440720","103336301"
"21730","92440813","99978410"
"21731","92440814","103344379"
"21732","92440860","88677376"
"21733","92440861","103504168"
"21734","92440864","103495057"
"21735","92440867","103085768"
"21736","92440868","103086766"
"21737","92441059","96099244"
"21738","92441657","97754732"
"21739","92441663","103495631"
"21740","92441784","103088356"
"21741","92441784","103494485"
"21742","92443541","96095493"
"21743","92443541","78895088"
"21744","92443542","103494727"
"21745","92444143","80123072"
"21746","92444143","97747037"
"21747","92444156","71488113"
"21748","92444156","88623270"
"21749","92444770","104177885"
"21750","92444770","78895644"
"21751","92444812","94197351"
"21752","92444812","88677028"
"21753","92444812","97747353"
"21754","92444838","86679632"
"21755","92444838","103336565"
"21756","92445578","86682443"
"21757","92446149","86681229"
"21758","92446149","71482466"
"21759","92446165","96095462"
"21760","94196764","80126517"
"21761","94196780","99971177"
"21762","94196780","96088930"
"21763","94197351","86685094"
"21764","94198091","104179101"
"21765","94198091","69503234"
"21766","94198117","97751610"
"21767","94198117","97747317"
"21768","94198117","69499727"
"21769","94198159","69505152"
"21770","94198159","97747231"
"21771","94198773","80121250"
"21772","94198773","94202756"
"21773","94198786","94201873"
"21774","94198786","104173708"
"21775","94198786","99978550"
"21776","94199387","88624073"
"21777","94199387","103081231"
"21778","94199388","104176696"
"21779","94199388","103086553"
"21780","94201145","103495505"
"21781","94201145","88677552"
"21782","94201266","103342659"
"21783","94201272","88677815"
"21784","94201389","94196758"
"21785","94201392","88624597"
"21786","94201870","94198876"
"21787","94202061","96096756"
"21788","94202062","86679835"
"21789","94202065","94204023"
"21790","94202068","78894675"
"21791","94202069","92439163"
"21792","94202115","86682447"
"21793","94202116","88621101"
"21794","94202209","103088900"
"21795","94202219","80123924"
"21796","94202219","103492997"
"21797","94202234","103081298"
"21798","94202234","69504847"
"21799","94202466","104171499"
"21800","94202531","99976645"
"21801","94202755","88627033"
"21802","94202961","92252545"
"21803","94202965","103491925"
"21804","94203551","69499651"
"21805","94203584","96091919"
"21806","94203584","103086884"
"21807","94203674","71489886"
"21808","94203765","86685839"
"21809","94203886","88618902"
"21810","94203950","104176189"
"21811","94203954","69499684"
"21812","94205865","104175894"
"21813","96090825","104172103"
"21814","96091369","92445324"
"21815","96092338","86679144"
"21816","96092482","78894443"
"21817","96092570","96095710"
"21818","96092570","92441537"
"21819","96092574","88675664"
"21820","96092574","94199381"
"21821","96092576","92447279"
"21822","96092576","94199079"
"21823","96092576","103491636"
"21824","96092979","88677763"
"21825","96093060","104171422"
"21826","96093602","86685560"
"21827","96094453","96090762"
"21828","96094744","86685662"
"21829","96094746","96098001"
"21830","96095892","94202278"
"21831","96096682","96093612"
"21832","96096733","104173297"
"21833","96096789","86679827"
"21834","96096790","97754516"
"21835","96096823","78895951"
"21836","96096857","103504170"
"21837","96096857","86685559"
"21838","96097231","96097966"
"21839","96097436","103083305"
"21840","96097447","92251976"
"21841","96098086","92251336"
"21842","96098086","94198019"
"21843","96098086","71484922"
"21844","96098090","103338333"
"21845","96098090","88619076"
"21846","96098090","104176873"
"21847","96098172","99971759"
"21848","96099539","104173039"
"21849","96099539","103490503"
"21850","97746894","96092304"
"21851","97746976","103339678"
"21852","97746976","103083904"
"21853","97746976","92257672"
"21854","97746980","92251385"
"21855","97746980","99978389"
"21856","97746980","103336339"
"21857","97747619","97751618"
"21858","97747630","99980294"
"21859","97747835","103081267"
"21860","97748207","97754236"
"21861","97748208","103080318"
"21862","97748208","88618445"
"21863","97748242","86679834"
"21864","97748275","96096790"
"21865","97748276","92257412"
"21866","97748383","104171219"
"21867","97749173","97754237"
"21868","97750319","96099347"
"21869","97750321","71484909"
"21870","97750612","103341547"
"21871","97751462","97751929"
"21872","97752004","88624954"
"21873","97752085","97753986"
"21874","97752488","88675556"
"21875","97752488","103086788"
"21876","97752488","104172583"
"21877","97752490","103336320"
"21878","97752490","80123127"
"21879","97752494","92251551"
"21880","97752494","103081638"
"21881","97752582","103491623"
"21882","97752726","88677269"
"21883","97753692","80122913"
"21884","97754236","86685967"
"21885","99972084","71484966"
"21886","99972166","94197084"
"21887","99972166","96095436"
"21888","99972166","104171420"
"21889","99972170","103336583"
"21890","99972170","88623380"
"21891","99972170","94197407"
"21892","99972809","80123798"
"21893","99972820","103082461"
"21894","99973025","71482659"
"21895","99973397","97745935"
"21896","99973397","92444691"
"21897","99973398","103336540"
"21898","99973398","103339073"
"21899","99973432","103081248"
"21900","99973465","103343320"
"21901","99973466","71489822"
"21902","99973573","86678137"
"21903","99974363","97752790"
"21904","99975509","86681825"
"21905","99975511","97746985"
"21906","99975802","99979363"
"21907","99976652","71486983"
"21908","99977194","88618902"
"21909","99977275","88620016"
"21910","99977678","88625609"
"21911","99977678","78889706"
"21912","99977678","103083711"
"21913","99977680","94201988"
"21914","99977680","103492955"
"21915","99977684","78893939"
"21916","99977684","88624294"
"21917","99977772","97751541"
"21918","99977916","80128187"
"21919","99978362","97754703"
"21920","99978366","78894407"
"21921","99978882","103336326"
"21922","99979426","99973469"
"21923","103080271","99973467"
"21924","103081224","94203585"
"21925","103081224","88626855"
"21926","103081224","71486633"
"21927","103081224","92256967"
"21928","103081795","80121708"
"21929","103081795","92439668"
"21930","103083570","94197162"
"21931","103335341","80124805"
"21932","103336294","80128401"
"21933","103336294","103340699"
"21934","103336294","80126212"
"21935","103336294","92441043"
"21936","103336865","96088917"
"21937","103336865","92252779"
"21938","103338640","103342520"
"21939","103490640","78893836"
"21940","103491593","103336324"
"21941","103491593","104171491"
"21942","103491593","103081156"
"21943","103491593","97754150"
"21944","103492164","88676673"
"21945","103492164","103083858"
"21946","103504479","92446133"
"21947","104170415","97749604"
"21948","104171368","96096682"
"21949","104171368","92444831"
"21950","104171368","97749294"
"21951","104171368","97747035"
"21952","104171939","92441663"
"21953","104171939","92253354"
"21954","104173714","88619418"
"21955","69500875","103501511"
"21956","69502261","103081290"
"21957","69502261","71485809"
"21958","69722437","103086728"
"21959","69722457","104170913"
"21960","69722457","103337530"
"21961","69722459","92440651"
"21962","69722540","92253515"
"21963","69725005","69504855"
"21964","71483548","92256822"
"21965","71484934","88616121"
"21966","71484934","94198161"
"21967","71484934","92260343"
"21968","72763949","92255952"
"21969","72766413","88620825"
"21970","72766494","88672432"
"21971","72766496","103493640"
"21972","72766496","92252563"
"21973","72766516","80128453"
"21974","72815276","88625613"
"21975","72817644","80121426"
"21976","72817725","97746974"
"21977","72817727","80122791"
"21978","72817727","99979383"
"21979","72817747","88673647"
"21980","78889427","92251343"
"21981","78889427","80128431"
"21982","78889427","92251251"
"21983","78889427","86686895"
"21984","78889998","65984846"
"21985","80127882","94198159"
"21986","80128453","92258646"
"21987","80128453","103081489"
"21988","80128453","99972819"
"21989","80128453","88676341"
"21990","86678561","92253516"
"21991","86679556","80125854"
"21992","86679556","96091828"
"21993","86679556","99974798"
"21994","86679556","88621146"
"21995","86680127","71487586"
"21996","86680127","94203269"
"21997","86681903","80123675"
"21998","88623300","103491517"
"21999","88625076","97751582"
"22000","88625076","88670928"
"22001","88625647","99976819"
"22002","88625647","94199018"
"22003","88625647","92252187"
"22004","88625647","86686402"
"22005","88670015","103493166"
"22006","88671010","97749292"
"22007","88671010","88620104"
"22008","88671010","92258051"
"22009","88671010","92440344"
"22010","88671581","104179110"
"22011","88671581","92440649"
"22012","88673357","103081500"
"22013","92250311","97748308"
"22014","92251306","92440559"
"22015","92251306","78895270"
"22016","92251306","78894560"
"22017","92251306","88622967"
"22018","92251877","104174004"
"22019","92251877","97747197"
"22020","92253653","103491130"
"22021","92445620","104173732"
"22022","92445620","92436665"
"22023","92446191","97747039"
"22024","92446191","96093478"
"22025","92446191","71482314"
"22026","92446191","88671887"
"22027","92447186","104175773"
"22028","94195744","97752493"
"22029","94196738","96097278"
"22030","94196738","104178024"
"22031","94196738","103341782"
"22032","94196738","97749090"
"22033","94197309","96090958"
"22034","94197309","88620157"
"22035","94199085","92250190"
"22036","96091300","72764972"
"22037","96097448","103493052"
"22038","96097488","103337716"
"22039","96097488","97749839"
"22040","96097488","103342483"
"22041","96098091","103490621"
"22042","96098091","92252189"
"22043","96098091","104171407"
"22044","96098092","80122778"
"22045","96098092","103088662"
"22046","96098092","103491882"
"22047","97746974","104176932"
"22048","97746974","86686098"
"22049","97746974","103081503"
"22050","97746975","99974409"
"22051","97746975","99973021"
"22052","97746975","103081149"
"22053","97747578","103492006"
"22054","97747578","92255985"
"22055","97747578","103493723"
"22056","97747618","88677013"
"22057","97753761","92251238"
"22058","99972164","104179044"
"22059","99972164","99979291"
"22060","99972164","103083872"
"22061","99972165","80129478"
"22062","99972165","80126088"
"22063","99972165","80121424"
"22064","99972768","103082350"
"22065","99972768","80123499"
"22066","99972768","103089154"
"22067","99972808","99972428"
"22068","99978951","80122222"
"22069","103081237","86678538"
"22070","103088366","104177772"
"22071","103336307","103335311"
"22072","103343436","103087298"
"22073","103491606","97746964"
"22074","103495509","88619384"
"22075","104171381","99971780"
"22076","104178510","92252727"
"22077","69502843","103337617"
"22078","71485521","96096245"
"22079","78896575","97754567"
"22080","80121305","86685568"
"22081","86686703","103082461"
"22082","88618500","67694250"
"22083","88678157","103088071"
"22084","92251319","86684936"
"22085","92258453","97753490"
"22086","92439044","80127100"
"22087","94196751","88676785"
"22088","94203885","92446146"
"22089","96090775","78896463"
"22090","96091036","103343514"
"22091","96098100","94197135"
"22092","96098161","97745809"
"22093","97746905","88672289"
"22094","97746966","88618405"
"22095","97754025","103338965"
"22096","97754284","103086546"
"22097","99972095","88677268"
"22098","99972156","103501531"
"22099","99979215","92252979"
"22100","99979474","99972236"
"22101","96090770","86685662"
"22102","96090770","88676342"
"22103","96090773","103495600"
"22104","97753827","94195731"
"22105","97754286","97745879"
"22106","97754289","92446146"
"22107","97754289","103503939"
"22108","99979017","104178113"
"22109","99979476","71485811"
"22110","99979479","94205865"
"22111","99979479","94201373"
"22112","103081553","88671117"
"22113","103082560","103343039"
"22114","103083682","103087628"
"22115","103083682","88677421"
"22116","103083682","88625300"
"22117","103086695","71489289"
"22118","103086695","86680812"
"22119","103336623","96097670"
"22120","103337630","92446068"
"22121","103338752","99974502"
"22122","103338752","80121315"
"22123","103338752","88678159"
"22124","103341765","96090963"
"22125","103341765","88623493"
"22126","103491922","88672333"
"22127","103492929","96091581"
"22128","103494604","103086552"
"22129","103494604","86684060"
"22130","103504367","86678170"
"22131","103504367","71482346"
"22132","103504367","80122981"
"22133","104171697","96096379"
"22134","104172704","80122338"
"22135","104173826","94197976"
"22136","104173826","99978235"
"22137","104173826","96095748"
"22138","104176839","92252188"
"22139","104176839","104177218"
"22140","69502614","78889362"
"22141","69502659","104171499"
"22142","69503615","97751622"
"22143","69722434","96092010"
"22144","71485290","78889775"
"22145","71485336","88619854"
"22146","71485336","96091611"
"22147","71486297","103491621"
"22148","72766519","92252762"
"22149","72817750","104176025"
"22150","78889756","92447369"
"22151","78890764","86686796"
"22152","78891886","104171398"
"22153","78891886","104175900"
"22154","78894901","103335332"
"22155","78894901","94198355"
"22156","80122979","88625729"
"22157","80122979","88676684"
"22158","80125994","78888218"
"22159","80125994","80126054"
"22160","80125994","103338341"
"22161","80128124","92252545"
"22162","86679885","78889479"
"22163","86682015","92253622"
"22164","86682015","94199381"
"22165","86682015","103086175"
"22166","86685029","78891649"
"22167","86685029","96091309"
"22168","88620174","92253440"
"22169","88620174","97753480"
"22170","88623188","99972203"
"22171","88623188","103341775"
"22172","88623188","92251258"
"22173","88624310","92260342"
"22174","88625318","99970768"
"22175","88671339","92258245"
"22176","88672347","99972194"
"22177","88673469","103086347"
"22178","88673469","92445309"
"22179","88673469","96088952"
"22180","88676483","103081551"
"22181","88676483","92444060"
"22182","92251635","104171715"
"22183","92252643","99973600"
"22184","92253765","86682942"
"22185","92253765","103083304"
"22186","92253765","69505220"
"22187","92256779","92253658"
"22188","92256779","71484963"
"22189","92440718","97754285"
"22190","92440718","99972761"
"22191","92443732","104178931"
"22192","92443732","92440701"
"22193","92443732","94200451"
"22194","92445862","103337172"
"22195","94197067","92260820"
"22196","94198075","103083246"
"22197","94199197","92256638"
"22198","94199197","103495513"
"22199","94199197","92257408"
"22200","94202211","94196728"
"22201","94202211","78896494"
"22202","96090975","86680441"
"22203","96098113","103083358"
"22204","96098113","86679478"
"22205","96098113","92257115"
"22206","96098113","99974794"
"22207","97746953","103341808"
"22208","97746953","99977679"
"22209","97746953","88677760"
"22210","97746953","94195536"
"22211","97754086","99972114"
"22212","99972143","99971674"
"22213","99972143","104176906"
"22214","99972143","104171485"
"22215","99972143","103085725"
"22216","99979276","92444901"
"22217","103079881","103341831"
"22218","103079881","103337651"
"22219","103081720","99970759"
"22220","103082559","94203244"
"22221","103087970","80127586"
"22222","103088331","104172667"
"22223","103088331","88671081"
"22224","103088331","103338431"
"22225","103088331","88625603"
"22226","103088331","103342517"
"22227","103088336","99978499"
"22228","103334951","88673277"
"22229","103334951","80127620"
"22230","103336790","104173946"
"22231","103337629","86682442"
"22232","103343040","88622280"
"22233","103343401","86679558"
"22234","103343401","94201907"
"22235","103343401","103338784"
"22236","103343401","97747456"
"22237","103343401","80127126"
"22238","103343406","103087580"
"22239","103490250","97749293"
"22240","103490250","94202066"
"22241","103492089","103501603"
"22242","103492928","103086547"
"22243","103501331","96096823"
"22244","103501336","78898899"
"22245","103501336","99973222"
"22246","103501336","99973384"
"22247","103501336","96090975"
"22248","103501606","72766496"
"22249","104170025","103492955"
"22250","104170025","103493014"
"22251","104171864","88620474"
"22252","104172703","103495059"
"22253","104178114","103336918"
"22254","104178475","97749221"
"22255","104178475","92252728"
"22256","104178475","97749862"
"22257","104178475","88671012"
"22258","104178475","99978406"
"22259","104178480","80123306"
"22260","67693810","96092605"
"22261","69500336","94203494"
"22262","69503614","94205899"
"22263","69505708","71484971"
"22264","69505708","96093611"
"22265","69722432","104174025"
"22266","69722433","88620323"
"22267","69722433","71485377"
"22268","71482662","86679560"
"22269","71483001","80127097"
"22270","71486296","94198312"
"22271","71488394","80122912"
"22272","71488394","88619278"
"22273","71489823","86679882"
"22274","72766520","71485935"
"22275","72766520","88677857"
"22276","72766521","92444323"
"22277","72817751","103338947"
"22278","72817751","99979174"
"22279","72817752","104178391"
"22280","78888040","103491594"
"22281","78888040","96091999"
"22282","78889923","88627188"
"22283","78890763","97745570"
"22284","78896179","80122103"
"22285","78896540","96096948"
"22286","78896540","71484877"
"22287","78896540","92257318"
"22288","80121335","88620174"
"22289","80121340","78895110"
"22290","80121340","103341766"
"22291","80121340","97747046"
"22292","80121340","92439806"
"22293","80121340","71484959"
"22294","80121701","80122181"
"22295","80127117","94195734"
"22296","80127957","80122338"
"22297","80129840","99972113"
"22298","80129840","88673231"
"22299","86678169","78890750"
"22300","86678169","99976808"
"22301","86680052","99972145"
"22302","86680892","88678087"
"22303","86686307","88626824"
"22304","86686668","94195353"
"22305","86686668","80125023"
"22306","86686668","88619168"
"22307","86686668","94201147"
"22308","86686668","103495088"
"22309","86686668","80122235"
"22310","86686673","86685188"
"22311","88618530","88672431"
"22312","88618535","92256842"
"22313","88618535","103501939"
"22314","88618535","99974777"
"22315","88618535","94199078"
"22316","88618535","92251251"
"22317","88618535","103494037"
"22318","88618896","104172667"
"22319","88624311","92253765"
"22320","88625151","96097501"
"22321","88627034","104172721"
"22322","88627034","86679091"
"22323","88669623","92258519"
"22324","88669623","92251373"
"22325","88671506","92446123"
"22326","88672346","92254192"
"22327","88677761","99979427"
"22328","88678122","92258057"
"22329","88678122","94202209"
"22330","88678122","97748083"
"22331","88678122","92445313"
"22332","88678122","80122223"
"22333","88678122","96098112"
"22334","88678127","88625373"
"22335","92249920","103085733"
"22336","92249920","96092290"
"22337","92251802","96097488"
"22338","92252642","88618797"
"22339","92258057","72817668"
"22340","92258418","69504520"
"22341","92258418","92251413"
"22342","92258418","69500592"
"22343","92258418","59668287"
"22344","92258423","97752522"
"22345","92439074","99973465"
"22346","92439079","103336239"
"22347","92439079","96098070"
"22348","92439079","103336284"
"22349","92439079","103338500"
"22350","92439440","104171623"
"22351","92444855","96097866"
"22352","92445695","103087416"
"22353","92447578","80121882"
"22354","92447578","78895101"
"22355","94195353","92444912"
"22356","94195353","88676180"
"22357","94197234","88624391"
"22358","94198074","104173039"
"22359","94203489","96090885"
"22360","94203850","80125989"
"22361","94203850","88625605"
"22362","94203850","86686307"
"22363","94203850","69502715"
"22364","94203855","80122605"
"22365","96092100","88677755"
"22366","96092110","103087447"
"22367","96092111","99978349"
"22368","96092439","103081948"
"22369","96092439","80127828"
"22370","96092577","78890097"
"22371","96093706","97752475"
"22372","96093762","69505727"
"22373","96095655","78895998"
"22374","96095655","78896576"
"22375","96096065","104176909"
"22376","96096065","86687005"
"22377","96096691","88673659"
"22378","96096691","97751585"
"22379","96096692","103336539"
"22380","96096692","92446145"
"22381","96096758","103493664"
"22382","96096758","78890798"
"22383","96096759","103335828"
"22384","96096760","80127288"
"22385","96097604","97749247"
"22386","96097617","103085839"
"22387","96097700","78896768"
"22388","96098114","103338365"
"22389","96098114","103083445"
"22390","96098114","103494611"
"22391","96098182","99971237"
"22392","96098182","103088367"
"22393","96098182","96095833"
"22394","96099498","88669623"
"22395","96099498","80127174"
"22396","97745610","103493632"
"22397","97745610","80127095"
"22398","97746884","88620316"
"22399","97746884","78889349"
"22400","97746884","71484802"
"22401","97746952","92446132"
"22402","97746952","71489771"
"22403","97746952","86685036"
"22404","97747366","97746615"
"22405","97747449","86682446"
"22406","97747462","96096790"
"22407","97748305","99972432"
"22408","97748306","80121428"
"22409","97748307","94195517"
"22410","97748307","88625692"
"22411","97748373","92257500"
"22412","97748373","86680793"
"22413","97748374","72817726"
"22414","97748374","92258518"
"22415","97749000","80127756"
"22416","97749000","88671879"
"22417","97749410","88621119"
"22418","97749410","97745792"
"22419","97749606","92252737"
"22420","97751358","97754536"
"22421","97752487","88620173"
"22422","97752625","86679497"
"22423","97752625","88669996"
"22424","97752952","94203974"
"22425","97752953","99971076"
"22426","97752963","94203488"
"22427","99970800","80122260"
"22428","99970800","97746583"
"22429","99972074","92260602"
"22430","99972074","86679148"
"22431","99972074","80118910"
"22432","99972142","71486215"
"22433","99972142","104171316"
"22434","99972142","104177730"
"22435","99972556","88673568"
"22436","99972639","99978334"
"22437","99972652","103335845"
"22438","99973495","71487584"
"22439","99973496","103341809"
"22440","99973497","104178113"
"22441","99973497","96092431"
"22442","99973563","103496101"
"22443","99973563","94196987"
"22444","99973564","103087742"
"22445","99973564","104171098"
"22446","99974190","92250281"
"22447","99974190","99972543"
"22448","99974600","103495510"
"22449","99974600","80125038"
"22450","99976548","94197010"
"22451","99977677","69502055"
"22452","99977815","97748413"
"22453","99977815","88680348"
"22454","99978142","103343212"
"22455","99978143","71487202"
"22456","99978153","88672786"
"22457","103081223","103338942"
"22458","103081223","71485005"
"22459","103081223","86684333"
"22460","103081223","92440530"
"22461","103081546","92447303"
"22462","103081546","80128131"
"22463","103081833","104171388"
"22464","103081833","94197348"
"22465","103336293","103338316"
"22466","103336293","69502091"
"22467","103336293","97753753"
"22468","103336293","94196783"
"22469","103336616","78888408"
"22470","103336616","88673660"
"22471","103336903","104173303"
"22472","103336903","99976644"
"22473","103491592","92440095"
"22474","103491592","104184736"
"22475","103491592","94199367"
"22476","103491592","80121243"
"22477","103491915","97747222"
"22478","103491915","97746957"
"22479","103492202","69502614"
"22480","103492202","103080153"
"22481","104171367","103490503"
"22482","104171367","69502950"
"22483","104171367","103086381"
"22484","104171367","103336992"
"22485","104171690","86681374"
"22486","104171690","92446188"
"22487","104171977","69505432"
"22488","104171977","103342294"
"22489","69502260","94197980"
"22490","69502260","88677022"
"22491","69502260","103338928"
"22492","69722521","104172788"
"22493","71483213","103495147"
"22494","71484933","96096789"
"22495","71484933","94199302"
"22496","71484933","88671432"
"22497","71484933","78889470"
"22498","71485279","88624291"
"22499","71485279","88676781"
"22500","72766432","69502290"
"22501","72817663","78887997"
"22502","78889426","96096612"
"22503","78889426","97747462"
"22504","78889426","86686909"
"22505","78889426","86678348"
"22506","78889749","94202961"
"22507","78889749","86686673"
"22508","78890036","71484896"
"22509","80127844","88623306"
"22510","80128131","104172807"
"22511","80128131","103087022"
"22512","80128454","88625372"
"22513","80128454","86685070"
"22514","80128454","94201399"
"22515","80128454","86685099"
"22516","86679555","96090911"
"22517","86679555","88676819"
"22518","86679555","92438971"
"22519","86679555","92439252"
"22520","86679878","104178572"
"22521","86679878","92438981"
"22522","86680165","99979794"
"22523","86680165","88676333"
"22524","88625038","88676658"
"22525","88625038","103495508"
"22526","88625325","78894924"
"22527","88625325","97753344"
"22528","88625648","96092244"
"22529","88625648","88625299"
"22530","88625648","69502834"
"22531","88625648","88618800"
"22532","88671009","92446157"
"22533","88671009","97746975"
"22534","88671009","94199389"
"22535","88671009","78889841"
"22536","88671332","94202280"
"22537","88671332","103087964"
"22538","88671619","99979360"
"22539","88671619","88671077"
"22540","92251305","88622263"
"22541","92251305","99971098"
"22542","92251305","103083875"
"22543","92251305","80122909"
"22544","92251628","80124043"
"22545","92251628","69502827"
"22546","92251915","103338911"
"22547","92445582","92251348"
"22548","92445869","71485855"
"22549","92445869","94197162"
"22550","92446192","92443922"
"22551","92446192","92253387"
"22552","92446192","103086710"
"22553","92446192","92439388"
"22554","94196737","86684236"
"22555","94196737","94197571"
"22556","94196737","99980215"
"22557","94196737","103082514"
"22558","94197060","96097689"
"22559","94197060","71487398"
"22560","94197347","88619431"
"22561","94197347","80128126"
"22562","96092974","92446076"
"22563","96092978","92251341"
"22564","96098093","94197616"
"22565","96098093","104171690"
"22566","96098093","103090215"
"22567","96098093","99973498"
"22568","97746973","86685216"
"22569","97746973","71486736"
"22570","97746973","88671291"
"22571","97746973","96093466"
"22572","97752086","88669922"
"22573","97752090","103336324"
"22574","99972163","103494534"
"22575","99972163","71483545"
"22576","99972163","103337616"
"22577","99972163","92444862"
"22578","99977276","103088159"
"22579","99977280","92444760"
"22580","103083869","103491837"
"22581","103338939","103343640"
"22582","103504180","71491095"
"22583","104174013","103087982"
"22584","69722453","103336560"
"22585","69722454","69499709"
"22586","69722454","103088074"
"22587","69722454","78893974"
"22588","69722494","104171368"
"22589","69722494","88676170"
"22590","69722494","80122723"
"22591","69722500","97754098"
"22592","69722520","92255936"
"22593","69722535","88675627"
"22594","69722536","99979380"
"22595","69722536","97751568"
"22596","69722536","97752953"
"22597","69722807","104171660"
"22598","69724503","88619237"
"22599","69724504","103340909"
"22600","69725002","86681014"
"22601","71488521","88676265"
"22602","72763952","80121307"
"22603","72764450","86684886"
"22604","72764451","80121167"
"22605","72766146","96092573"
"22606","72766417","103492929"
"22607","72766417","88618501"
"22608","72766417","92251915"
"22609","72766418","78890640"
"22610","72766433","103495909"
"22611","72766453","94201146"
"22612","72766459","78894968"
"22613","72766459","96099530"
"22614","72766459","88618621"
"22615","72766499","103336573"
"22616","72766499","103340965"
"22617","72766499","86686916"
"22618","72766500","78896733"
"22619","72815279","103089067"
"22620","72815681","86679845"
"22621","72815682","103337674"
"22622","72817377","96094727"
"22623","72817648","92446133"
"22624","72817648","92444912"
"22625","72817648","78894251"
"22626","72817649","80129662"
"22627","72817664","92439446"
"22628","72817684","104177613"
"22629","72817690","97749603"
"22630","72817690","103336301"
"22631","72817690","104173766"
"22632","72817730","99977804"
"22633","72817730","80123202"
"22634","72817730","97745792"
"22635","72817731","99973429"
"22636","78892073","94195553"
"22637","80125807","99972415"
"22638","86682202","104171368"
"22639","88623001","86683964"
"22640","88673656","88676857"
"22641","92253952","97752099"
"22642","92443545","97747012"
"22643","94199384","103083564"
"22644","96090976","97749636"
"22645","96091089","88669801"
"22646","96092733","96098075"
"22647","96093099","94197068"
"22648","96093099","71487510"
"22649","97751965","71486197"
"22650","97751965","80121512"
"22651","97752331","92256788"
"22652","97753972","88678036"
"22653","97754085","71488170"
"22654","99977155","80129539"
"22655","99977155","103083979"
"22656","99977521","71488108"
"22657","99979162","97753064"
"22658","99979275","96091902"
"22659","103087182","94203886"
"22660","103342252","71482621"
"22661","104177326","103342394"
"22662","61683053","92440360"
"22663","67695900","71484897"
"22664","78895389","103502020"
"22665","80122491","88677552"
"22666","86685517","96090976"
"22667","88619686","104184405"
"22668","88676971","86681908"
"22669","92257267","103337732"
"22670","94202699","104173143"
"22671","96090900","103083899"
"22672","96090996","103342947"
"22673","96091001","99971890"
"22674","96091001","72815681"
"22675","96091001","104170395"
"22676","96091001","88619077"
"22677","96092152","104178303"
"22678","96092624","94198064"
"22679","96092624","104177581"
"22680","96098071","88677124"
"22681","96098071","80121882"
"22682","96098157","103341618"
"22683","96098157","92250221"
"22684","97746909","94198508"
"22685","97746909","72764450"
"22686","97746995","80123835"
"22687","97746995","69508390"
"22688","97752440","88677581"
"22689","97752440","103337593"
"22690","97754060","99977276"
"22691","97754060","104171616"
"22692","97754060","94197615"
"22693","97754060","97746992"
"22694","97754065","103081720"
"22695","97754161","94203772"
"22696","99972099","80121910"
"22697","99972099","88671056"
"22698","99972185","92441678"
"22699","99972185","80128346"
"22700","99977630","72766458"
"22701","99977630","103087487"
"22702","99979250","99979169"
"22703","99979250","71487145"
"22704","99979250","88672294"
"22705","99979250","97748148"
"22706","99979250","86685218"
"22707","99979255","72766433"
"22708","99979351","92253957"
"22709","99979819","94199410"
"22710","103082456","103502455"
"22711","103086692","104173966"
"22712","103086692","103503939"
"22713","103086692","103491640"
"22714","103086694","99973563"
"22715","103086894","94197975"
"22716","103086894","78892822"
"22717","103087962","92446147"
"22718","103087962","88673425"
"22719","103088659","92253952"
"22720","103088660","78894899"
"22721","103337526","78895838"
"22722","103341762","71484978"
"22723","103341762","99973574"
"22724","103341762","97752457"
"22725","103341764","103501504"
"22726","103341964","88677857"
"22727","103341964","86679481"
"22728","103343032","71484989"
"22729","103343032","88625234"
"22730","103343729","103342483"
"22731","103343730","61773730"
"22732","103492825","103343042"
"22733","103494601","92439435"
"22734","103494601","99979706"
"22735","103494601","103335967"
"22736","103494603","103082583"
"22737","103494726","96096741"
"22738","103494726","103088969"
"22739","103501243","99973497"
"22740","103501244","69507124"
"22741","103501614","80122228"
"22742","103501614","88618614"
"22743","104172600","103494696"
"22744","104176836","97745907"
"22745","104176836","88677112"
"22746","104176836","103504368"
"22747","104176838","97746905"
"22748","104177038","92257148"
"22749","104177038","96097998"
"22750","104178106","88619779"
"22751","104178106","71485809"
"22752","104178803","88676803"
"22753","104178804","103342513"
"22754","67692882","103336544"
"22755","67693045","104175774"
"22756","69502658","103343144"
"22757","69502670","88677121"
"22758","69502670","78891830"
"22759","69502670","103080730"
"22760","69502833","96096948"
"22761","69502833","99977682"
"22762","69503511","104171412"
"22763","71485335","88672340"
"22764","71485347","86684067"
"22765","71485347","94198775"
"22766","71485347","86686495"
"22767","71485511","88625555"
"22768","71485511","97747571"
"22769","71486193","103504148"
"22770","71489834","96098123"
"22771","71489834","78891464"
"22772","78890660","88620159"
"22773","78894898","88677494"
"22774","78894898","92258644"
"22775","78894898","80122791"
"22776","78894900","78895103"
"22777","78895100","94205923"
"22778","78895100","92439683"
"22779","78896171","92440560"
"22780","78896171","104171286"
"22781","80121009","86685748"
"22782","80121010","88671278"
"22783","80121709","103080057"
"22784","80121709","78894220"
"22785","80122780","103088460"
"22786","80122780","92252644"
"22787","80122980","78894966"
"22788","80122982","96095891"
"22789","80122982","88618419"
"22790","80122982","103492462"
"22791","80127220","97748277"
"22792","86680789","71485209"
"22793","86685026","97747565"
"22794","86685026","88676184"
"22795","86685026","96092110"
"22796","86685028","104176900"
"22797","86685228","80127126"
"22798","86685228","80121972"
"22799","86686299","86680846"
"22800","86686299","103335845"
"22801","86686998","96099118"
"22802","86686999","78889773"
"22803","88618204","86680169"
"22804","88618205","92249887"
"22805","88618904","88676554"
"22806","88618904","96099290"
"22807","88619975","92251346"
"22808","88619975","80122229"
"22809","88620175","78891560"
"22810","88620177","97746955"
"22811","88620177","103493615"
"22812","88620177","80123128"
"22813","88624414","104176379"
"22814","88672243","80122067"
"22815","88676480","94202529"
"22816","88676480","103089305"
"22817","88676480","86684202"
"22818","88676482","103080965"
"22819","88676682","71482450"
"22820","88676682","71490363"
"22821","88677753","88676863"
"22822","88677753","86685922"
"22823","88678452","94202511"
"22824","88678453","92443895"
"22825","92252539","94195310"
"22826","92256776","80123436"
"22827","92256776","80122681"
"22828","92256776","86686462"
"22829","92256778","92256840"
"22830","92256978","104172867"
"22831","92256978","104178480"
"22832","92258049","103086995"
"22833","92258049","103082678"
"22834","92258748","88675669"
"22835","92258749","86680127"
"22836","92439448","88676549"
"22837","92439448","96096790"
"22838","92440519","80128179"
"22839","92440519","104176996"
"22840","92440719","103081293"
"22841","92440721","103502457"
"22842","92440721","78891464"
"22843","92440721","92444760"
"22844","92444958","92446171"
"22845","94197971","86681765"
"22846","94202208","99972573"
"22847","94202208","99979942"
"22848","94202208","103494728"
"22849","94202210","71482447"
"22850","94202410","99974922"
"22851","94202410","88619974"
"22852","94203481","103087962"
"22853","94203481","86686313"
"22854","94204180","103491877"
"22855","94204181","80126230"
"22856","96090668","92446169"
"22857","96090669","103491673"
"22858","96090670","94202283"
"22859","96090671","86680909"
"22860","96092781","92258384"
"22861","96095463","72766416"
"22862","96097846","97745817"
"22863","96097846","86684203"
"22864","96097846","104171325"
"22865","96097846","96092450"
"22866","97747220","88620151"
"22867","97747220","103504150"
"22868","97747220","103087643"
"22869","97747220","104174047"
"22870","97749602","103086361"
"22871","97752283","103337573"
"22872","97754388","88619536"
"22873","97754389","103081470"
"22874","97754390","88672347"
"22875","97754391","103335128"
"22876","99972410","94199414"
"22877","99972410","86684887"
"22878","99972410","96098171"
"22879","99972410","71484910"
"22880","99974792","103336542"
"22881","99977473","94196760"
"22882","99979578","103491864"
"22883","99979579","103082654"
"22884","99979580","78889430"
"22885","99979581","71486517"
"22886","103082498","88619540"
"22887","103082558","94199115"
"22888","103082558","71487048"
"22889","103337568","103338945"
"22890","103337628","96099126"
"22891","103337628","88677420"
"22892","103492867","97746995"
"22893","103492927","96096758"
"22894","103492927","104171694"
"22895","104172642","99973154"
"22896","104172702","103338372"
"22897","104172702","69503615"
"22898","67693809","103083685"
"22899","67693809","104171292"
"22900","69503553","99972197"
"22901","69503613","67692820"
"22902","69503613","88620969"
"22903","71486235","94202212"
"22904","71486295","104171389"
"22905","71486295","92251633"
"22906","78890702","97754297"
"22907","78890762","96092978"
"22908","78890762","71487528"
"22909","80127118","104171698"
"22910","80127118","78889749"
"22911","80127178","71487398"
"22912","86680831","78889488"
"22913","86680891","99979170"
"22914","86680891","103340793"
"22915","88624312","88670858"
"22916","88624312","80125807"
"22917","88624372","92440721"
"22918","88672285","96091995"
"22919","88672345","103083872"
"22920","88672345","99973759"
"22921","92252581","96098086"
"22922","92252641","71483086"
"22923","92252641","88623089"
"22924","92444856","103080318"
"22925","92444856","92446201"
"22926","92444916","97752723"
"22927","94198013","94198410"
"22928","94198073","92251352"
"22929","94198073","103081339"
"22930","96097786","88623187"
"22931","96097786","103336329"
"22932","97747280","88624251"
"22933","97747280","96096682"
"22934","99972470","103492867"
"22935","99972470","71486235"
"22936","103081158","103343053"
"22937","103081158","104178210"
"22938","103081222","88623185"
"22939","103081222","96098109"
"22940","103081222","103338514"
"22941","103081222","103492291"
"22942","103081794","88672441"
"22943","103082455","94203979"
"22944","103082457","96088931"
"22945","103082457","97753884"
"22946","103082457","103493166"
"22947","103086842","104172720"
"22948","103086842","88676801"
"22949","103086881","103081474"
"22950","103336228","104174019"
"22951","103336228","65799707"
"22952","103336292","88676063"
"22953","103336292","99979009"
"22954","103336292","96090877"
"22955","103336292","61685871"
"22956","103336864","69502236"
"22957","103337525","103343491"
"22958","103337527","92446233"
"22959","103337527","78895697"
"22960","103337527","103087761"
"22961","103341912","67693707"
"22962","103341912","80128395"
"22963","103341951","103494589"
"22964","103491527","71489825"
"22965","103491527","88672677"
"22966","103491591","104171384"
"22967","103491591","88625595"
"22968","103491591","88618499"
"22969","103491591","86685903"
"22970","103492163","92440709"
"22971","103492824","99976808"
"22972","103492826","72766520"
"22973","103492826","92257555"
"22974","103494685","97754391"
"22975","103494685","92256778"
"22976","103494714","88616176"
"22977","104171302","69505432"
"22978","104171302","96098142"
"22979","104171366","92251314"
"22980","104171366","94202062"
"22981","104171366","99979176"
"22982","104171366","69504520"
"22983","104171938","88671102"
"22984","104172599","103494611"
"22985","104172601","88673470"
"22986","104172601","103493615"
"22987","104172601","86679831"
"22988","104176986","103336362"
"22989","104176986","97749842"
"22990","104177025","94197514"
"22991","58336185","97754388"
"22992","67692825","69722808"
"22993","67693268","78895651"
"22994","67693706","103086993"
"22995","69502115","88671044"
"22996","69502259","97747309"
"22997","69502259","103080899"
"22998","69502259","103343142"
"22999","69502613","92258059"
"23000","69502613","67693484"
"23001","69502796","69503635"
"23002","69503056","103491732"
"23003","69503510","103339660"
"23004","71484788","78890983"
"23005","71484932","94198792"
"23006","71484932","78890849"
"23007","71484932","94202227"
"23008","71484932","97748275"
"23009","71485289","103494604"
"23010","71485289","96098110"
"23011","71485474","96098111"
"23012","71485737","86681903"
"23013","71486192","103081232"
"23014","71486194","96098581"
"23015","71486194","88673645"
"23016","78889361","103088073"
"23017","78889361","80126320"
"23018","78889425","103086760"
"23019","78889425","80126897"
"23020","78889425","96088449"
"23021","78889425","99977665"
"23022","78889997","88672247"
"23023","78890659","92252142"
"23024","78890661","103339073"
"23025","78895048","103341781"
"23026","78895048","88625641"
"23027","78895087","103503442"
"23028","80122793","99974190"
"23029","80122832","80122375"
"23030","80122832","88671080"
"23031","80127219","78894753"
"23032","80127221","92252641"
"23033","80127883","78892064"
"23034","80128455","103341833"
"23035","80128455","96093334"
"23036","80128455","99972387"
"23037","80128455","103501193"
"23038","80128519","78893075"
"23039","80128519","96099136"
"23040","86679490","88619629"
"23041","86679554","94198665"
"23042","86679554","72817731"
"23043","86679554","86679501"
"23044","86679554","104171367"
"23045","86680126","103343501"
"23046","86680788","71488534"
"23047","86680790","88675683"
"23048","86685176","69722518"
"23049","86685176","104177755"
"23050","86685215","92251440"
"23051","88619988","78890780"
"23052","88620027","69722537"
"23053","88620027","86678169"
"23054","88624413","69503614"
"23055","88624415","103337655"
"23056","88625077","88622261"
"23057","88625649","86681836"
"23058","88625649","78896665"
"23059","88625649","103501614"
"23060","88625649","103335157"
"23061","88625713","69506565"
"23062","88670944","88673405"
"23063","88670944","103339179"
"23064","88671008","69503610"
"23065","88671008","80125804"
"23066","88671008","94202967"
"23067","88671008","103088421"
"23068","88671580","103341436"
"23069","88672242","92446161"
"23070","88672244","103335223"
"23071","88673405","99972413"
"23072","88676630","80128449"
"23073","88676630","92252677"
"23074","88676669","103083625"
"23075","92251240","94195734"
"23076","92251240","99979580"
"23077","92251304","97748290"
"23078","92251304","88671052"
"23079","92251304","104170395"
"23080","92251304","103340805"
"23081","92251876","99973010"
"23082","92252538","103088659"
"23083","92252540","96093602"
"23084","92252540","103083444"
"23085","92252540","96097997"
"23086","92253701","103088157"
"23087","92256926","104174253"
"23088","92256926","96096753"
"23089","92256965","71484806"
"23090","92440532","103336401"
"23091","92440571","103504469"
"23092","92440571","97753988"
"23093","92444957","88677657"
"23094","92444959","92252630"
"23095","92445621","103492460"
"23096","92446193","94199018"
"23097","92446193","97749248"
"23098","92446193","94196812"
"23099","92446193","86685044"
"23100","92446257","94203815"
"23101","94196672","94203085"
"23102","94196672","88677010"
"23103","94196736","88618570"
"23104","94196736","69505214"
"23105","94196736","94195557"
"23106","94196736","88671707"
"23107","94197308","97748308"
"23108","94197970","104172790"
"23109","94197972","80128431"
"23110","94197972","88676387"
"23111","94197972","104177070"
"23112","94199133","99973024"
"23113","94202358","88624318"
"23114","94202358","104178591"
"23115","94202397","96095736"
"23116","96090873","99971855"
"23117","96090873","96095754"
"23118","96090967","80128123"
"23119","96091267","103495509"
"23120","97753794","71486315"
"23121","97754094","104172721"
"23122","97754188","97748083"
"23123","97754188","92446076"
"23124","99978984","103343228"
"23125","99979284","92445582"
"23126","99979378","71488211"
"23127","99979378","80128414"
"23128","103079880","78896171"
"23129","103081545","88671868"
"23130","103081549","96090877"
"23131","103082497","99973397"
"23132","103082643","97753693"
"23133","103082643","104172840"
"23134","103082643","92253943"
"23135","103082643","86686306"
"23136","103085847","99982875"
"23137","103086851","72817683"
"23138","103088094","103081176"
"23139","103334950","96090873"
"23140","103336615","104177326"
"23141","103336619","80123273"
"23142","103337567","88672483"
"23143","103337713","88672334"
"23144","103337713","99972038"
"23145","103337713","86683959"
"23146","103337713","88671117"
"23147","103340917","94197431"
"23148","103341921","103337161"
"23149","103343164","64914230"
"23150","103490249","92439045"
"23151","103491914","69504903"
"23152","103491918","88676878"
"23153","103492866","99971199"
"23154","103493012","86684232"
"23155","103493012","103086385"
"23156","103493012","104170224"
"23157","103493012","86680788"
"23158","103494694","88672432"
"23159","103501506","92251835"
"23160","103502462","92441680"
"23161","104170024","59665073"
"23162","104171689","71487293"
"23163","104171693","86686791"
"23164","104172641","88672828"
"23165","104172787","103344093"
"23166","104172787","88673091"
"23167","104172787","103490457"
"23168","104172787","103494735"
"23169","104175991","92251430"
"23170","104176995","103337617"
"23171","104178238","103336294"
"23172","65799706","78896870"
"23173","67692814","88619454"
"23174","67693162","92439151"
"23175","67693748","99978355"
"23176","67696024","94196893"
"23177","69499997","86684217"
"23178","69502595","103338573"
"23179","69502602","96099539"
"23180","69502606","104173191"
"23181","69503552","92447216"
"23182","69503698","104173900"
"23183","69505844","94198405"
"23184","71482661","88620177"
"23185","71485271","99972178"
"23186","71485278","103495879"
"23187","71485282","96094729"
"23188","71486234","71488523"
"23189","71486380","92446074"
"23190","71486380","78890665"
"23191","71487941","99973565"
"23192","71488532","78894754"
"23193","78888039","80126781"
"23194","78889748","78894039"
"23195","78889752","103343144"
"23196","78890701","103495447"
"23197","78890847","96091007"
"23198","78890847","71485511"
"23199","78890847","80127118"
"23200","78894053","96099228"
"23201","78895057","94202226"
"23202","78896303","104177026"
"23203","80121577","94202279"
"23204","80122823","96099136"
"23205","80123827","86681331"
"23206","80127033","94203585"
"23207","80127033","86682180"
"23208","80127033","104171369"
"23209","80127179","71486259"
"23210","80128128","99972243"
"23211","80128132","80127326"
"23212","80129841","97746877"
"23213","86678168","99971855"
"23214","86679877","99977826"
"23215","86679881","92251305"
"23216","86680830","97746877"
"23217","86680976","67690274"
"23218","86680976","96096658"
"23219","86680976","92256802"
"23220","86680976","97753057"
"23221","86684181","69505259"
"23222","86685185","104172606"
"23223","86686431","78889428"
"23224","88618772","94201409"
"23225","88620018","104173725"
"23226","88621022","71489823"
"23227","88624227","103087015"
"23228","88624227","88625729"
"23229","88624227","86680425"
"23230","88624227","94203098"
"23231","88624373","97749862"
"23232","88625322","71485505"
"23233","88625326","103335316"
"23234","88627035","92258454"
"23235","88669622","94201916"
"23236","88671331","78894206"
"23237","88671335","86685096"
"23238","88672284","99979581"
"23239","88672430","78895684"
"23240","88672430","97748197"
"23241","88672430","103341624"
"23242","88672430","69503610"
"23243","88675635","65799706"
"23244","88676639","103490452"
"23245","88677885","94198774"
"23246","92249919","94203762"
"23247","92251627","88676185"
"23248","92251631","80127173"
"23249","92252580","92446121"
"23250","92252726","71488052"
"23251","92252726","72766458"
"23252","92252726","94196698"
"23253","92252726","88619794"
"23254","92255931","97753848"
"23255","92256935","92258156"
"23256","92258181","69505529"
"23257","92439316","80127082"
"23258","92440562","80128401"
"23259","92441566","104179266"
"23260","92444771","80127100"
"23261","92444771","92251802"
"23262","92444771","97749440"
"23263","92444771","88671098"
"23264","92444917","92445843"
"23265","92445866","92439918"
"23266","92445870","88619256"
"23267","92447579","92446164"
"23268","94195352","80121233"
"23269","94197059","88618616"
"23270","94197063","94201384"
"23271","94198012","92252638"
"23272","94198158","71482312"
"23273","94198158","71487123"
"23274","94198158","88623980"
"23275","94198158","88670950"
"23276","94201363","88673645"
"23277","94202367","88619805"
"23278","94203613","99973268"
"23279","96092095","69500801"
"23280","96092096","88672342"
"23281","96098115","103088661"
"23282","96098115","97749840"
"23283","96098115","96097277"
"23284","97746951","94196604"
"23285","97746951","94197060"
"23286","97746951","97749232"
"23287","97752967","71487195"
"23288","97752968","104179097"
"23289","97753828","88619077"
"23290","99972141","92251304"
"23291","99972141","92251364"
"23292","99972141","71487231"
"23293","99978157","104176540"
"23294","99978158","103493636"
"23295","99979018","72817752"
"23296","103080151","103335890"
"23297","103082454","80125063"
"23298","103082454","103495275"
"23299","103082454","103501875"
"23300","103088427","96097868"
"23301","103088427","88677916"
"23302","103335221","92440962"
"23303","103337524","71486055"
"23304","103337524","103079880"
"23305","103337524","92257718"
"23306","103343497","78894087"
"23307","103343497","92251653"
"23308","103490520","72764449"
"23309","103492823","103088365"
"23310","103492823","94197977"
"23311","103492823","97746683"
"23312","103495568","69504053"
"23313","103495568","92251551"
"23314","104170295","88675642"
"23315","104172598","99972147"
"23316","104172598","92252661"
"23317","104172598","88619417"
"23318","104178571","88676640"
"23319","104178571","97748374"
"23320","67692878","103495608"
"23321","67692878","78889449"
"23322","67693705","97748190"
"23323","69502666","96093336"
"23324","69502666","104172666"
"23325","69503509","94199624"
"23326","69503509","99974412"
"23327","69503509","103491843"
"23328","71483209","103081546"
"23329","71485343","86679671"
"23330","71485343","69502602"
"23331","71486191","88618342"
"23332","71486191","88620173"
"23333","71486191","104171658"
"23334","78888312","94203767"
"23335","78890658","86685327"
"23336","78890658","88671133"
"23337","78890658","78894805"
"23338","78896636","88676694"
"23339","78896636","94198514"
"23340","80121244","96092340"
"23341","80121244","80128512"
"23342","80127222","97752492"
"23343","80127222","94196807"
"23344","80127222","97751455"
"23345","80129568","78896545"
"23346","86678441","71484975"
"23347","86680787","80122599"
"23348","86680787","88623975"
"23349","86680787","104177377"
"23350","86686764","71486292"
"23351","86686764","92250838"
"23352","88618439","88678222"
"23353","88618439","103336353"
"23354","88624416","97747650"
"23355","88624416","103080965"
"23356","88624416","88623295"
"23357","88626762","86688894"
"23358","88669895","72766456"
"23359","88672241","96092944"
"23360","88672241","80121882"
"23361","88672241","78894099"
"23362","88678218","103341466"
"23363","88678218","99972543"
"23364","92250191","86686582"
"23365","92252537","94199299"
"23366","92252537","104174019"
"23367","92252537","104179519"
"23368","92258514","62957129"
"23369","92258514","92250296"
"23370","92438983","80128181"
"23371","92438983","69500872"
"23372","92444960","88623380"
"23373","92444960","103492475"
"23374","92444960","103492892"
"23375","92447306","103335250"
"23376","94195624","80128132"
"23377","94197969","92441138"
"23378","94197969","86682090"
"23379","94197969","92446191"
"23380","94203946","96093232"
"23381","94203946","96097749"
"23382","96092617","80127073"
"23383","96092617","103083874"
"23384","96092950","103494727"
"23385","96097847","71485855"
"23386","96099224","80128417"
"23387","97745883","78895777"
"23388","97747219","99976812"
"23389","97752447","97753455"
"23390","97752447","92445355"
"23391","99971073","71486735"
"23392","99972409","94202511"
"23393","99977304","88618569"
"23394","99977637","104171476"
"23395","99977637","104173415"
"23396","103080232","104171445"
"23397","103080232","97752086"
"23398","103080232","103504197"
"23399","103082496","86684173"
"23400","103082496","94203876"
"23401","103083615","96097866"
"23402","103084108","94202994"
"23403","103084108","97746960"
"23404","103335302","94202738"
"23405","103335302","96096755"
"23406","103335302","86679837"
"23407","103335302","96098074"
"23408","103335302","92446121"
"23409","103337566","92446156"
"23410","103337566","96099538"
"23411","103338685","69505188"
"23412","103339178","71486381"
"23413","103339178","97747620"
"23414","103490601","92443539"
"23415","103490601","94202280"
"23416","103490601","103082578"
"23417","103492865","86679893"
"23418","103492865","104177038"
"23419","103503941","92251550"
"23420","103503941","97749110"
"23421","103504434","99978356"
"23422","104170376","103495277"
"23423","104170376","103341669"
"23424","104170376","72766512"
"23425","104170376","103081182"
"23426","104170376","80125804"
"23427","104172640","86685186"
"23428","104172640","103492922"
"23429","104173759","97745773"
"23430","104174252","92257081"
"23431","104174252","92251329"
"23432","67693747","80128508"
"23433","67694943","86680389"
"23434","69503551","88620322"
"23435","69503551","88671891"
"23436","69505660","103491645"
"23437","71486233","80122956"
"23438","71486233","69505434"
"23439","71488343","86684187"
"23440","78890700","80123918"
"23441","78890700","96099538"
"23442","78892313","67693412"
"23443","78892313","96093452"
"23444","80125567","96091919"
"23445","80125567","92443556"
"23446","80126061","71489255"
"23447","80127180","99973500"
"23448","80127180","104177479"
"23449","86678522","69499998"
"23450","86678522","59659974"
"23451","86680829","103504154"
"23452","86680829","78894605"
"23453","86681948","99978242"
"23454","86682441","88625617"
"23455","86682441","88623612"
"23456","88622762","103341952"
"23457","88622762","103080241"
"23458","88623255","103088660"
"23459","88624374","88623244"
"23460","88624374","92254193"
"23461","88626681","97748277"
"23462","88669976","92440516"
"23463","88669976","103083430"
"23464","88669976","103343094"
"23465","88672283","88678163"
"23466","88672283","88625648"
"23467","88673402","99972812"
"23468","88673895","103504466"
"23469","88673895","92441013"
"23470","92250272","71482305"
"23471","92250272","80128398"
"23472","92250272","86680389"
"23473","92252579","92256482"
"23474","92252579","80126995"
"23475","92254191","103491687"
"23476","92254191","103335204"
"23477","92443306","88677379"
"23478","92443306","92256223"
"23479","92444918","104172669"
"23480","92444918","78896656"
"23481","92447225","88618202"
"23482","94195705","80122584"
"23483","94195705","94198819"
"23484","94195705","71486091"
"23485","94195705","104176838"
"23486","94198011","103338634"
"23487","94198011","103494361"
"23488","94199130","104169994"
"23489","94199623","103336315"
"23490","94199623","88620157"
"23491","96092440","94196690"
"23492","96092453","69502201"
"23493","96092453","88616287"
"23494","96092782","92256472"
"23495","96092785","94205894"
"23496","96095228","103342563"
"23497","96095464","99977950"
"23498","96095464","71485347"
"23499","96095654","88671030"
"23500","96095654","92445778"
"23501","96095654","94203613"
"23502","96096078","96099537"
"23503","96096078","88625589"
"23504","96097781","78895620"
"23505","97747285","86682044"
"23506","97748987","92257507"
"23507","97748987","67696026"
"23508","97749411","88620111"
"23509","97749411","80122938"
"23510","97749411","97747447"
"23511","97749601","88672141"
"23512","97749601","103337748"
"23513","97749837","103492952"
"23514","97752279","71487292"
"23515","97752282","92444769"
"23516","97752611","88618434"
"23517","97752611","103338872"
"23518","97752624","88616174"
"23519","99972475","103085625"
"23520","99974177","97754299"
"23521","99974177","94195729"
"23522","99974601","96096757"
"23523","99974601","88619380"
"23524","99974601","94205921"
"23525","99974791","104171443"
"23526","99974791","94196792"
"23527","99975027","88620970"
"23528","99977469","92440276"
"23529","99977472","88678245"
"23530","99977801","103491930"
"23531","99977801","97748407"
"23532","99977814","94197010"
"23533","103081243","99979387"
"23534","103081243","88620515"
"23535","103081243","103341414"
"23536","103081243","104171403"
"23537","103081243","96092573"
"23538","103081555","69502711"
"23539","103081555","103086695"
"23540","103085844","104171413"
"23541","103336313","97752459"
"23542","103336313","88673091"
"23543","103336313","88672411"
"23544","103336313","103494345"
"23545","103336313","94196764"
"23546","103336625","92251354"
"23547","103336625","103342507"
"23548","103340914","104176028"
"23549","103491612","80121375"
"23550","103491612","88677754"
"23551","103491612","86679606"
"23552","103491612","99977687"
"23553","103491612","103494535"
"23554","103491924","103083519"
"23555","103491924","104173774"
"23556","103502465","92257573"
"23557","104171387","103336573"
"23558","104171387","86680789"
"23559","104171387","92445866"
"23560","104171387","92445516"
"23561","104171387","104177933"
"23562","104171699","96098090"
"23563","104171699","78890750"
"23564","104175988","103490454"
"23565","67694941","92257324"
"23566","69502285","99973466"
"23567","69502285","103502414"
"23568","69502285","103494949"
"23569","69502285","67693811"
"23570","69502285","92439669"
"23571","69502616","86679580"
"23572","69502616","86684933"
"23573","69505266","88673656"
"23574","71484958","86679593"
"23575","71484958","88671331"
"23576","71484958","92252643"
"23577","71484958","88620869"
"23578","71484958","94201363"
"23579","71485292","97746744"
"23580","71485292","97749312"
"23581","71487948","103088463"
"23582","78889446","103083263"
"23583","78889446","99979074"
"23584","78889446","103083359"
"23585","78889446","88673372"
"23586","78889446","88673472"
"23587","78889758","103083687"
"23588","78889758","92440709"
"23589","78894050","88623877"
"23590","80123830","99977772"
"23591","80128122","71487800"
"23592","80128122","78895221"
"23593","80128434","104176046"
"23594","80128434","86679491"
"23595","80128434","103334919"
"23596","80128434","97746683"
"23597","80128434","103082641"
"23598","86679575","103082523"
"23599","86679575","96096823"
"23600","86679575","94196822"
"23601","86679575","96098171"
"23602","86679575","99970764"
"23603","86679887","69503533"
"23604","86679887","99972489"
"23605","86684178","96099175"
"23606","88621025","103088366"
"23607","88625316","69499722"
"23608","88625316","103081830"
"23609","88625628","88671020"
"23610","88625628","86679660"
"23611","88625628","80121374"
"23612","88625628","103081276"
"23613","88625628","103341547"
"23614","88671029","92260844"
"23615","88671029","103494601"
"23616","88671029","92251230"
"23617","88671029","86679583"
"23618","88671029","99972031"
"23619","88671341","92444953"
"23620","88671341","80123274"
"23621","88675632","103491637"
"23622","92251325","104170202"
"23623","92251325","69722540"
"23624","92251325","86688894"
"23625","92251325","78891634"
"23626","92251325","104172065"
"23627","92251637","92253122"
"23628","92251637","103492963"
"23629","92255928","103340943"
"23630","92441569","103081151"
"23631","92445860","88620103"
"23632","92445860","80125895"
"23633","92446172","92251305"
"23634","92446172","92253701"
"23635","92446172","92438853"
"23636","92446172","65800458"
"23637","92446172","78892814"
"23638","94196757","103504431"
"23639","94196757","97747038"
"23640","94196757","97747822"
"23641","94196757","86679821"
"23642","94196757","59213381"
"23643","94197069","103081260"
"23644","94197069","103338653"
"23645","94201360","92250190"
"23646","96092483","92447577"
"23647","96092483","88669582"
"23648","96095209","86686793"
"23649","96097782","103491593"
"23650","96098079","99972235"
"23651","96098094","103343317"
"23652","96098094","94201867"
"23653","96098094","94196861"
"23654","96098094","92255973"
"23655","96098094","88624292"
"23656","97746972","104170331"
"23657","97746972","104176855"
"23658","97746972","72817730"
"23659","97746972","97746665"
"23660","97746972","88623509"
"23661","97746987","80126405"
"23662","97746987","103504506"
"23663","97747284","88678043"
"23664","97749856","99972809"
"23665","97752581","99976771"
"23666","97752581","88620969"
"23667","99972162","99977773"
"23668","99972162","92441236"
"23669","99972162","104176000"
"23670","99972162","103082513"
"23671","99972162","94196802"
"23672","99972177","69724503"
"23673","99972474","92251305"
"23674","99975046","69505213"
"23675","99977771","59665069"
"23676","99977771","103502457"
"23677","103081221","103504366"
"23678","103081221","94203531"
"23679","103081221","94203244"
"23680","103081221","86681694"
"23681","103336291","92438983"
"23682","103336291","103336418"
"23683","103336291","103088954"
"23684","103336291","88624174"
"23685","103338642","69499652"
"23686","103341519","88620315"
"23687","103491590","99977802"
"23688","103491590","103083564"
"23689","103491590","103080261"
"23690","103491590","86684881"
"23691","104171365","103493627"
"23692","104171365","103337718"
"23693","104171365","88673382"
"23694","104171365","94197600"
"23695","104173716","88622955"
"23696","104176593","92440114"
"23697","61683080","86681591"
"23698","61683080","92440400"
"23699","69502258","99973421"
"23700","69502258","86682442"
"23701","69502258","103079849"
"23702","69502258","92251325"
"23703","71484931","103343740"
"23704","71484931","86686586"
"23705","71484931","67692882"
"23706","71484931","97747220"
"23707","78889424","78890858"
"23708","78889424","104175867"
"23709","78889424","103336318"
"23710","78889424","88618897"
"23711","80128456","97747618"
"23712","80128456","88669591"
"23713","80128456","103501156"
"23714","80128456","78895999"
"23715","86679553","92253985"
"23716","86679553","88677233"
"23717","86679553","86681851"
"23718","86679553","99978562"
"23719","86684786","88626000"
"23720","88625650","103081794"
"23721","88625650","103081274"
"23722","88625650","94202218"
"23723","88625650","99972201"
"23724","88671007","94196788"
"23725","88671007","103501534"
"23726","88671007","104172605"
"23727","88671007","104170025"
"23728","88676240","103081181"
"23729","92251303","71487529"
"23730","92251303","94206246"
"23731","92251303","80126726"
"23732","92251303","94199356"
"23733","92256536","103087021"
"23734","92440961","96097713"
"23735","92446194","88622253"
"23736","92446194","103343195"
"23737","92446194","71485344"
"23738","92446194","92444958"
"23739","94196735","92251018"
"23740","94196735","103087761"
"23741","94196735","97748207"
"23742","94196735","103081545"
"23743","94201968","88671423"
"23744","96092639","96092572"
"23745","96092639","99977707"
"23746","96097783","78894218"
"23747","96097787","80125991"
"23748","97747279","96097374"
"23749","97747283","88624374"
"23750","97752425","69504608"
"23751","97752425","78896636"
"23752","99972469","80127129"
"23753","99972473","97748280"
"23754","99977615","92443498"
"23755","99977615","88677552"
"23756","103081913","97753808"
"23757","103086448","71486059"
"23758","103086453","96091589"
"23759","103086840","103342392"
"23760","103087304","88671086"
"23761","103087307","72817727"
"23762","103087313","88671013"
"23763","103087313","103334911"
"23764","103087319","65983460"
"23765","103087322","103492096"
"23766","103336983","97748190"
"23767","103341518","80122345"
"23768","103341523","103494538"
"23769","103341910","67693578"
"23770","103342374","99978508"
"23771","103342377","97747578"
"23772","103342383","103343970"
"23773","103342383","103338655"
"23774","103342389","92446084"
"23775","103342392","88675689"
"23776","103492282","103081583"
"23777","103494683","103081495"
"23778","103501851","92252586"
"23779","103501854","88672141"
"23780","103501860","104178571"
"23781","103501860","94202836"
"23782","103501866","86679504"
"23783","103501869","86684879"
"23784","103502174","94198159"
"23785","103502179","96093467"
"23786","104172057","88620470"
"23787","104176592","94195718"
"23788","104176597","71491094"
"23789","104176984","92250220"
"23790","104177448","94196748"
"23791","104177451","96096615"
"23792","104177457","92258160"
"23793","104177457","88625023"
"23794","104177463","78895520"
"23795","104177466","103336566"
"23796","67692819","86685947"
"23797","67696022","96095753"
"23798","69502611","103086765"
"23799","69505260","92439962"
"23800","69505470","67693809"
"23801","69505471","80127098"
"23802","69505473","92438979"
"23803","69505473","80121007"
"23804","69505474","88677761"
"23805","69505475","86681029"
"23806","71485287","99978883"
"23807","71487942","78889774"
"23808","71487947","104178156"
"23809","71488152","78894102"
"23810","71488153","69499868"
"23811","71488155","103492825"
"23812","71488155","88622975"
"23813","71488156","67692470"
"23814","71488157","86681637"
"23815","78894654","80121216"
"23816","78894659","92253701"
"23817","78895046","94201399"
"23818","78895511","103086895"
"23819","78895514","92250084"
"23820","78895520","86682176"
"23821","78895520","86684379"
"23822","78895526","86685905"
"23823","78895529","94196695"
"23824","80122351","86679502"
"23825","80122354","86686312"
"23826","80122360","103082478"
"23827","80122360","88625613"
"23828","80122366","99977473"
"23829","80122369","97749601"
"23830","80122834","97748619"
"23831","80123221","94198160"
"23832","80123226","86685231"
"23833","80129515","92254196"
"23834","86680245","99979287"
"23835","86684782","88618897"
"23836","86684787","88677111"
"23837","86685174","94199005"
"23838","86685639","92253180"
"23839","86685642","97754749"
"23840","86685648","69505433"
"23841","86685648","97746584"
"23842","86685654","96092198"
"23843","86685657","103491612"
"23844","88619546","88678156"
"23845","88619549","96096539"
"23846","88619555","78895100"
"23847","88619555","103341921"
"23848","88619561","99973599"
"23849","88619564","97752614"
"23850","88620029","78890661"
"23851","88620416","103087572"
"23852","88620421","103082101"
"23853","88624958","80129662"
"23854","88671699","88672345"
"23855","88676236","97746977"
"23856","88676241","67694146"
"23857","88676628","69502715"
"23858","88677093","86686704"
"23859","88677096","104177479"
"23860","88677102","94197347"
"23861","88677102","104177540"
"23862","88677108","97746898"
"23863","88677111","103492430"
"23864","92251995","64979691"
"23865","92256537","103086694"
"23866","92256924","92258383"
"23867","92257389","103336321"
"23868","92257392","104174069"
"23869","92257398","69505133"
"23870","92257398","92440532"
"23871","92257404","103080204"
"23872","92257407","99972147"
"23873","92440090","103340966"
"23874","92440093","86684090"
"23875","92440573","96090759"
"23876","92440960","103493723"
"23877","92445502","78896458"
"23878","94195677","88670006"
"23879","94197427","92439780"
"23880","94201964","67694249"
"23881","94201969","99972586"
"23882","94202356","103088432"
"23883","94202821","92444958"
"23884","94202824","80127033"
"23885","94202830","69508324"
"23886","94202830","94206034"
"23887","94202836","94202115"
"23888","94202839","86686299"
"23889","96092012","88678315"
"23890","96092015","88677863"
"23891","96092021","86679610"
"23892","96092021","71485299"
"23893","96092027","103494408"
"23894","96092030","88676671"
"23895","96092036","88669901"
"23896","96092632","103493723"
"23897","96092632","99976774"
"23898","97752432","71485212"
"23899","97752432","103337631"
"23900","97753027","99978223"
"23901","97753033","99974507"
"23902","97753036","94198091"
"23903","97753042","103502425"
"23904","97753042","96097689"
"23905","97753048","88674723"
"23906","97753051","78895840"
"23907","99977622","103082514"
"23908","99977622","94198029"
"23909","99978217","103494533"
"23910","99978223","104171081"
"23911","99978226","92258521"
"23912","99978232","96093600"
"23913","99978232","92258659"
"23914","99978238","94198158"
"23915","99978241","97746821"
"23916","103081733","92258751"
"23917","103082640","103504479"
"23918","103082642","103493264"
"23919","103082642","97747280"
"23920","103082642","103082498"
"23921","103082642","103081556"
"23922","103083040","103081624"
"23923","103336803","103082896"
"23924","103337710","80128416"
"23925","103337712","88626672"
"23926","103337712","88671294"
"23927","103337712","71487290"
"23928","103337712","96097366"
"23929","103338110","92256684"
"23930","103492102","103341470"
"23931","103493009","103337131"
"23932","103493011","88621022"
"23933","103493011","78889773"
"23934","103493011","86684215"
"23935","103493011","80128448"
"23936","103493409","99977804"
"23937","104171877","103336903"
"23938","104172784","94197308"
"23939","104172786","99977312"
"23940","104172786","96093483"
"23941","104172786","104176526"
"23942","104172786","78891356"
"23943","104173184","92258659"
"23944","104173760","88625585"
"23945","67693891","104174002"
"23946","67693990","99977194"
"23947","67695407","97749000"
"23948","69503695","94199361"
"23949","69503697","97746603"
"23950","69503697","103494602"
"23951","71483191","99973012"
"23952","71486377","103337751"
"23953","71486379","92253653"
"23954","71486379","71487239"
"23955","71486379","92257383"
"23956","71486777","88624315"
"23957","78889936","72817730"
"23958","78890844","99971796"
"23959","78890846","92445526"
"23960","78890846","80126058"
"23961","78890846","92251179"
"23962","78890846","94198018"
"23963","78891244","94201363"
"23964","80126636","103341455"
"23965","80127034","69500732"
"23966","80127034","80122822"
"23967","80127034","78896454"
"23968","80127034","94202467"
"23969","80127036","103083630"
"23970","80127944","86685574"
"23971","86680065","86686806"
"23972","86680973","103336918"
"23973","86680975","80125995"
"23974","86680975","99979846"
"23975","86680975","94203877"
"23976","86680975","103086763"
"23977","86681373","103495407"
"23978","86681949","96090904"
"23979","88623830","103501695"
"23980","88624228","92258514"
"23981","88624228","78891982"
"23982","88624228","88618309"
"23983","88624228","97748231"
"23984","88624230","99973716"
"23985","88625138","96097255"
"23986","88671519","78895819"
"23987","88672427","96095354"
"23988","88672429","104171418"
"23989","88672429","71487022"
"23990","88672429","78891099"
"23991","88672429","103341424"
"23992","88672827","80127883"
"23993","88673403","103494159"
"23994","92251815","88672382"
"23995","92252723","99972491"
"23996","92252725","69500526"
"23997","92252725","103085844"
"23998","92252725","71485887"
"23999","92252725","97752114"
"24000","92253123","92260491"
"24001","92444374","99977274"
"24002","92444772","94202400"
"24003","92444772","103491468"
"24004","92444772","71486197"
"24005","92444772","88619826"
"24006","92444774","88623189"
"24007","92445682","92251326"
"24008","94197247","92446073"
"24009","94198155","92251356"
"24010","94198157","78894760"
"24011","94198157","88676642"
"24012","94198157","99975047"
"24013","94198157","99973467"
"24014","94198555","71482752"
"24015","94199131","92441555"
"24016","96090904","92258051"
"24017","96090965","88673901"
"24018","96098116","80128387"
"24019","96098116","96098114"
"24020","96098116","78896184"
"24021","97746950","67690654"
"24022","97746950","103493460"
"24023","97746950","103336919"
"24024","97754096","103087146"
"24025","97754157","99977814"
"24026","99972140","67692823"
"24027","99972140","92444916"
"24028","99972140","99978669"
"24029","99979286","97754683"
"24030","99979347","71484973"
"24031","103080236","80128423"
"24032","103081211","94203488"
"24033","103081236","92439783"
"24034","103081548","88672290"
"24035","103081548","88672331"
"24036","103081897","103083445"
"24037","103081898","99978902"
"24038","103082055","88624415"
"24039","103082056","99973502"
"24040","103082458","99978226"
"24041","103082458","88625581"
"24042","103082459","78893962"
"24043","103082459","86686304"
"24044","103082459","86680245"
"24045","103082499","78894218"
"24046","103082499","67694654"
"24047","103082499","94201903"
"24048","103082500","88676142"
"24049","103082500","104173303"
"24050","103082501","96099315"
"24051","103082501","104178608"
"24052","103082521","80121630"
"24053","103082521","67693729"
"24054","103082543","92439336"
"24055","103082543","92260542"
"24056","103082543","92444376"
"24057","103082544","78889751"
"24058","103082544","88623113"
"24059","103082545","96096982"
"24060","103082545","97746964"
"24061","103082545","80121001"
"24062","103082637","88618766"
"24063","103082637","99972810"
"24064","103082846","103491595"
"24065","103082991","103081553"
"24066","103082991","103336618"
"24067","103082992","96095743"
"24068","103083257","78888001"
"24069","103083268","88626677"
"24070","103083268","78890052"
"24071","103083291","92445777"
"24072","103083293","103492336"
"24073","103083362","80128416"
"24074","103083362","99972150"
"24075","103083362","92251264"
"24076","103085732","97749065"
"24077","103085732","67690197"
"24078","103085845","96092012"
"24079","103086383","92446186"
"24080","103086384","94203284"
"24081","103086387","96098143"
"24082","103086394","94205984"
"24083","103086412","103494628"
"24084","103086543","99976963"
"24085","103086755","86684509"
"24086","103086893","86678526"
"24087","103087391","71485475"
"24088","103087391","94196327"
"24089","103087426","80123283"
"24090","103087744","103088142"
"24091","103087744","96097619"
"24092","103087864","71487941"
"24093","103088014","86679474"
"24094","103088041","92253358"
"24095","103088042","86686769"
"24096","103088156","67690122"
"24097","103088242","99977912"
"24098","103088525","97754157"
"24099","103088531","103342562"
"24100","103088538","78893798"
"24101","103088549","80128434"
"24102","103088651","103494404"
"24103","103088652","88625650"
"24104","103088655","103492955"
"24105","103088656","88676175"
"24106","103088759","94202954"
"24107","103088759","92446156"
"24108","103335306","103081470"
"24109","103336281","97750320"
"24110","103336306","80129873"
"24111","103336618","86685749"
"24112","103336618","78888007"
"24113","103336967","88619472"
"24114","103336968","103494419"
"24115","103337125","103086545"
"24116","103337126","99978395"
"24117","103337528","97749610"
"24118","103337528","94199419"
"24119","103337529","103343821"
"24120","103337529","103081304"
"24121","103337529","92258744"
"24122","103337569","103492892"
"24123","103337569","103501869"
"24124","103337569","71484978"
"24125","103337570","67695616"
"24126","103337570","88671047"
"24127","103337571","92439338"
"24128","103337571","88671342"
"24129","103337591","92254673"
"24130","103337591","92251720"
"24131","103337613","71486282"
"24132","103337613","104172640"
"24133","103337613","103336326"
"24134","103337614","96098031"
"24135","103337614","92250942"
"24136","103337615","103082348"
"24137","103337615","58280737"
"24138","103337615","71485738"
"24139","103337707","103491459"
"24140","103337707","78890783"
"24141","103337916","88618613"
"24142","103338061","96095437"
"24143","103338061","97752080"
"24144","103338062","104173589"
"24145","103338327","80127153"
"24146","103338338","94201988"
"24147","103338338","86686768"
"24148","103338361","96097842"
"24149","103338363","61687438"
"24150","103338432","71485291"
"24151","103338432","96099098"
"24152","103338432","103493010"
"24153","103340802","103081282"
"24154","103340802","103087449"
"24155","103340915","78890664"
"24156","103341453","69722521"
"24157","103341454","69502611"
"24158","103341457","88673568"
"24159","103341464","69499953"
"24160","103341482","96093290"
"24161","103341613","69504609"
"24162","103341825","103343574"
"24163","103341963","78890096"
"24164","103342461","97749644"
"24165","103342461","94202059"
"24166","103342496","104178395"
"24167","103342814","97747462"
"24168","103342814","78895101"
"24169","103342934","103338942"
"24170","103343084","88620974"
"24171","103343111","88670942"
"24172","103343112","80127153"
"24173","103343226","104174013"
"24174","103343312","103336346"
"24175","103343595","103494621"
"24176","103343601","88671010"
"24177","103343608","78895526"
"24178","103343608","88677532"
"24179","103343619","80123197"
"24180","103343620","99972158"
"24181","103343721","88671255"
"24182","103343722","88672342"
"24183","103343725","96097419"
"24184","103343726","88619398"
"24185","103343829","88622989"
"24186","103343829","71486258"
"24187","103490605","97752004"
"24188","103491580","97747077"
"24189","103491605","86679088"
"24190","103491917","104175991"
"24191","103491917","92439341"
"24192","103492266","92439338"
"24193","103492267","103083687"
"24194","103492424","86685925"
"24195","103492425","80125829"
"24196","103492827","104176556"
"24197","103492827","92252586"
"24198","103492828","88673468"
"24199","103492828","99975511"
"24200","103492868","94203584"
"24201","103492868","88672677"
"24202","103492868","94201874"
"24203","103492869","104177733"
"24204","103492869","72766145"
"24205","103492870","97749159"
"24206","103492870","78894082"
"24207","103492890","88680481"
"24208","103492890","69503126"
"24209","103492912","88673168"
"24210","103492912","67693570"
"24211","103492912","88622228"
"24212","103492913","67695682"
"24213","103492913","78894107"
"24214","103492914","96092340"
"24215","103492914","92255807"
"24216","103492914","86684721"
"24217","103493006","78889478"
"24218","103493006","97747619"
"24219","103493215","88671679"
"24220","103493360","88619545"
"24221","103493360","92255709"
"24222","103493361","104176905"
"24223","103493626","88620176"
"24224","103493637","99972175"
"24225","103493637","80122622"
"24226","103493660","86681624"
"24227","103493662","103080241"
"24228","103493731","69499804"
"24229","103493731","67691008"
"24230","103493731","103087327"
"24231","103494042","103081892"
"24232","103494042","97751629"
"24233","103494390","94198101"
"24234","103494391","92436853"
"24235","103494394","103336362"
"24236","103494401","88618397"
"24237","103494419","96090771"
"24238","103494531","99974499"
"24239","103494656","64913029"
"24240","103494725","94195626"
"24241","103495051","71485737"
"24242","103495051","78895505"
"24243","103495070","88672338"
"24244","103495384","99976819"
"24245","103495432","103336234"
"24246","103495439","103090007"
"24247","103501214","88678035"
"24248","103501214","96095817"
"24249","103501247","92252659"
"24250","103501248","94203009"
"24251","103501251","94202845"
"24252","103501252","92253351"
"24253","103501258","104172605"
"24254","103501269","103334918"
"24255","103501276","92444833"
"24256","103501551","92256788"
"24257","103501552","86681579"
"24258","103501569","96099200"
"24259","103501791","103492914"
"24260","103501791","104177234"
"24261","103502464","103501745"
"24262","104170380","67693338"
"24263","104171355","99978334"
"24264","104171380","78896577"
"24265","104171692","88673647"
"24266","104171692","103341468"
"24267","104172041","103334952"
"24268","104172042","69504844"
"24269","104172199","69503127"
"24270","104172200","86684223"
"24271","104172602","88676182"
"24272","104172602","92440721"
"24273","104172603","69505473"
"24274","104172603","103501241"
"24275","104172603","99972567"
"24276","104172643","92257392"
"24277","104172643","103086394"
"24278","104172643","103087426"
"24279","104172644","92256632"
"24280","104172644","103492424"
"24281","104172645","103501866"
"24282","104172645","103083492"
"24283","104172665","78890754"
"24284","104172665","92255852"
"24285","104172687","71487233"
"24286","104172687","94203675"
"24287","104172687","78895936"
"24288","104172688","88675511"
"24289","104172688","94203975"
"24290","104172689","67692883"
"24291","104172689","86679516"
"24292","104172689","104176892"
"24293","104172781","92445066"
"24294","104172781","86679676"
"24295","104172990","65800158"
"24296","104173135","69502833"
"24297","104173135","94200129"
"24298","104173136","80128452"
"24299","104173401","92251919"
"24300","104173412","64913593"
"24301","104173412","103492883"
"24302","104173435","103338658"
"24303","104173437","67692436"
"24304","104173506","103341453"
"24305","104173506","78895343"
"24306","104173506","92444868"
"24307","104175876","92251596"
"24308","104175876","88671034"
"24309","104175989","92440349"
"24310","104176190","99972247"
"24311","104176527","78894050"
"24312","104176528","92440657"
"24313","104176531","99972420"
"24314","104176538","92445518"
"24315","104176556","92257217"
"24316","104176687","80128176"
"24317","104176899","104178386"
"24318","104177037","88626850"
"24319","104177535","104176840"
"24320","104177535","99973601"
"24321","104177570","103504362"
"24322","104177888","103086993"
"24323","104177888","97746970"
"24324","104178008","103493897"
"24325","104178158","80122623"
"24326","104178185","96095956"
"24327","104178186","86689134"
"24328","104178300","103493370"
"24329","104178386","94202397"
"24330","104178665","104172756"
"24331","104178669","96097847"
"24332","104178675","104184405"
"24333","104178682","67695650"
"24334","104178682","88620693"
"24335","104178693","71484772"
"24336","104178694","92444770"
"24337","104178795","103081624"
"24338","104178796","92251398"
"24339","104178799","96097420"
"24340","104178800","86679577"
"24341","104178903","88621233"
"24342","104178903","92253861"
"24343","67690121","103339067"
"24344","67690123","104171405"
"24345","67690127","94203146"
"24346","67690129","94201900"
"24347","67690133","69502285"
"24348","67690135","80128174"
"24349","67690141","97751610"
"24350","67690143","67692815"
"24351","67690146","78896275"
"24352","67690148","88627035"
"24353","67690151","104178654"
"24354","67690153","103088244"
"24355","67690185","69504849"
"24356","67690281","94196797"
"24357","67690963","92258056"
"24358","67690963","103341617"
"24359","67690963","86684061"
"24360","67690963","86686098"
"24361","67690963","86689152"
"24362","67690963","88624982"
"24363","67690963","86680418"
"24364","67690963","88671009"
"24365","67690982","86680916"
"24366","67692416","88675833"
"24367","67692416","96092245"
"24368","67692435","78896640"
"24369","67692441","86682443"
"24370","67692441","69500392"
"24371","67692449","97753972"
"24372","67692817","92255819"
"24373","67692891","104172822"
"24374","67692891","80122369"
"24375","67693044","96092976"
"24376","67693338","88618624"
"24377","67693339","103493112"
"24378","67693476","97754085"
"24379","67693483","72817664"
"24380","67693827","103343726"
"24381","67693888","62959503"
"24382","67693888","96096539"
"24383","67694242","86681591"
"24384","67694242","104171715"
"24385","67694290","78895934"
"24386","67694738","71486063"
"24387","67694911","88673603"
"24388","67694913","92255931"
"24389","67695042","97753454"
"24390","67695405","88676154"
"24391","67695455","103342393"
"24392","67695608","103342656"
"24393","67695609","103340794"
"24394","67697234","104177933"
"24395","67698130","92444912"
"24396","67698131","104178389"
"24397","69499953","86684879"
"24398","69500004","94199388"
"24399","69500004","78895620"
"24400","69500392","92249920"
"24401","69500751","103087633"
"24402","69502200","103081142"
"24403","69502203","96096078"
"24404","69502203","92251224"
"24405","69502276","103493023"
"24406","69502605","92258161"
"24407","69502605","88619549"
"24408","69502697","94198667"
"24409","69502832","99972392"
"24410","69503126","103342701"
"24411","69503127","69499996"
"24412","69503266","86680976"
"24413","69503273","69503632"
"24414","69503599","92255819"
"24415","69503599","104170207"
"24416","69503692","78894562"
"24417","69503692","92439649"
"24418","69504046","71486775"
"24419","69504046","80123320"
"24420","69504543","92257114"
"24421","69504844","86685029"
"24422","69505261","104171463"
"24423","69505414","88619424"
"24424","69505415","78889757"
"24425","69505808","71491027"
"24426","69506556","92438982"
"24427","69506556","94197247"
"24428","69507094","88680538"
"24429","71482668","88672389"
"24430","71482668","92251258"
"24431","71483057","104172200"
"24432","71483422","88618724"
"24433","71483547","78895934"
"24434","71483553","71483463"
"24435","71484873","104173446"
"24436","71484876","88676158"
"24437","71484876","78891100"
"24438","71484890","71490703"
"24439","71484949","86682924"
"24440","71485281","97754300"
"24441","71485281","97754734"
"24442","71485374","103335388"
"24443","71485510","103337167"
"24444","71485807","104174277"
"24445","71485808","86680974"
"24446","71485947","88671342"
"24447","71485954","104172624"
"24448","71486195","103336251"
"24449","71486195","80128376"
"24450","71486196","104173858"
"24451","71486236","88671029"
"24452","71486258","67690638"
"24453","71486258","92257409"
"24454","71486280","103491528"
"24455","71486280","86685916"
"24456","71486281","86686841"
"24457","71486281","103081558"
"24458","71486282","94201415"
"24459","71486282","88672244"
"24460","71486374","92447394"
"24461","71486374","96098082"
"24462","71486583","103490614"
"24463","71486728","71488111"
"24464","71486728","88620114"
"24465","71486729","99973759"
"24466","71487171","88673402"
"24467","71487225","103081473"
"24468","71487227","96098451"
"24469","71487247","94197003"
"24470","71487247","94197162"
"24471","71487526","103504364"
"24472","71487943","97752282"
"24473","71488096","99976820"
"24474","71488097","86685833"
"24475","71488138","103495628"
"24476","71488139","94196656"
"24477","71488496","69505526"
"24478","71488496","69500857"
"24479","71488499","92253343"
"24480","71489245","94202306"
"24481","71489245","96096750"
"24482","71489793","92249919"
"24483","71489794","92251654"
"24484","78889414","86682477"
"24485","78889439","94195555"
"24486","78889751","92439085"
"24487","78889751","103494695"
"24488","78890100","67693055"
"24489","78890258","88624770"
"24490","78890259","104171391"
"24491","78890662","78891462"
"24492","78890662","103087789"
"24493","78890663","96095441"
"24494","78890703","71488042"
"24495","78890703","92445620"
"24496","78890704","103492950"
"24497","78890704","104172199"
"24498","78890705","104172601"
"24499","78890725","103086354"
"24500","78890725","103086883"
"24501","78890747","78895658"
"24502","78890747","104171387"
"24503","78890747","71484801"
"24504","78890748","103338755"
"24505","78890748","99977971"
"24506","78890749","61685833"
"24507","78890749","78896880"
"24508","78890749","67692817"
"24509","78890841","67693464"
"24510","78890841","92446125"
"24511","78891195","88620105"
"24512","78891195","88624230"
"24513","78891196","88673609"
"24514","78891472","92252663"
"24515","78891472","92257231"
"24516","78891495","103342820"
"24517","78891497","103083802"
"24518","78891566","88623514"
"24519","78891566","86682174"
"24520","78891566","80127163"
"24521","78893938","88677580"
"24522","78894051","103088568"
"24523","78894593","69505265"
"24524","78894600","103493861"
"24525","78894749","94203269"
"24526","78894961","103338117"
"24527","78895099","69502595"
"24528","78895598","86686590"
"24529","78895598","72764973"
"24530","78895634","103081266"
"24531","78895953","99978251"
"24532","78895953","103491630"
"24533","78896073","103087224"
"24534","78896223","78889923"
"24535","78896250","97751497"
"24536","78896251","103495633"
"24537","78896365","88677556"
"24538","78896451","99972415"
"24539","78896749","80122258"
"24540","78896760","58279545"
"24541","78896862","94197462"
"24542","78896863","78889774"
"24543","78896866","65801134"
"24544","78896867","94197309"
"24545","78898760","96097699"
"24546","78898760","86685398"
"24547","80119120","97749839"
"24548","80119120","92257389"
"24549","80121013","103336539"
"24550","80121014","97752625"
"24551","80121017","103492164"
"24552","80121018","86682236"
"24553","80121120","96090671"
"24554","80121131","86679563"
"24555","80121131","104172604"
"24556","80121131","103494638"
"24557","80121429","99974794"
"24558","80121515","103079840"
"24559","80121629","96091356"
"24560","80121630","99972392"
"24561","80121657","78890124"
"24562","80121807","67689955"
"24563","80121927","88671887"
"24564","80121927","103491538"
"24565","80122246","103088041"
"24566","80122282","69507189"
"24567","80122282","86682193"
"24568","80122781","88676484"
"24569","80122919","103342394"
"24570","80123131","86685786"
"24571","80123280","99976800"
"24572","80123287","94202933"
"24573","80123290","104175769"
"24574","80123291","80127173"
"24575","80123829","103082457"
"24576","80123942","103341115"
"24577","80123942","92256129"
"24578","80124035","88672334"
"24579","80126314","92438955"
"24580","80126314","104179113"
"24581","80126314","94196781"
"24582","80126383","92257307"
"24583","80126385","78892832"
"24584","80126408","92251967"
"24585","80126408","71483019"
"24586","80126419","103342820"
"24587","80126684","103336691"
"24588","80126685","103491923"
"24589","80126685","86685100"
"24590","80127039","80122823"
"24591","80127039","67693810"
"24592","80127131","71487510"
"24593","80127131","97752089"
"24594","80127131","103492122"
"24595","80127132","103504531"
"24596","80127132","88678257"
"24597","80127133","96092006"
"24598","80127133","92252643"
"24599","80127133","69506560"
"24600","80127155","103501604"
"24601","80127155","97754783"
"24602","80127175","88624316"
"24603","80127176","78888001"
"24604","80127176","97754094"
"24605","80127177","88625318"
"24606","80127177","103494398"
"24607","80127217","97748355"
"24608","80127218","94202235"
"24609","80127218","103087068"
"24610","80127621","67695684"
"24611","80127622","103340662"
"24612","80127779","103338588"
"24613","80127780","96092027"
"24614","80128129","103336621"
"24615","80128129","69502843"
"24616","80128441","103082991"
"24617","80128466","103081162"
"24618","80129483","96095846"
"24619","86679543","88677857"
"24620","86679568","103086693"
"24621","86679880","104175988"
"24622","86679880","94202282"
"24623","86680229","103336348"
"24624","86680230","88621000"
"24625","86680387","69724993"
"24626","86680388","97749031"
"24627","86680791","86686126"
"24628","86680791","88618201"
"24629","86680792","86684732"
"24630","86680832","104173435"
"24631","86680832","78894102"
"24632","86680833","104176908"
"24633","86680833","88619139"
"24634","86680834","96098265"
"24635","86680854","94202271"
"24636","86680854","103088935"
"24637","86680876","96092953"
"24638","86680876","104172798"
"24639","86680876","88625624"
"24640","86680877","103082576"
"24641","86680877","88619391"
"24642","86680878","71490452"
"24643","86680878","88677803"
"24644","86680878","94196799"
"24645","86680970","67689927"
"24646","86680970","96092947"
"24647","86681324","96097869"
"24648","86681324","86686411"
"24649","86681325","62959505"
"24650","86681590","92251422"
"24651","86681601","99979175"
"24652","86681601","88675538"
"24653","86681624","94198160"
"24654","86681626","103088072"
"24655","86681695","88673370"
"24656","86681695","80127035"
"24657","86681695","86682044"
"24658","86684066","67694826"
"24659","86684066","94196684"
"24660","86684179","97746700"
"24661","86684717","67693994"
"24662","86684718","65797782"
"24663","86684721","78889466"
"24664","86684728","92253983"
"24665","86684877","69503636"
"24666","86685089","103504177"
"24667","86685227","99973521"
"24668","86685726","80128507"
"24669","86685726","103495644"
"24670","86685762","96091349"
"24671","86686081","71485883"
"24672","86686081","104177629"
"24673","86686201","99972478"
"24674","86686351","96095208"
"24675","86686378","103491623"
"24676","86686379","99977270"
"24677","86686493","69499676"
"24678","86686579","103341613"
"24679","86686877","97751905"
"24680","86686877","103088242"
"24681","86686888","97748276"
"24682","86686990","71485362"
"24683","86686991","71482301"
"24684","86686994","104172144"
"24685","86686995","94203678"
"24686","86688888","96095360"
"24687","86688888","96092736"
"24688","88616315","103343323"
"24689","88616315","88674395"
"24690","88618208","69505457"
"24691","88618209","86680246"
"24692","88618212","94202913"
"24693","88618213","103086885"
"24694","88618315","86685779"
"24695","88618326","92439338"
"24696","88618326","88622993"
"24697","88618624","88624958"
"24698","88618710","103341672"
"24699","88618824","99972813"
"24700","88618825","92251330"
"24701","88618852","99974823"
"24702","88619002","94199296"
"24703","88619122","94198098"
"24704","88619122","104174025"
"24705","88619441","103080081"
"24706","88619477","69502060"
"24707","88619477","80123221"
"24708","88619976","96093336"
"24709","88620114","92440379"
"24710","88620326","86682206"
"24711","88620475","80121423"
"24712","88620482","88625699"
"24713","88620485","103492998"
"24714","88620486","80124097"
"24715","88621024","104171782"
"24716","88621137","92257137"
"24717","88621137","78893956"
"24718","88623508","103338663"
"24719","88623508","103492890"
"24720","88623508","78888037"
"24721","88623577","94202401"
"24722","88623579","67693340"
"24723","88623602","78893938"
"24724","88623602","94200124"
"24725","88623613","103337813"
"24726","88623878","86680854"
"24727","88623879","71485287"
"24728","88623879","96091089"
"24729","88624024","103495440"
"24730","88624233","103495002"
"24731","88624233","80122914"
"24732","88624325","86686579"
"24733","88624325","103082998"
"24734","88624325","78896668"
"24735","88624326","80122434"
"24736","88624326","99977471"
"24737","88624327","88619454"
"24738","88624327","103338752"
"24739","88624327","104173415"
"24740","88624349","80125848"
"24741","88624349","88618772"
"24742","88624369","94197027"
"24743","88624370","99972133"
"24744","88624370","92443537"
"24745","88624371","104175991"
"24746","88624371","97753048"
"24747","88624411","104172771"
"24748","88624412","86687001"
"24749","88624412","103492848"
"24750","88624815","97751630"
"24751","88624816","71484983"
"24752","88624973","96092632"
"24753","88624974","103504433"
"24754","88625323","96092429"
"24755","88625323","103335873"
"24756","88625635","96095906"
"24757","88625660","88625544"
"24758","88670997","103343997"
"24759","88671022","103081342"
"24760","88671334","103494844"
"24761","88671334","97748242"
"24762","88671683","86680811"
"24763","88671684","96090759"
"24764","88671841","96099530"
"24765","88671842","97746821"
"24766","88672245","71486534"
"24767","88672245","103086763"
"24768","88672246","94197616"
"24769","88672286","71487924"
"24770","88672286","88678234"
"24771","88672286","78889702"
"24772","88672287","88677815"
"24773","88672287","94197017"
"24774","88672288","71485867"
"24775","88672288","96088910"
"24776","88672308","71484748"
"24777","88672308","103493015"
"24778","88672330","97747202"
"24779","88672330","78896334"
"24780","88672330","97752634"
"24781","88672331","103491927"
"24782","88672331","104176836"
"24783","88672332","97747646"
"24784","88672332","86685185"
"24785","88672332","88672266"
"24786","88672424","104178108"
"24787","88672424","88678218"
"24788","88672778","96097231"
"24789","88672778","96097503"
"24790","88672779","86689029"
"24791","88673044","88677108"
"24792","88673055","96092624"
"24793","88673055","97751462"
"24794","88673078","97746957"
"24795","88673080","80123942"
"24796","88673149","92251588"
"24797","88673149","104171434"
"24798","88673149","88620482"
"24799","88675520","99973513"
"24800","88675520","88677948"
"24801","88675633","94204043"
"24802","88675834","103338939"
"24803","88675834","88618893"
"24804","88676171","97754196"
"24805","88676172","103343580"
"24806","88676175","88675621"
"24807","88676182","92440518"
"24808","88676331","61683053"
"24809","88676543","67690057"
"24810","88676681","92440088"
"24811","88677180","103087725"
"24812","88677180","88620105"
"24813","88677216","88623720"
"24814","88677535","69502286"
"24815","88677535","72817647"
"24816","88677655","88677087"
"24817","88677805","69502258"
"24818","88677832","103081559"
"24819","88677833","103081553"
"24820","88677947","104178240"
"24821","88678033","78895259"
"24822","88678324","96095833"
"24823","88678331","92256851"
"24824","88678331","92444060"
"24825","88678342","103490249"
"24826","88678444","99972209"
"24827","88678445","103502175"
"24828","88678448","69502276"
"24829","88678449","71489249"
"24830","88680342","88673045"
"24831","88680342","80128415"
"24832","92251293","103501785"
"24833","92251318","86685216"
"24834","92251630","96097617"
"24835","92251630","78888241"
"24836","92251979","78890116"
"24837","92251980","94198070"
"24838","92252137","80122964"
"24839","92252138","99979935"
"24840","92252541","92258246"
"24841","92252541","71485282"
"24842","92252542","104176838"
"24843","92252542","103494408"
"24844","92252582","88625646"
"24845","92252582","67690600"
"24846","92252582","88620986"
"24847","92252583","78890747"
"24848","92252583","99973468"
"24849","92252584","96097786"
"24850","92252584","78896179"
"24851","92252604","88620123"
"24852","92252604","104170404"
"24853","92252626","99974779"
"24854","92252626","88677190"
"24855","92252626","86684882"
"24856","92252627","71487250"
"24857","92252627","103492317"
"24858","92252628","103504292"
"24859","92252628","78896454"
"24860","92252628","94202591"
"24861","92252720","103492426"
"24862","92252720","69502254"
"24863","92253074","88671645"
"24864","92253074","103087335"
"24865","92253075","97746953"
"24866","92253340","104171391"
"24867","92253351","88625613"
"24868","92253351","67695039"
"24869","92253374","86678370"
"24870","92253376","103490605"
"24871","92253445","88671877"
"24872","92253445","69502091"
"24873","92253445","78890062"
"24874","92255816","88671301"
"24875","92255816","103493640"
"24876","92255929","78894972"
"24877","92256467","97745987"
"24878","92256468","92446194"
"24879","92256471","96094746"
"24880","92256478","104176846"
"24881","92256627","99978388"
"24882","92256839","86678370"
"24883","92256977","69504853"
"24884","92257476","103492915"
"24885","92257476","88671841"
"24886","92257512","64916496"
"24887","92257831","103501248"
"24888","92257831","97748197"
"24889","92257951","94206267"
"24890","92258101","103087304"
"24891","92258128","80121629"
"24892","92258129","80122203"
"24893","92258243","103336541"
"24894","92258329","103336297"
"24895","92258620","103342397"
"24896","92258627","96090969"
"24897","92258627","94201248"
"24898","92258638","104173760"
"24899","92258740","103337591"
"24900","92258741","86678494"
"24901","92258744","92439337"
"24902","92258745","88677533"
"24903","92260294","104176690"
"24904","92260294","69504608"
"24905","92436859","92251264"
"24906","92436859","104172624"
"24907","92438756","72763948"
"24908","92438757","103494627"
"24909","92438859","103494065"
"24910","92438870","92257658"
"24911","92439168","103082462"
"24912","92439254","96095974"
"24913","92439368","67690237"
"24914","92439369","88625138"
"24915","92439396","103081473"
"24916","92439546","103085889"
"24917","92439666","103080089"
"24918","92439666","97751773"
"24919","92439985","96098046"
"24920","92440021","88676265"
"24921","92440021","92443842"
"24922","92440520","94201418"
"24923","92440658","104176910"
"24924","92440870","88673682"
"24925","92441026","86679579"
"24926","92441568","80127129"
"24927","92441681","78891100"
"24928","92441681","96092965"
"24929","92444052","78896871"
"24930","92444052","96091073"
"24931","92444052","92258755"
"24932","92444121","103081833"
"24933","92444123","103501534"
"24934","92444146","104173729"
"24935","92444146","96095892"
"24936","92444157","80121599"
"24937","92444422","103492848"
"24938","92444423","104175989"
"24939","92444423","103337630"
"24940","92444777","71488492"
"24941","92444777","103335931"
"24942","92444869","103490523"
"24943","92444869","94202276"
"24944","92444869","103080778"
"24945","92444870","104172730"
"24946","92444870","97747279"
"24947","92444871","97748412"
"24948","92444871","103082497"
"24949","92444871","80121605"
"24950","92444893","88678038"
"24951","92444893","78894898"
"24952","92444913","99974791"
"24953","92444914","103334911"
"24954","92444914","88673634"
"24955","92444915","99973809"
"24956","92444915","94203260"
"24957","92444955","94199491"
"24958","92444956","92252779"
"24959","92444956","78889454"
"24960","92445359","94201381"
"24961","92445360","80122043"
"24962","92445517","96098116"
"24963","92445518","104170874"
"24964","92445867","86684717"
"24965","92445867","94199200"
"24966","92446179","99977469"
"24967","92446204","99971069"
"24968","94196725","88625601"
"24969","94196750","97752095"
"24970","94197062","104177558"
"24971","94197062","103082642"
"24972","94197411","104178799"
"24973","94197412","97747093"
"24974","94197569","88620324"
"24975","94197570","94203133"
"24976","94197973","104178603"
"24977","94197973","103495644"
"24978","94197974","78889462"
"24979","94197974","78889428"
"24980","94198014","99972217"
"24981","94198014","86680788"
"24982","94198014","92257719"
"24983","94198015","92257876"
"24984","94198015","94206276"
"24985","94198016","94197573"
"24986","94198016","80126315"
"24987","94198036","103493896"
"24988","94198036","88620420"
"24989","94198058","88672290"
"24990","94198058","88619281"
"24991","94198058","97754286"
"24992","94198059","86684782"
"24993","94198059","67693747"
"24994","94198060","92252723"
"24995","94198060","103084936"
"24996","94198060","69504846"
"24997","94198152","96097245"
"24998","94198152","94201145"
"24999","94198506","92252538"
"25000","94198506","103336628"
"25001","94198507","88671000"
"25002","94198772","97747226"
"25003","94198783","103341921"
"25004","94198783","92440965"
"25005","94198806","92439060"
"25006","94198808","80121704"
"25007","94198877","92256979"
"25008","94198877","94205732"
"25009","94198877","78894219"
"25010","94201248","88680550"
"25011","94201248","80127099"
"25012","94201361","99972173"
"25013","94201562","65801688"
"25014","94201562","67691060"
"25015","94201899","92257716"
"25016","94201900","103081345"
"25017","94201903","67693476"
"25018","94201910","103336541"
"25019","94201928","96092440"
"25020","94202059","99973472"
"25021","94202271","86679546"
"25022","94202409","103493006"
"25023","94202908","67692814"
"25024","94202908","103491919"
"25025","94202944","71487193"
"25026","94203263","88673055"
"25027","94203263","67695454"
"25028","94203383","97745978"
"25029","94203533","80128105"
"25030","94203560","104177466"
"25031","94203561","88625595"
"25032","94203675","104171477"
"25033","94203761","103341468"
"25034","94204052","94198061"
"25035","94204059","88619570"
"25036","94204070","94196327"
"25037","94204172","92253708"
"25038","94204173","103501606"
"25039","94204176","96096295"
"25040","94204177","99972409"
"25041","94205726","78895797"
"25042","94205726","92256482"
"25043","96090781","67690143"
"25044","96092320","103492947"
"25045","96092783","103081506"
"25046","96092786","92445581"
"25047","96092788","86686792"
"25048","96092790","80122083"
"25049","96093579","99973640"
"25050","96093585","103087063"
"25051","96095467","104171368"
"25052","96095974","92258331"
"25053","96095974","103336955"
"25054","96096734","104171365"
"25055","96096734","88672330"
"25056","96099227","104178806"
"25057","97745880","94197015"
"25058","97748331","97748383"
"25059","97748331","97752283"
"25060","97749091","80123629"
"25061","97749091","78895058"
"25062","97749598","103342539"
"25063","97751479","103493006"
"25064","97751485","99976773"
"25065","97752274","67692878"
"25066","97752276","99972835"
"25067","97752278","86682237"
"25068","97752281","104171418"
"25069","97752744","88672332"
"25070","97754278","94198060"
"25071","97754628","103491527"
"25072","99971070","67698138"
"25073","99973521","96095772"
"25074","99973521","103083336"
"25075","99974281","103343508"
"25076","99974281","92439961"
"25077","99974788","103492462"
"25078","99976669","88618426"
"25079","99976675","104171390"
"25080","99977464","88671110"
"25081","99977466","103086883"
"25082","99977468","103337171"
"25083","99977471","86685772"
"25084","99977934","92441520"
"25085","99979468","80121515"
"25086","99979818","92445534"
"25087","103086409","92250122"
"25088","103086410","78895794"
"25089","103087811","86681963"
"25090","103341479","62961811"
"25091","103341480","80121930"
"25092","103342881","88677763"
"25093","103494416","88622248"
"25094","103494417","86679674"
"25095","103501728","88618494"
"25096","104176553","99979426"
"25097","104176554","103341305"
"25098","104177955","99975789"
"25099","61683058","65804223"
"25100","64914250","86680893"
"25101","64914251","69505434"
"25102","65801708","92447392"
"25103","65801709","97745577"
"25104","65987159","97750666"
"25105","65987160","92253698"
"25106","67694823","71485283"
"25107","67694824","92258060"
"25108","69504628","92445494"
"25109","69504629","103088252"
"25110","71487310","92446097"
"25111","71487311","103340943"
"25112","78894615","88671519"
"25113","78894616","86679557"
"25114","80121860","80126383"
"25115","80123264","96095890"
"25116","80123265","92441784"
"25117","86684743","71488155"
"25118","86684744","92251357"
"25119","86686148","69503616"
"25120","88619055","71482619"
"25121","88620459","99974834"
"25122","88620460","64913696"
"25123","88676197","97753480"
"25124","88676198","88672310"
"25125","88677602","88623612"
"25126","92256493","88672427"
"25127","92256494","92253713"
"25128","92257898","94201381"
"25129","92439599","99972393"
"25130","92441003","86680681"
"25131","92441004","103083858"
"25132","94201925","94197903"
"25133","94201926","97745883"
"25134","94203330","86681905"
"25135","96092625","104178238"
"25136","96098126","71489256"
"25137","97746940","88675687"
"25138","97752439","86679516"
"25139","99972130","97748375"
"25140","99977629","96095478"
"25141","103081832","97748191"
"25142","103086691","92253658"
"25143","103086691","103082999"
"25144","103086691","103087503"
"25145","103086872","104172695"
"25146","103336902","92254805"
"25147","103341761","96092569"
"25148","103341761","103088253"
"25149","103341761","99977815"
"25150","103341942","86685097"
"25151","103492201","103080890"
"25152","103494600","71482345"
"25153","103494600","103083047"
"25154","103494600","88671134"
"25155","103494706","92444423"
"25156","104171976","94203946"
"25157","104176835","86685633"
"25158","104176835","69502683"
"25159","104176835","88675544"
"25160","104177016","86682237"
"25161","67690786","97751302"
"25162","67692869","103490217"
"25163","67692869","86684718"
"25164","67692869","103336360"
"25165","69500547","86686411"
"25166","69502657","88624973"
"25167","69502657","99974186"
"25168","69502657","96097865"
"25169","71483212","103492218"
"25170","71484879","71485335"
"25171","71485334","86684728"
"25172","71485334","65985934"
"25173","71485334","103490250"
"25174","78890035","92439448"
"25175","78894897","94196757"
"25176","78894897","88625540"
"25177","78894897","69504846"
"25178","80122983","94203107"
"25179","80122983","104176995"
"25180","80122983","88671888"
"25181","80127845","96098182"
"25182","86680164","94199332"
"25183","86685025","88619540"
"25184","86685025","103492915"
"25185","86685025","67692441"
"25186","88620178","94197427"
"25187","88620178","103494243"
"25188","88620178","96092320"
"25189","88625039","96097868"
"25190","88671618","103338700"
"25191","88676479","88672322"
"25192","88676479","78894917"
"25193","88676479","97749856"
"25194","88676660","96093437"
"25195","92251914","92438903"
"25196","92256775","97747564"
"25197","92256775","88672285"
"25198","92256775","86679614"
"25199","92440722","92256777"
"25200","92440722","88676551"
"25201","92440722","94198013"
"25202","92445583","104172688"
"25203","94197346","86686758"
"25204","94202207","99972204"
"25205","94202207","94203985"
"25206","94202207","97754630"
"25207","94202388","88618623"
"25208","96091943","94197404"
"25209","96092484","103336619"
"25210","97752580","92439165"
"25211","97753120","104171390"
"25212","99977770","103501607"
"25213","99978310","67695750"
"25214","103081541","92250193"
"25215","103083689","71483547"
"25216","103088491","88620268"
"25217","103336611","103501243"
"25218","103338759","80121217"
"25219","103343561","96090670"
"25220","103349324","94198312"
"25221","103349324","104172746"
"25222","103491910","69502703"
"25223","103501310","78894050"
"25224","103504360","88619686"
"25225","104171685","71489826"
"25226","104173833","104172690"
"25227","104178635","88671340"
"25228","104184398","99973716"
"25229","104184398","97747825"
"25230","69502594","99972980"
"25231","71485270","86679582"
"25232","71489833","69502603"
"25233","78889744","71486516"
"25234","78896700","103492758"
"25235","80121180","104172727"
"25236","80128136","88677863"
"25237","86679873","97746995"
"25238","86682022","103348613"
"25239","86686828","92251375"
"25240","88618375","92439974"
"25241","88625330","92250298"
"25242","88671327","96096873"
"25243","88673476","80125802"
"25244","88678282","88623255"
"25245","92251623","92251354"
"25246","92253772","80122028"
"25247","92258578","88671022"
"25248","92438919","88673326"
"25249","92445874","80129474"
"25250","94197055","103081382"
"25251","94199116","71486192"
"25252","94199204","80122886"
"25253","94204010","86679579"
"25254","96090966","80125565"
"25255","96092101","88672241"
"25256","96092102","92440420"
"25257","96095735","78890726"
"25258","96098087","72766437"
"25259","96098087","104176838"
"25260","97746979","92256481"
"25261","97746979","86682176"
"25262","97752961","103081211"
"25263","97752962","88671008"
"25264","97754095","92252638"
"25265","99972169","94202410"
"25266","99972169","88627031"
"25267","99978151","96092790"
"25268","99978152","94199271"
"25269","99979285","62959522"
"25270","103083870","94199271"
"25271","103338940","88676971"
"25272","103504179","86686694"
"25273","104174014","103493993"
"25274","58336217","97746988"
"25275","58336217","97751728"
"25276","67696014","103492849"
"25277","69505834","92445522"
"25278","69505834","99973472"
"25279","71488522","92257701"
"25280","78892074","99978246"
"25281","80125806","104173826"
"25282","86682203","67692870"
"25283","88623000","104173191"
"25284","88673657","88673668"
"25285","92253953","104178300"
"25286","92443544","99972545"
"25287","94199385","97753801"
"25288","96096043","103336228"
"25289","96097784","78895535"
"25290","96097788","92251587"
"25291","97747278","61682795"
"25292","97747282","99973379"
"25293","97749022","103087789"
"25294","99972468","96097784"
"25295","99972472","103084937"
"25296","99974212","103491598"
"25297","103084107","99972201"
"25298","103086539","104171685"
"25299","103087740","69499683"
"25300","103339177","94196741"
"25301","103341609","80126678"
"25302","103342810","96093467"
"25303","103494527","94203222"
"25304","103501795","103081159"
"25305","103503942","88675656"
"25306","104174251","99972163"
"25307","104176683","103502414"
"25308","104177884","78889447"
"25309","69504840","69502615"
"25310","69505659","97748275"
"25311","69507996","80128040"
"25312","71487522","103082576"
"25313","71488342","103495094"
"25314","71490699","104176746"
"25315","78892312","88623248"
"25316","78894745","92257634"
"25317","78895949","104172720"
"25318","80121931","104170404"
"25319","80123135","71486534"
"25320","80125568","96095975"
"25321","86682440","103336441"
"25322","86684873","88620167"
"25323","86686077","88625645"
"25324","88619126","103085839"
"25325","88620330","94195321"
"25326","88622763","104172781"
"25327","88673894","97748407"
"25328","88676327","103504364"
"25329","88677531","78895099"
"25330","92254190","96096717"
"25331","92256623","103081849"
"25332","92257827","92255936"
"25333","92439670","97749627"
"25334","92440874","92441018"
"25335","92443307","103086692"
"25336","94199622","103492470"
"25337","94202055","88671287"
"25338","94203259","96091848"
"25339","96091468","104176698"
"25340","96091830","88671074"
"25341","96091912","92251422"
"25342","96091913","97748472"
"25343","96092578","103491551"
"25344","96092578","103492098"
"25345","96092578","94197135"
"25346","96092941","78895353"
"25347","96096045","67692369"
"25348","96096693","88618801"
"25349","96096693","86685030"
"25350","96096693","96090718"
"25351","96096693","71483001"
"25352","96096694","99975028"
"25353","96096694","94197607"
"25354","96096699","94199517"
"25355","96096791","103341480"
"25356","96096791","103081472"
"25357","96096814","71484977"
"25358","96096835","78890592"
"25359","96096835","94197971"
"25360","96096836","99974177"
"25361","96096836","94199392"
"25362","96096837","99971755"
"25363","96096837","103081471"
"25364","96097439","97752432"
"25365","96098101","69503491"
"25366","96098155","78896565"
"25367","96098155","88673277"
"25368","96098155","92444146"
"25369","96098156","94197362"
"25370","96098156","80126385"
"25371","96098156","78894604"
"25372","96098156","92254214"
"25373","97746910","99977789"
"25374","97746910","96089119"
"25375","97746910","86685185"
"25376","97746910","103082558"
"25377","97746911","80129566"
"25378","97746911","97748371"
"25379","97746911","71484931"
"25380","97746965","92443627"
"25381","97747627","96095209"
"25382","97748228","88625516"
"25383","97748228","86685227"
"25384","97748229","78888315"
"25385","97748229","103338872"
"25386","97748230","80122955"
"25387","97748230","88620330"
"25388","97748251","92443798"
"25389","97748274","104172823"
"25390","97748274","97753027"
"25391","97748366","88625586"
"25392","97748371","69504426"
"25393","97748371","78889486"
"25394","97748372","88672364"
"25395","97748372","88671294"
"25396","97748372","103342409"
"25397","97748372","99974210"
"25398","97749020","104174016"
"25399","97752123","103341921"
"25400","97752486","88624294"
"25401","97752486","88671029"
"25402","97752486","78895780"
"25403","97753150","88621025"
"25404","97753151","64978496"
"25405","97753593","67694760"
"25406","99972100","97748279"
"25407","99972100","69508391"
"25408","99972100","103085732"
"25409","99972100","97752968"
"25410","99972101","103494420"
"25411","99972101","99970963"
"25412","99972101","92444774"
"25413","99972155","78891099"
"25414","99972817","88677023"
"25415","99973418","97751610"
"25416","99973418","88627067"
"25417","99973419","88678034"
"25418","99973419","80128029"
"25419","99973420","92439369"
"25420","99973420","92256780"
"25421","99973441","103494368"
"25422","99973464","71488582"
"25423","99973464","99976771"
"25424","99973556","103083757"
"25425","99973561","94203011"
"25426","99973561","97748987"
"25427","99973561","88673080"
"25428","99973562","104176597"
"25429","99973562","80121013"
"25430","99973562","88673691"
"25431","99973562","97752613"
"25432","99974210","104171877"
"25433","99977313","88672283"
"25434","99977676","88626760"
"25435","99977676","97748989"
"25436","99977676","103081225"
"25437","99978340","86680687"
"25438","99978341","88619236"
"25439","99978783","97746980"
"25440","103081540","94202274"
"25441","103081765","97748366"
"25442","103336610","78889469"
"25443","103336835","78894105"
"25444","103491909","94195793"
"25445","103492134","104174014"
"25446","104171684","71485291"
"25447","104171909","71486125"
"25448","58280784","104173576"
"25449","59213430","80121114"
"25450","59665189","97753051"
"25451","61581058","104171426"
"25452","61685883","92445926"
"25453","61773777","88625508"
"25454","62957181","78890983"
"25455","64911958","80128176"
"25456","64979737","61579817"
"25457","65799283","103495384"
"25458","65984858","92443850"
"25459","67692390","92444860"
"25460","69502177","69505123"
"25461","69502593","96096073"
"25462","71484850","78894219"
"25463","71485269","103336251"
"25464","78889743","103083271"
"25465","78889968","92251635"
"25466","80127912","80129507"
"25467","80128137","80128426"
"25468","86679872","94202411"
"25469","86680097","104173647"
"25470","88625106","103087871"
"25471","88625331","103494683"
"25472","88671326","80120994"
"25473","88671551","103491917"
"25474","92251622","92255714"
"25475","92251847","97747003"
"25476","92445650","97752425"
"25477","92445875","103490449"
"25478","94197054","94201360"
"25479","94197279","103341834"
"25480","96090897","103336326"
"25481","96091576","103494349"
"25482","96095210","88620526"
"25483","96095210","94198117"
"25484","96095229","97749629"
"25485","96096988","88671031"
"25486","97748077","104174014"
"25487","97749836","103499395"
"25488","97749855","69500336"
"25489","97749855","96097990"
"25490","97753485","88673896"
"25491","97754164","99972811"
"25492","99973267","92256497"
"25493","99975026","103343034"
"25494","99975045","67697274"
"25495","99975045","92439935"
"25496","99978675","103341826"
"25497","99979354","92251425"
"25498","103081161","92251914"
"25499","103082453","88675723"
"25500","103082453","103342943"
"25501","103082495","104176592"
"25502","103082495","71483547"
"25503","103082518","69504746"
"25504","103082520","103504150"
"25505","103084598","96096446"
"25506","103084598","88673372"
"25507","103084598","99972133"
"25508","103085935","72817748"
"25509","103085935","97752458"
"25510","103085935","103337171"
"25511","103086892","97749322"
"25512","103336231","99975526"
"25513","103337523","103083687"
"25514","103337523","88620270"
"25515","103337565","97745569"
"25516","103337565","78891885"
"25517","103337588","92444869"
"25518","103337590","88673653"
"25519","103339668","96096692"
"25520","103339668","88673045"
"25521","103339668","104173769"
"25522","103341005","67692459"
"25523","103341005","103082502"
"25524","103341005","103491923"
"25525","103341962","88672441"
"25526","103491530","99972388"
"25527","103492822","97749219"
"25528","103492822","104176846"
"25529","103492864","104176837"
"25530","103492864","97750338"
"25531","103492887","99972114"
"25532","103492889","80123942"
"25533","103494134","92257413"
"25534","103494134","78891694"
"25535","103494134","78896283"
"25536","103494724","92252779"
"25537","103503451","88677518"
"25538","103503451","94198013"
"25539","103503451","80123304"
"25540","104171305","103492890"
"25541","104172597","80121605"
"25542","104172597","92250103"
"25543","104172639","80129430"
"25544","104172639","104173448"
"25545","104172662","94203947"
"25546","104172664","78895440"
"25547","104174742","78890593"
"25548","104174742","99974602"
"25549","104174742","88676852"
"25550","104176079","78892862"
"25551","104176079","88675635"
"25552","104176079","94201967"
"25553","104177036","97754883"
"25554","67693043","99974818"
"25555","67693704","88619541"
"25556","67693704","86679578"
"25557","67693746","80128395"
"25558","67693746","96097990"
"25559","69502831","94202667"
"25560","69503508","88677580"
"25561","69503508","69502324"
"25562","69503550","96096834"
"25563","69503550","92445617"
"25564","69503573","103079881"
"25565","69503575","69722457"
"25566","69505151","99978902"
"25567","71483149","78896766"
"25568","71485509","103504469"
"25569","71486190","80123073"
"25570","71486190","99972213"
"25571","71486232","80123121"
"25572","71486232","71486235"
"25573","71486255","104175983"
"25574","71486257","80123798"
"25575","71487833","88675419"
"25576","78890657","103492250"
"25577","78890657","99976652"
"25578","78890699","104172696"
"25579","78890699","92446192"
"25580","78890722","86680222"
"25581","78890724","92252601"
"25582","78892803","103492717"
"25583","78892803","103491663"
"25584","78894141","92253861"
"25585","78895098","88676490"
"25586","80122782","94202821"
"25587","80123739","86684229"
"25588","80123739","78894594"
"25589","80125077","103083900"
"25590","80125077","103493057"
"25591","80125077","103081309"
"25592","80127156","96098188"
"25593","80127158","94203246"
"25594","80127181","94196984"
"25595","80127181","71485401"
"25596","80127223","86685045"
"25597","80127223","103491874"
"25598","80128516","69502658"
"25599","86679493","94202252"
"25600","86680786","103503901"
"25601","86680786","88677124"
"25602","86680828","103493065"
"25603","86680828","69499998"
"25604","86680851","78891774"
"25605","86680853","103082498"
"25606","86682931","92447221"
"25607","86682931","99974422"
"25608","86682931","99972222"
"25609","86684269","92257518"
"25610","86684269","67693422"
"25611","86685226","88672441"
"25612","88619977","103341616"
"25613","88620934","71486280"
"25614","88620934","69502724"
"25615","88622272","72763952"
"25616","88622272","103494395"
"25617","88622272","94195714"
"25618","88624350","78889699"
"25619","88624352","94198169"
"25620","88624375","103088096"
"25621","88624375","61586303"
"25622","88624417","97748520"
"25623","88624417","86680097"
"25624","88670947","69503795"
"25625","88672240","103491620"
"25626","88672240","99973465"
"25627","88672282","86679633"
"25628","88672282","97749293"
"25629","88672305","92251984"
"25630","88672307","103495131"
"25631","88674385","80126112"
"25632","88674385","78889471"
"25633","88674385","88625565"
"25634","88675723","94199097"
"25635","88675723","92258553"
"25636","88676680","86679664"
"25637","92251243","103494603"
"25638","92252536","103083630"
"25639","92252536","69499738"
"25640","92252578","80128127"
"25641","92252578","92252627"
"25642","92252601","78895446"
"25643","92252603","72817751"
"25644","92254681","88676628"
"25645","92254681","88623440"
"25646","92254681","103086401"
"25647","92256019","86680879"
"25648","92256019","97749091"
"25649","92256976","96097788"
"25650","92440521","94202824"
"25651","92441478","92252003"
"25652","92441478","78889706"
"25653","92442816","97754600"
"25654","92442816","94196696"
"25655","92444894","103343762"
"25656","92444896","71484949"
"25657","92444919","92251241"
"25658","92444919","80129639"
"25659","92444961","78894961"
"25660","92444961","71488042"
"25661","94196675","88624409"
"25662","94197968","92252540"
"25663","94197968","103086410"
"25664","94198010","99974745"
"25665","94198010","88625540"
"25666","94198033","103083246"
"25667","94198035","104176697"
"25668","94200113","103336309"
"25669","94200113","71486295"
"25670","94200113","99977623"
"25671","94201451","65801692"
"25672","94201451","99974814"
"25673","94201451","88625605"
"25674","94202408","80127221"
"25675","96092005","104171291"
"25676","96092454","86684731"
"25677","96095647","71485477"
"25678","97749418","103337176"
"25679","97752610","88671737"
"25680","97753058","103501851"
"25681","99974608","92257838"
"25682","99977800","104173825"
"25683","99978248","103502178"
"25684","103084126","99977396"
"25685","103084596","69504840"
"25686","103339196","103494605"
"25687","103339666","88623367"
"25688","103503453","99972143"
"25689","103503923","86679881"
"25690","104174270","64979691"
"25691","104174740","92444828"
"25692","67695343","80125853"
"25693","69505149","88671279"
"25694","71487831","78898955"
"25695","71489956","103087322"
"25696","78892331","69504851"
"25697","78892801","94197485"
"25698","80125079","103502464"
"25699","80125549","78896637"
"25700","86682459","92444871"
"25701","86682929","104172825"
"25702","88622274","94195720"
"25703","88622744","88676692"
"25704","88673913","61773731"
"25705","88674383","78892313"
"25706","92254209","69504612"
"25707","92254679","69502798"
"25708","92442818","94198095"
"25709","92443288","86686793"
"25710","94199641","88625597"
"25711","94200111","103088504"
"25712","96092441","94197088"
"25713","96092441","92257571"
"25714","96092633","99979578"
"25715","96092640","103501531"
"25716","96092640","80126061"
"25717","96097789","103343111"
"25718","96097789","97751622"
"25719","97747277","97747377"
"25720","97747277","103088012"
"25721","97752424","104171703"
"25722","97752424","96096613"
"25723","97752431","64914230"
"25724","97752623","67689961"
"25725","97752623","80123275"
"25726","99972467","88625320"
"25727","99972467","104173714"
"25728","99977614","92440529"
"25729","99977614","97753753"
"25730","99977621","103495625"
"25731","99977813","71485335"
"25732","99977813","92251348"
"25733","103081539","80125914"
"25734","103082744","78894910"
"25735","103083671","104171442"
"25736","103083671","71483529"
"25737","103083671","80126088"
"25738","103083671","94203487"
"25739","103083671","92444760"
"25740","103083671","103341670"
"25741","103083671","92255953"
"25742","103083755","96090961"
"25743","103083755","80123206"
"25744","103083762","80127787"
"25745","103086468","80126830"
"25746","103086538","92436879"
"25747","103087178","103086601"
"25748","103087179","104176908"
"25749","103087329","103494536"
"25750","103087334","94198036"
"25751","103087755","104172738"
"25752","103087756","103341671"
"25753","103087760","96098092"
"25754","103087760","88675418"
"25755","103087996","104177476"
"25756","103087996","78888037"
"25757","103088040","92446246"
"25758","103088349","78896278"
"25759","103336609","94203148"
"25760","103337814","92251815"
"25761","103338741","92256780"
"25762","103338741","88624319"
"25763","103338741","94198783"
"25764","103338741","92256683"
"25765","103338741","103341954"
"25766","103338741","92258050"
"25767","103338741","67696024"
"25768","103338825","92253845"
"25769","103338825","88671888"
"25770","103338832","97747810"
"25771","103341538","103492887"
"25772","103341608","86686064"
"25773","103342248","86686861"
"25774","103342249","64913025"
"25775","103342399","94202531"
"25776","103342404","78890717"
"25777","103342825","104170380"
"25778","103342826","92441026"
"25779","103342830","88672346"
"25780","103342830","88620029"
"25781","103343066","99972756"
"25782","103343066","104176597"
"25783","103343110","67689930"
"25784","103343419","88625635"
"25785","103491908","78896669"
"25786","103494526","92439942"
"25787","103501322","103081328"
"25788","103501553","103084109"
"25789","103501581","67695343"
"25790","103501581","99973469"
"25791","103501775","104173241"
"25792","103501775","92446138"
"25793","103501779","86680910"
"25794","103501780","88625326"
"25795","103501845","80125567"
"25796","103501850","96096652"
"25797","103502166","86679586"
"25798","103504287","92446154"
"25799","103504294","96097848"
"25800","103504294","96096613"
"25801","103504378","103494527"
"25802","103504378","99979953"
"25803","103504378","94197399"
"25804","103504378","88673417"
"25805","103504378","97747024"
"25806","103504378","104178107"
"25807","103504378","80127840"
"25808","104171683","103086357"
"25809","104172888","88621240"
"25810","104173815","92441000"
"25811","104173815","71488507"
"25812","104173815","80127934"
"25813","104173815","92444870"
"25814","104173815","71484879"
"25815","104173815","92256478"
"25816","104173815","97752517"
"25817","104173899","69502287"
"25818","104173899","97748426"
"25819","104173906","99979289"
"25820","104176612","92260560"
"25821","104176682","103343039"
"25822","104177322","94204076"
"25823","104177323","88676333"
"25824","104177473","71484984"
"25825","104177478","103490573"
"25826","104177899","104176890"
"25827","104177900","86686088"
"25828","104177904","99972499"
"25829","104177904","97752969"
"25830","104178140","67692404"
"25831","104178140","103082696"
"25832","104178184","67690082"
"25833","104178493","103082453"
"25834","62959848","103338658"
"25835","64914461","103504197"
"25836","65801919","80122823"
"25837","65987370","69505247"
"25838","67695034","92253074"
"25839","67695999","80122962"
"25840","67695999","96095229"
"25841","67695999","59213385"
"25842","67696015","96099530"
"25843","67696015","88672424"
"25844","67696761","96090903"
"25845","67697284","62959849"
"25846","69502592","94196804"
"25847","69504839","104183687"
"25848","69505819","96091177"
"25849","69505819","103336391"
"25850","69505819","103493319"
"25851","69506622","103345282"
"25852","69507144","67691008"
"25853","69722455","104174252"
"25854","71485268","78890036"
"25855","71487521","97754752"
"25856","71487852","80122970"
"25857","71488507","103338951"
"25858","71488507","78894406"
"25859","71488507","80121910"
"25860","71488507","65801690"
"25861","71488507","88621024"
"25862","71488507","92440530"
"25863","71489235","92258423"
"25864","71489236","103088739"
"25865","71489315","97746987"
"25866","71489808","88618792"
"25867","71489843","94202064"
"25868","71491098","71482660"
"25869","71491099","69722460"
"25870","72766498","96098168"
"25871","72817729","99972147"
"25872","78889742","104178585"
"25873","78891875","78896767"
"25874","78891875","97751453"
"25875","78891875","103081161"
"25876","78891875","71486194"
"25877","78891875","97748312"
"25878","78891875","88623352"
"25879","78891959","69503695"
"25880","78891966","103081559"
"25881","78894674","99972556"
"25882","78894744","103087726"
"25883","78895385","103342398"
"25884","78895386","88625612"
"25885","78895536","88680538"
"25886","78895541","94201284"
"25887","78895964","80127944"
"25888","78895965","96097997"
"25889","78895969","99980355"
"25890","78896249","103494488"
"25891","78896558","86684935"
"25892","80121322","97753490"
"25893","80121631","88625516"
"25894","80121911","103081733"
"25895","80121911","92440919"
"25896","80121915","97748309"
"25897","80121916","80119114"
"25898","80122339","92250287"
"25899","80122344","92251304"
"25900","80122494","88677123"
"25901","80122495","71485270"
"25902","80123136","86685517"
"25903","80123206","103087756"
"25904","80125914","78895530"
"25905","80125921","80121429"
"25906","80125921","71486378"
"25907","80126005","86680052"
"25908","80126005","88618403"
"25909","80126005","103081260"
"25910","80126005","71482311"
"25911","80126005","65801690"
"25912","80126005","103082559"
"25913","80126005","103492883"
"25914","80126005","88619975"
"25915","80128138","96095754"
"25916","86679871","103338783"
"25917","86682004","92447578"
"25918","86682004","103491925"
"25919","86682004","104171693"
"25920","86682004","97747676"
"25921","86682004","92256629"
"25922","86682004","88624290"
"25923","86682004","88673417"
"25924","86682088","92251941"
"25925","86682088","88678039"
"25926","86682095","103081158"
"25927","86684802","71483422"
"25928","86684872","88620477"
"25929","86685513","86685230"
"25930","86685514","88670953"
"25931","86685664","88625039"
"25932","86685669","88678157"
"25933","86686092","86680217"
"25934","86686093","104172034"
"25935","86686097","92447225"
"25936","86686097","88625358"
"25937","86686333","97753752"
"25938","86686377","96091207"
"25939","86686686","104172941"
"25940","88618517","104179446"
"25941","88618826","99976773"
"25942","88619106","104178213"
"25943","88619110","78892801"
"25944","88619111","94198139"
"25945","88619534","69505526"
"25946","88619539","92251296"
"25947","88619689","103336434"
"25948","88619690","97754783"
"25949","88620331","94201928"
"25950","88620401","103490621"
"25951","88623108","96092858"
"25952","88623115","104177207"
"25953","88623115","103085889"
"25954","88623199","59665176"
"25955","88623199","92258152"
"25956","88623199","78895934"
"25957","88623199","86680891"
"25958","88623199","72766512"
"25959","88623199","99974214"
"25960","88623199","99979293"
"25961","88625332","78895199"
"25962","88671325","97746957"
"25963","88673458","80127034"
"25964","88673458","92439621"
"25965","88673458","104170348"
"25966","88673458","103082102"
"25967","88673458","67695408"
"25968","88673458","92256532"
"25969","88673458","104176839"
"25970","88673542","104173737"
"25971","88673542","88619976"
"25972","88673549","103083304"
"25973","88676256","72815278"
"25974","88676326","103086761"
"25975","88676967","92444769"
"25976","88676968","97747277"
"25977","88677118","94195531"
"25978","88677123","72817666"
"25979","88677546","92251018"
"25980","88677547","88624227"
"25981","88677551","103495070"
"25982","88677551","78890084"
"25983","88677787","88676781"
"25984","88677787","88625644"
"25985","88677831","103081251"
"25986","88678140","80123120"
"25987","92251621","92443305"
"25988","92253754","92445924"
"25989","92253754","99979255"
"25990","92253754","92443541"
"25991","92253754","69502259"
"25992","92253754","62959504"
"25993","92253754","103081172"
"25994","92253754","92444168"
"25995","92253838","92251325"
"25996","92253838","103341480"
"25997","92253845","92252978"
"25998","92256552","103341471"
"25999","92256622","78890748"
"26000","92257263","103342368"
"26001","92257264","78894659"
"26002","92257414","86679679"
"26003","92257419","71485948"
"26004","92257842","78890846"
"26005","92257843","86684934"
"26006","92257847","104178114"
"26007","92257847","80121240"
"26008","92258083","103338062"
"26009","92258083","103338642"
"26010","92258127","99977621"
"26011","92258436","92441405"
"26012","92439061","97746490"
"26013","92439370","99973512"
"26014","92439414","71489835"
"26015","92439650","104171306"
"26016","92439650","103336726"
"26017","92439654","103494619"
"26018","92439655","88620514"
"26019","92440078","103337526"
"26020","92440083","103341962"
"26021","92440875","80128137"
"26022","92440945","80122913"
"26023","92443652","80127223"
"26024","92443659","92446250"
"26025","92443659","103336306"
"26026","92443743","88623401"
"26027","92443743","92444855"
"26028","92443743","80123131"
"26029","92443743","103087868"
"26030","92443743","103087611"
"26031","92443743","78895535"
"26032","92443743","99973565"
"26033","92445876","92256978"
"26034","94197053","96097244"
"26035","94198259","103089005"
"26036","94199186","97746910"
"26037","94199186","97751629"
"26038","94199186","103491922"
"26039","94199186","88620824"
"26040","94199186","92255973"
"26041","94199186","103492929"
"26042","94199186","88669623"
"26043","94199270","103341608"
"26044","94199270","97748190"
"26045","94199277","88623018"
"26046","94201984","92251979"
"26047","94202054","92257847"
"26048","94202695","97749606"
"26049","94202696","103343809"
"26050","94202846","96097604"
"26051","94202851","86685215"
"26052","94203274","78894908"
"26053","94203275","88669623"
"26054","94203279","88677423"
"26055","94203279","86680855"
"26056","94203515","92258054"
"26057","94203515","94202845"
"26058","94203559","88618843"
"26059","94203868","88672283"
"26060","96091238","103341816"
"26061","96091907","69504543"
"26062","96092155","96089047"
"26063","96092156","92441515"
"26064","96096296","104171840"
"26065","96096337","88619430"
"26066","96096337","103341518"
"26067","96096344","78889751"
"26068","96096345","69722495"
"26069","96096345","69502229"
"26070","96096695","99978418"
"26071","96096695","86678137"
"26072","96096696","88619986"
"26073","96096776","92446189"
"26074","96096777","97748992"
"26075","96096877","92439920"
"26076","96096877","69505242"
"26077","96096878","99974069"
"26078","96096878","80121204"
"26079","96096879","103493814"
"26080","96096879","103338936"
"26081","96096879","86686910"
"26082","96097500","97752582"
"26083","96097500","99972231"
"26084","97747566","99971991"
"26085","97747566","97746993"
"26086","97748186","80123775"
"26087","97748186","88676546"
"26088","97748187","71488520"
"26089","97748187","88620103"
"26090","97748188","99973466"
"26091","97748188","94202244"
"26092","97748289","92446254"
"26093","97748369","94195676"
"26094","97748370","97746987"
"26095","97748370","103336315"
"26096","97748721","97747028"
"26097","97748728","92258548"
"26098","97748769","88676201"
"26099","97753155","69502222"
"26100","97753823","103080260"
"26101","99972756","69500085"
"26102","99972756","88619561"
"26103","99973376","92249881"
"26104","99973376","78894220"
"26105","99973376","97748189"
"26106","99973377","103342202"
"26107","99973377","104173770"
"26108","99973378","96096654"
"26109","99973378","103336330"
"26110","99973378","67693888"
"26111","99973478","71485281"
"26112","99973479","71483429"
"26113","99973559","94198098"
"26114","99973560","103491594"
"26115","99973560","103494671"
"26116","99973910","99973026"
"26117","99973910","88680515"
"26118","99973911","71488342"
"26119","99973918","97747027"
"26120","99973959","69502698"
"26121","99978345","69502293"
"26122","99979013","80126144"
"26123","97748288","103491931"
"26124","97748720","80122972"
"26125","97748720","92440532"
"26126","103086432","96096785"
"26127","103086833","78890259"
"26128","103341502","78896073"
"26129","103341903","80121911"
"26130","103494439","103341308"
"26131","104171318","103491633"
"26132","104171318","80122793"
"26133","104176576","78889439"
"26134","104176977","96092341"
"26135","64914312","97747353"
"26136","65801770","103083622"
"26137","65987221","103494724"
"26138","67694885","97754188"
"26139","69504690","94199648"
"26140","71487372","97752491"
"26141","78894638","96092598"
"26142","80123242","71484901"
"26143","86684766","86679888"
"26144","88620437","96092384"
"26145","88676220","78889364"
"26146","92256516","103338688"
"26147","92440981","78894600"
"26148","94201948","71488113"
"26149","96090799","97753984"
"26150","96090807","99977467"
"26151","96092549","78889759"
"26152","97752515","78891776"
"26153","97754252","94201926"
"26154","97754260","88619987"
"26155","99977705","69500393"
"26156","99979442","69499953"
"26157","99979450","103083001"
"26158","103087176","104172730"
"26159","103342246","94203677"
"26160","104177320","103337766"
"26161","71491087","103494603"
"26162","78895383","80125053"
"26163","80122497","78896664"
"26164","86685511","99972144"
"26165","88619692","96093762"
"26166","88676965","103086704"
"26167","92257261","103082497"
"26168","94202693","103502408"
"26169","96088986","80122918"
"26170","96090901","104176188"
"26171","96091292","99972217"
"26172","96092158","96092155"
"26173","96093603","69500412"
"26174","96093603","88620456"
"26175","97751461","103341522"
"26176","97751461","92256917"
"26177","97753769","78892801"
"26178","97754160","99979179"
"26179","97754627","78898901"
"26180","99976651","86685364"
"26181","99976651","71485939"
"26182","99978959","103336360"
"26183","99979350","88677093"
"26184","99979817","94197373"
"26185","103081636","78896275"
"26186","103081636","104176044"
"26187","103082452","104171724"
"26188","103082452","96092454"
"26189","103082494","103492218"
"26190","103082494","92256630"
"26191","103084721","103338692"
"26192","103086785","103088369"
"26193","103086785","97752431"
"26194","103086785","88676554"
"26195","103336706","88675627"
"26196","103336706","103502408"
"26197","103337522","96098079"
"26198","103337522","88676220"
"26199","103337564","86686300"
"26200","103337564","65797634"
"26201","103339791","71486091"
"26202","103341855","97748276"
"26203","103341855","97752224"
"26204","103341855","96097489"
"26205","103492005","96096778"
"26206","103492005","104173770"
"26207","103492821","88624290"
"26208","103492821","80121766"
"26209","103492863","104176529"
"26210","103492863","103083895"
"26211","103494670","99976675"
"26212","103494670","88620480"
"26213","103494670","80118926"
"26214","103503328","88619002"
"26215","104171780","92255816"
"26216","104171780","94201835"
"26217","104172596","103336295"
"26218","104172596","94196745"
"26219","104172638","103495441"
"26220","104172638","88624375"
"26221","104174865","69500831"
"26222","104176929","103086382"
"26223","104176929","71482660"
"26224","104176929","96090668"
"26225","59671170","104177468"
"26226","61586302","86680790"
"26227","61682130","104172790"
"26228","61770028","88619106"
"26229","62962047","92255020"
"26230","64916740","86679827"
"26231","64984870","103503941"
"26232","65804222","71485475"
"26233","65989650","103503457"
"26234","67693038","92251315"
"26235","67693703","99973478"
"26236","67693703","71483077"
"26237","67693745","94199048"
"26238","67693745","88625712"
"26239","67697378","103083671"
"26240","69502826","97747061"
"26241","69502826","96092587"
"26242","69503507","97748229"
"26243","69503507","92439654"
"26244","69503549","80127957"
"26245","69503549","99972218"
"26246","69504576","92258412"
"26247","69507239","96095580"
"26248","71485504","97751773"
"26249","71485504","92440560"
"26250","71486189","80123261"
"26251","71486189","97752680"
"26252","71486231","103343094"
"26253","71486231","104176997"
"26254","71487258","97754161"
"26255","71487258","86679546"
"26256","71487258","94199103"
"26257","71489938","97753456"
"26258","78889839","78896173"
"26259","78889839","92251638"
"26260","78890656","92251330"
"26261","78890656","99972467"
"26262","78890698","69500777"
"26263","78890698","103081360"
"26264","78892926","94198506"
"26265","78894991","103493814"
"26266","78894991","80122360"
"26267","78894991","88616142"
"26268","80122889","103339940"
"26269","80122889","88675832"
"26270","80122889","92256496"
"26271","80124954","99978792"
"26272","80127182","103491957"
"26273","80127182","94198073"
"26274","80127224","71482396"
"26275","80127224","104177175"
"26276","80128041","78894593"
"26277","80128041","94197863"
"26278","86679968","103336555"
"26279","86679968","103082543"
"26280","86680785","86686767"
"26281","86680785","88676672"
"26282","86680827","78895960"
"26283","86680827","86681029"
"26284","86683054","71487941"
"26285","86685119","103081225"
"26286","86685119","86685217"
"26287","88620084","92440961"
"26288","88620084","99976814"
"26289","88622149","92441012"
"26290","88624376","69502658"
"26291","88624376","92445867"
"26292","88624418","92256956"
"26293","88624418","69503696"
"26294","88625235","88624372"
"26295","88625235","97749645"
"26296","88671422","103088072"
"26297","88671422","80122584"
"26298","88672239","104172786"
"26299","88672239","69504520"
"26300","88672281","97748313"
"26301","88672281","88677947"
"26302","88674508","71488170"
"26303","88676573","103336569"
"26304","88676573","94198061"
"26305","88676573","88626850"
"26306","92251718","96098523"
"26307","92251718","86683054"
"26308","92252535","97754300"
"26309","92252535","80123776"
"26310","92252577","103088765"
"26311","92252577","80121709"
"26312","92254804","88624276"
"26313","92256869","104177479"
"26314","92256869","104176188"
"26315","92256869","78890806"
"26316","92440628","86686770"
"26317","92440628","104178111"
"26318","92442693","69502666"
"26319","92444920","71489236"
"26320","92444920","103501014"
"26321","92444962","67690049"
"26322","92444962","61581008"
"26323","92445779","103082460"
"26324","92445779","80127620"
"26325","94197150","86678552"
"26326","94197150","80128124"
"26327","94197967","88671033"
"26328","94197967","94197068"
"26329","94198009","96096337"
"26330","94198009","104177478"
"26331","94200236","103492826"
"26332","94202301","97754536"
"26333","94202301","78889417"
"26334","94202301","78889428"
"26335","96089145","104171320"
"26336","96091521","99977472"
"26337","96099499","104170380"
"26338","97745609","103490522"
"26339","97753540","103502174"
"26340","97754468","99978247"
"26341","99970799","71484759"
"26342","99978730","88678282"
"26343","99979658","103088041"
"26344","103081144","103334911"
"26345","103082956","88670535"
"26346","103082956","104172596"
"26347","103086537","86680973"
"26348","103087177","104171683"
"26349","103087966","104170226"
"26350","103336214","64914461"
"26351","103338026","103494706"
"26352","103338026","67692416"
"26353","103341607","88671060"
"26354","103342247","97747815"
"26355","103343036","103491861"
"26356","103493325","92251643"
"26357","103494525","104170376"
"26358","103501610","104178116"
"26359","104171288","80123835"
"26360","104173100","97750320"
"26361","104173100","88625600"
"26362","104176681","88620967"
"26363","104177321","97754297"
"26364","104178110","103080260"
"26365","62959847","78889426"
"26366","64914460","103343135"
"26367","65801918","88673350"
"26368","65804070","67692826"
"26369","65805339","92444819"
"26370","65987369","92251370"
"26371","67695033","92260803"
"26372","69504838","103082797"
"26373","71486693","104177591"
"26374","71487520","92251351"
"26375","71489836","80123135"
"26376","71491088","67692435"
"26377","78891160","86680911"
"26378","78894743","88671048"
"26379","78895384","96098108"
"26380","78896175","92258156"
"26381","80121705","86686702"
"26382","80122496","88618530"
"26383","80123137","103490618"
"26384","80126720","104176593"
"26385","86681289","92445867"
"26386","86684871","78896281"
"26387","86685512","104172042"
"26388","86686303","103341479"
"26389","88618900","86686999"
"26390","88619691","103088363"
"26391","88620332","97748992"
"26392","88623914","67694941"
"26393","88672743","69502592"
"26394","88676325","103087031"
"26395","88676966","88669590"
"26396","88677757","103501613"
"26397","92253039","104171407"
"26398","92256621","67694652"
"26399","92257262","88672266"
"26400","92258053","69722458"
"26401","92439444","71482535"
"26402","92440876","103341519"
"26403","92444458","92444838"
"26404","94196658","69502684"
"26405","94198471","88673350"
"26406","94198471","88620109"
"26407","94202053","97752519"
"26408","94202694","88619564"
"26409","94203485","88671278"
"26410","96090841","61581011"
"26411","96092157","86678424"
"26412","96092641","80122779"
"26413","97752423","78894050"
"26414","97754220","103088245"
"26415","99977613","92440944"
"26416","99979410","96098041"
"26417","103086433","80127074"
"26418","103087020","92256844"
"26419","103088653","103080253"
"26420","103088654","104171434"
"26421","103088657","104173906"
"26422","103088658","88625568"
"26423","103341503","103336369"
"26424","103342090","80127130"
"26425","103343723","104176143"
"26426","103343724","86684269"
"26427","103343727","88671007"
"26428","103343728","78896700"
"26429","103494440","96092790"
"26430","103494837","78894935"
"26431","103501245","92446204"
"26432","103501246","94201560"
"26433","103501249","80122978"
"26434","103501250","94205706"
"26435","104176577","103491915"
"26436","104177164","92255979"
"26437","104178797","103337966"
"26438","104178798","94205936"
"26439","104178801","97748730"
"26440","104178802","97745863"
"26441","65800591","71489836"
"26442","65800691","69504629"
"26443","67694658","104172699"
"26444","67695610","88623115"
"26445","67695611","86681326"
"26446","69504462","94198177"
"26447","69505416","88619718"
"26448","69505417","86681926"
"26449","71487144","86689132"
"26450","71488098","86685823"
"26451","71488099","71484902"
"26452","78895226","96097749"
"26453","78896864","96095888"
"26454","78896865","88623624"
"26455","78896868","92442693"
"26456","78896869","96096742"
"26457","80121011","92446204"
"26458","80121012","88671010"
"26459","80121015","96092540"
"26460","80121016","92446120"
"26461","80122654","99977301"
"26462","86684767","96098101"
"26463","86685354","92441566"
"26464","86686992","80128121"
"26465","86686993","104171724"
"26466","86686996","103079849"
"26467","86686997","92445556"
"26468","88618206","80128403"
"26469","88618207","88676334"
"26470","88618210","99971759"
"26471","88618211","103491594"
"26472","88619849","88676935"
"26473","88620436","104177559"
"26474","88676221","97753480"
"26475","88676808","88616120"
"26476","88678446","88619533"
"26477","88678447","78894964"
"26478","88678450","97752274"
"26479","88678451","92439671"
"26480","92256517","103339094"
"26481","92257104","92251328"
"26482","92258742","97748274"
"26483","92258743","92445862"
"26484","92258746","97752495"
"26485","92258747","80128519"
"26486","92438750","92444953"
"26487","92438754","97748307"
"26488","92438755","92258578"
"26489","92440393","103338943"
"26490","94201949","96099498"
"26491","94202536","92255967"
"26492","94204174","92444053"
"26493","94204175","67695460"
"26494","94204178","97746952"
"26495","94204179","86681958"
"26496","96090672","80128402"
"26497","96090673","103086398"
"26498","96090675","88618410"
"26499","96090676","104173402"
"26500","96090677","69502608"
"26501","96090679","103340909"
"26502","96090983","99970999"
"26503","96091173","67694886"
"26504","96091174","97751360"
"26505","96091577","104173634"
"26506","96091850","97749322"
"26507","96092188","97748209"
"26508","96093289","103088069"
"26509","96093289","71485380"
"26510","96096838","94197869"
"26511","96096838","92445912"
"26512","96096839","72817382"
"26513","96096840","96092735"
"26514","96097504","86680785"
"26515","96097504","92251630"
"26516","96099501","88670948"
"26517","97745607","78894744"
"26518","97745965","92438852"
"26519","97747562","88623000"
"26520","97747562","94198139"
"26521","97748225","104176995"
"26522","97748226","94197084"
"26523","97748227","103495577"
"26524","97748227","94201561"
"26525","97752875","86680828"
"26526","97753484","94198050"
"26527","97753885","96092606"
"26528","97753887","88619534"
"26529","97753888","104175988"
"26530","97754078","96098055"
"26531","97754380","99973957"
"26532","97754382","67690989"
"26533","97754383","103082057"
"26534","97754384","103080088"
"26535","97754386","88672584"
"26536","97754387","103492282"
"26537","99970797","88673661"
"26538","99971155","103087864"
"26539","99972752","72817507"
"26540","99972752","103087966"
"26541","99973415","94196739"
"26542","99973415","69502236"
"26543","99973416","103338663"
"26544","99973417","104176557"
"26545","99973417","67689921"
"26546","99978065","67692372"
"26547","99978674","99973514"
"26548","99979077","86685046"
"26549","99979078","103339791"
"26550","99979268","92249879"
"26551","99979570","104177895"
"26552","99979572","103494404"
"26553","99979573","103491580"
"26554","99979574","88676023"
"26555","99979576","78888224"
"26556","99979577","86680387"
"26557","103081538","99977932"
"26558","103086431","103492891"
"26559","103336608","88625301"
"26560","103341501","103342934"
"26561","103491907","103494533"
"26562","103494438","103340700"
"26563","104171682","80123629"
"26564","104176575","92439440"
"26565","64914311","99972130"
"26566","65800051","92252585"
"26567","65800457","80121305"
"26568","65800468","71487374"
"26569","65801769","103084108"
"26570","65987220","92447400"
"26571","67692803","78896365"
"26572","67694884","78891495"
"26573","69502591","92250276"
"26574","69504689","92257310"
"26575","71485267","92443658"
"26576","71487371","96088986"
"26577","78889741","92440541"
"26578","78894637","96090966"
"26579","80123243","78894051"
"26580","80128139","88620018"
"26581","86679870","92439444"
"26582","86684765","92446179"
"26583","88620438","99977934"
"26584","88625333","103342514"
"26585","88671324","103336968"
"26586","88676219","103086400"
"26587","92251620","97747377"
"26588","92256515","71489833"
"26589","92440982","88621022"
"26590","92445877","80126684"
"26591","94197052","96091452"
"26592","94201947","88676492"
"26593","96091572","103494035"
"26594","96092442","88673326"
"26595","96092580","88676219"
"26596","97752484","92252629"
"26597","97752622","99974212"
"26598","97753489","96096791"
"26599","99977674","94198100"
"26600","99977812","71485013"
"26601","99978679","104171370"
"26602","103081219","103494305"
"26603","103081219","67695455"
"26604","103081219","99973025"
"26605","103082099","88618516"
"26606","103082100","103081621"
"26607","103082541","94202399"
"26608","103087817","92444873"
"26609","103336289","103336305"
"26610","103336289","65987222"
"26611","103336289","71489794"
"26612","103337169","94203309"
"26613","103337170","97747200"
"26614","103337611","94196680"
"26615","103342887","103082518"
"26616","103491588","78896574"
"26617","103491588","97752962"
"26618","103491588","72766417"
"26619","103492468","71489693"
"26620","103492469","88623613"
"26621","103492910","86680884"
"26622","103501722","97747080"
"26623","104171363","88619000"
"26624","104171363","92256976"
"26625","104171363","104175991"
"26626","104172243","69504462"
"26627","104172244","96097788"
"26628","104172685","96090964"
"26629","104173761","86681852"
"26630","104173926","64914234"
"26631","104173927","103504433"
"26632","104177961","103086600"
"26633","65800590","86684229"
"26634","65800590","103502174"
"26635","67692468","103087319"
"26636","69502256","86686998"
"26637","69502256","103087415"
"26638","69502256","104170874"
"26639","69503172","99979354"
"26640","69503596","92251963"
"26641","71484929","86685052"
"26642","71484929","86686076"
"26643","71484929","92444829"
"26644","71485853","88619946"
"26645","71485854","88675512"
"26646","71486278","94198873"
"26647","71489243","96097866"
"26648","78889422","103335331"
"26649","78889422","103336313"
"26650","78889422","88678247"
"26651","78890302","92251309"
"26652","78890303","99971771"
"26653","78890745","92258749"
"26654","78896026","97749838"
"26655","80121854","86681777"
"26656","80127135","80123221"
"26657","80127577","80127576"
"26658","80127578","94202537"
"26659","80128458","94195321"
"26660","80128458","96093196"
"26661","80128458","103336983"
"26662","86679551","94201152"
"26663","86679551","92251364"
"26664","86679551","86686848"
"26665","86680431","97754086"
"26666","86680432","78894968"
"26667","86680874","71488139"
"26668","86682116","88673058"
"26669","86686154","99978369"
"26670","88619049","69508394"
"26671","88624329","99973643"
"26672","88624771","103338589"
"26673","88624772","86679543"
"26674","88625652","104178395"
"26675","88625652","104173991"
"26676","88625652","103494659"
"26677","88671005","96091581"
"26678","88671005","103494440"
"26679","88671005","103340006"
"26680","88671885","104178714"
"26681","88671886","64914231"
"26682","88672328","103085750"
"26683","88673404","86679828"
"26684","88673569","80122779"
"26685","88673570","96098113"
"26686","88677608","69506595"
"26687","92251301","67690982"
"26688","92251301","78890900"
"26689","92251301","92253528"
"26690","92252181","80122527"
"26691","92252182","103336231"
"26692","92252624","67695455"
"26693","92257904","72815275"
"26694","92439593","67690770"
"26695","92444873","104172025"
"26696","92445315","71486433"
"26697","92445316","96092495"
"26698","92446196","86679880"
"26699","92446196","103084009"
"26700","92446196","92446089"
"26701","94196733","103086351"
"26702","94196733","92258534"
"26703","94196733","104173040"
"26704","94197613","88673078"
"26705","94197614","92444960"
"26706","94198056","103083570"
"26707","94199132","80123772"
"26708","94199297","80121335"
"26709","94199298","97747562"
"26710","94203336","71488491"
"26711","96088905","69502223"
"26712","96090905","104174017"
"26713","96092493","88675683"
"26714","96092493","96096345"
"26715","96092494","65804223"
"26716","96092495","69503254"
"26717","96092642","94197279"
"26718","96092642","88670945"
"26719","96092643","80123660"
"26720","96092643","92256776"
"26721","96092883","88672338"
"26722","96095553","97753456"
"26723","96095554","103492915"
"26724","96095718","80123241"
"26725","96095719","97752090"
"26726","96095720","103495439"
"26727","97752421","88618355"
"26728","97752421","86686088"
"26729","97752422","103079848"
"26730","97752422","103337125"
"26731","97752569","65805333"
"26732","97752570","78895536"
"26733","97752571","71485361"
"26734","97752571","96093585"
"26735","97754156","92251357"
"26736","97754234","104172244"
"26737","97754708","104177734"
"26738","99977611","88673662"
"26739","99977611","94198037"
"26740","99977612","103081485"
"26741","99977612","88625323"
"26742","99977759","103335252"
"26743","99977760","80122978"
"26744","99977761","86685805"
"26745","99977761","86682335"
"26746","99979346","88620036"
"26747","99979898","88671337"
"26748","103082556","86681604"
"26749","103082556","104176902"
"26750","103082556","103491614"
"26751","103082556","88622998"
"26752","103082556","86685670"
"26753","103085846","88626666"
"26754","103085848","88621137"
"26755","103085849","97747220"
"26756","103337626","104177280"
"26757","103337626","88671339"
"26758","103337626","86688894"
"26759","103337626","86679663"
"26760","103337626","96097488"
"26761","103340916","78888373"
"26762","103340918","103492963"
"26763","103340919","78895969"
"26764","103492925","67690123"
"26765","103492925","103336336"
"26766","103492925","97746955"
"26767","103492925","104177040"
"26768","103492925","88625318"
"26769","103502460","103341115"
"26770","103502461","104172246"
"26771","103502463","103492912"
"26772","104172700","71484750"
"26773","104172700","80122338"
"26774","104172700","88627034"
"26775","104172700","80126579"
"26776","104172700","69504340"
"26777","104173772","92251318"
"26778","104175990","103501310"
"26779","104175992","94199197"
"26780","104175993","67693342"
"26781","61683079","88625589"
"26782","61683079","97747577"
"26783","65803283","103344073"
"26784","67693807","99979015"
"26785","67693807","92439157"
"26786","67693807","65799709"
"26787","67693807","88620401"
"26788","67695456","80122793"
"26789","67695457","103495968"
"26790","67695458","99974522"
"26791","69503611","80121321"
"26792","69503611","104171652"
"26793","69503611","103336991"
"26794","69503611","103087972"
"26795","69505262","92447210"
"26796","69505263","88624311"
"26797","69505264","92445621"
"26798","71486293","67693771"
"26799","71486293","86684888"
"26800","71486293","103082541"
"26801","71486293","94201415"
"26802","71486293","78891776"
"26803","71487944","96094728"
"26804","71487945","103338108"
"26805","71487946","99976767"
"26806","78890760","103493215"
"26807","78890760","92256515"
"26808","78890760","104172738"
"26809","78890760","88673306"
"26810","78890760","103494525"
"26811","78894052","86679675"
"26812","78894054","103502462"
"26813","78894055","103491928"
"26814","80123825","96093060"
"26815","80123826","88625626"
"26816","80123828","67695460"
"26817","80127120","94195653"
"26818","80127120","103086433"
"26819","80127120","78890260"
"26820","80127120","88625611"
"26821","80127120","69499957"
"26822","86680889","92252629"
"26823","86680889","103337710"
"26824","86680889","103088955"
"26825","86680889","71485915"
"26826","86680889","103343366"
"26827","86684180","99976808"
"26828","86684182","69500751"
"26829","86684183","103501785"
"26830","88621020","96098092"
"26831","88621021","92258453"
"26832","88621023","103343641"
"26833","88624314","97747029"
"26834","88624314","88620106"
"26835","88624314","94197972"
"26836","88624314","61581058"
"26837","88624314","92260504"
"26838","88672343","88625325"
"26839","88672343","97747566"
"26840","88672343","104176542"
"26841","88672343","94198772"
"26842","88672343","103083847"
"26843","88673415","97748767"
"26844","88673418","103088570"
"26845","88675634","94197614"
"26846","88675636","80128453"
"26847","88675637","92256517"
"26848","92252639","103081308"
"26849","92252639","80127882"
"26850","92252639","103082456"
"26851","92252639","86682210"
"26852","92252639","104171371"
"26853","92255930","103082840"
"26854","92255932","99979845"
"26855","92255933","103336218"
"26856","92441564","78889694"
"26857","92441565","103336339"
"26858","92441567","103338940"
"26859","92444858","92444110"
"26860","92444858","104177869"
"26861","92444858","78889936"
"26862","92444858","103088932"
"26863","92444858","96091088"
"26864","94198071","99973498"
"26865","94198071","103490426"
"26866","94198071","86679883"
"26867","94198071","80123277"
"26868","94198071","88677102"
"26869","94199143","92253982"
"26870","94199146","86680787"
"26871","94201362","88671048"
"26872","94201364","69504612"
"26873","94201365","71483197"
"26874","96092000","92444894"
"26875","96092385","78889742"
"26876","96092882","92251369"
"26877","96092887","92444812"
"26878","96092981","99973502"
"26879","96093338","88676181"
"26880","96093486","78891722"
"26881","96093487","69507094"
"26882","96093488","96098078"
"26883","96093489","69502832"
"26884","96093490","88623298"
"26885","96095581","94201243"
"26886","96095581","80122351"
"26887","96099174","104175869"
"26888","97749484","103495066"
"26889","97749484","71485670"
"26890","97751574","88673574"
"26891","97751575","94205867"
"26892","97751576","71487536"
"26893","97751577","71487922"
"26894","97751578","94201949"
"26895","97751726","92252094"
"26896","97752083","96096874"
"26897","97752177","99972387"
"26898","97752182","71482389"
"26899","97752679","94202245"
"26900","97753063","78894051"
"26901","99974674","103492971"
"26902","99974674","96092625"
"26903","99976764","96092631"
"26904","99976765","59671170"
"26905","99976766","99974221"
"26906","99976767","59665189"
"26907","99976768","86685648"
"26908","99976916","67695453"
"26909","99977273","88626666"
"26910","99977367","97754468"
"26911","99977372","88671126"
"26912","99977869","94206139"
"26913","99978253","94202220"
"26914","103081557","92447413"
"26915","103081557","78896638"
"26916","103084723","88672428"
"26917","103085879","99974437"
"26918","103085880","103337614"
"26919","103085882","88669897"
"26920","103086466","92445877"
"26921","103086466","103081881"
"26922","103336627","103336543"
"26923","103336627","88623869"
"26924","103339793","86684785"
"26925","103340949","78895960"
"26926","103340950","103343419"
"26927","103340952","80128427"
"26928","103341536","92251552"
"26929","103341536","92250900"
"26930","103491926","88675511"
"26931","103491926","96093567"
"26932","103502168","92445521"
"26933","103502168","96098083"
"26934","103502427","88620993"
"26935","103502429","96095210"
"26936","103502430","97752963"
"26937","103503326","88670872"
"26938","104171701","88673668"
"26939","104171701","67695455"
"26940","104174867","96095438"
"26941","104176023","103493662"
"26942","104176024","99978341"
"26943","104176026","67692805"
"26944","104176610","92440262"
"26945","104176610","78896251"
"26946","59669958","104172623"
"26947","61585044","96091365"
"26948","61585044","86682205"
"26949","61680857","71487202"
"26950","61768761","103492163"
"26951","62960698","86680914"
"26952","64915289","103085873"
"26953","64983611","80122338"
"26954","64983611","103083302"
"26955","65798026","71488507"
"26956","65799363","88625608"
"26957","65802749","97747367"
"26958","65802856","103337616"
"26959","65802856","104171437"
"26960","65802856","67698522"
"26961","65803602","88624417"
"26962","65988198","103085873"
"26963","67692822","94201361"
"26964","67692822","80121415"
"26965","67695362","94204176"
"26966","67695868","80121625"
"26967","69502610","104176545"
"26968","69502610","104173991"
"26969","69505168","80121599"
"26970","69505676","61772536"
"26971","71485286","96093489"
"26972","71485286","103083336"
"26973","71487850","96098055"
"26974","71487850","71486193"
"26975","71488362","71487942"
"26976","78889760","86680876"
"26977","78889760","86680978"
"26978","78892928","96097789"
"26979","78894085","92257843"
"26980","78894086","96091175"
"26981","78894088","86685505"
"26982","78894672","94199137"
"26983","80123208","71489836"
"26984","80123208","96090872"
"26985","80123792","92441531"
"26986","80123794","97746952"
"26987","80123795","99973432"
"26988","80124952","88625713"
"26989","80128120","94199133"
"26990","80128120","97754656"
"26991","86679889","94201361"
"26992","86679889","103492005"
"26993","86683056","103339661"
"26994","86684213","103081540"
"26995","86684214","65801031"
"26996","86684216","92444718"
"26997","86684800","88672683"
"26998","86684800","94196750"
"26999","88620403","103082545"
"27000","88620987","92439844"
"27001","88620989","103086690"
"27002","88620990","103339668"
"27003","88622147","94197005"
"27004","88625314","103343498"
"27005","88625314","86679622"
"27006","88671343","78889744"
"27007","88671343","103081897"
"27008","88674510","88623602"
"27009","88675667","92443783"
"27010","88675668","69499649"
"27011","88675670","88677887"
"27012","88676254","69502796"
"27013","88676254","103340695"
"27014","92251639","80121118"
"27015","92251639","103082101"
"27016","92254806","96091764"
"27017","92255963","99978645"
"27018","92255964","103492916"
"27019","92255966","103085999"
"27020","92256550","104176694"
"27021","92256550","86680836"
"27022","92440947","88671122"
"27023","92441531","80125776"
"27024","92441533","94204023"
"27025","92441534","97752328"
"27026","92442691","65800588"
"27027","92445858","92255957"
"27028","92445858","104170406"
"27029","94197071","86680126"
"27030","94197071","103341855"
"27031","94200238","97748197"
"27032","94201395","94198138"
"27033","94201396","71489836"
"27034","94201398","103081308"
"27035","94201982","97747221"
"27036","94201982","103493626"
"27037","96088869","96092884"
"27038","96088869","96094400"
"27039","96088872","88673141"
"27040","96089181","69506565"
"27041","96091090","86684180"
"27042","96093400","71484931"
"27043","96093400","103337568"
"27044","96093400","97749628"
"27045","96094738","69502224"
"27046","96094738","94201964"
"27047","96094738","88676544"
"27048","96095574","67692442"
"27049","96095665","96095797"
"27050","96095665","88618615"
"27051","96095665","96097689"
"27052","96095665","71488110"
"27053","96095665","92446194"
"27054","96095665","67689974"
"27055","96095665","103335843"
"27056","96096792","88619986"
"27057","96096792","96096691"
"27058","97748273","97752491"
"27059","97748273","78892926"
"27060","97749400","71487585"
"27061","97749400","96096783"
"27062","97749400","88619997"
"27063","97749400","80122366"
"27064","97749400","80125816"
"27065","97749400","80125806"
"27066","97749400","80129843"
"27067","97749491","78889450"
"27068","97750327","94197571"
"27069","97750327","103504176"
"27070","97750327","92257407"
"27071","97751664","97748256"
"27072","97751664","96097495"
"27073","97751664","103088042"
"27074","97753971","104171701"
"27075","97754432","103087868"
"27076","97754741","78896178"
"27077","97754744","86686062"
"27078","97754744","86682016"
"27079","97754744","103082992"
"27080","99973463","92251703"
"27081","99973463","103491993"
"27082","99974590","88625609"
"27083","99974590","86682156"
"27084","99974590","71488104"
"27085","99974590","80127844"
"27086","99974590","71486738"
"27087","99974590","80123326"
"27088","99974590","94203308"
"27089","99974681","103080178"
"27090","99975517","103349671"
"27091","99975517","80127099"
"27092","99975517","103337126"
"27093","99976854","92252535"
"27094","99976854","88671581"
"27095","99976854","99974817"
"27096","99979161","80127818"
"27097","99979622","86678347"
"27098","99979931","99973470"
"27099","99979934","86684179"
"27100","99979934","69502292"
"27101","99979934","97745792"
"27102","103083788","88673661"
"27103","103085850","94198012"
"27104","103085850","78889430"
"27105","103085851","88618407"
"27106","103086455","88626709"
"27107","103086456","92257569"
"27108","103086456","99976769"
"27109","103086839","88620421"
"27110","103086839","69504839"
"27111","103087137","88624073"
"27112","103338858","71483213"
"27113","103338859","96092886"
"27114","103340920","103086840"
"27115","103340920","71489692"
"27116","103340921","94195734"
"27117","103341525","69502191"
"27118","103341526","94195731"
"27119","103341526","103336252"
"27120","103341909","58336012"
"27121","103341909","67693374"
"27122","103342207","96092641"
"27123","103494682","104176880"
"27124","103494682","94203964"
"27125","103494950","92440519"
"27126","103502171","80123262"
"27127","103502171","103491875"
"27128","103502458","71483105"
"27129","103502459","97748679"
"27130","103502459","97751580"
"27131","104173932","69505261"
"27132","104173933","99971177"
"27133","104175994","99973498"
"27134","104175994","78895965"
"27135","104175995","104177036"
"27136","104176599","94201560"
"27137","104176600","86686202"
"27138","104176600","71488507"
"27139","104176983","86681934"
"27140","104176983","92253964"
"27141","104177281","94202355"
"27142","65799694","103085902"
"27143","67692802","88625372"
"27144","67692802","86682095"
"27145","67695461","97752083"
"27146","67695461","67689962"
"27147","67695462","92441062"
"27148","67695463","92256796"
"27149","67695463","99977912"
"27150","69502590","92258053"
"27151","69502590","96092781"
"27152","69503208","88620435"
"27153","69505267","78895998"
"27154","69505267","69722516"
"27155","69505268","94197968"
"27156","69505269","71482662"
"27157","69505269","99977622"
"27158","71485266","103079878"
"27159","71485266","72766413"
"27160","71485889","86681332"
"27161","71487949","94197970"
"27162","71487949","92252175"
"27163","71487950","88669894"
"27164","71487951","103490456"
"27165","71487951","71488353"
"27166","78894056","88676715"
"27167","78894056","97751485"
"27168","78894057","88620486"
"27169","78894662","65800630"
"27170","78894662","78894638"
"27171","78895045","103086768"
"27172","78895045","69722501"
"27173","78895344","92255661"
"27174","80122536","86685669"
"27175","80122835","99973698"
"27176","80122835","88669801"
"27177","80123218","92440393"
"27178","80123218","80121167"
"27179","80123219","88677758"
"27180","80123823","86679969"
"27181","80123824","97747282"
"27182","80123824","94198306"
"27183","80125887","71485266"
"27184","80125888","64914232"
"27185","86682121","88625652"
"27186","86682122","86679586"
"27187","86684184","88671737"
"27188","86684184","103335150"
"27189","86684185","99979487"
"27190","86684789","92439054"
"27191","86684790","103494837"
"27192","86684790","71489817"
"27193","86685173","71489888"
"27194","86685173","103493896"
"27195","86685472","78893938"
"27196","88619731","96098477"
"27197","88620030","94203940"
"27198","88620030","96098086"
"27199","88620413","65801769"
"27200","88620413","104176692"
"27201","88620414","67695332"
"27202","88621018","86689083"
"27203","88621019","103341922"
"27204","88621019","88623004"
"27205","88623081","103494631"
"27206","88623082","96092454"
"27207","88673575","103338741"
"27208","88673576","88678219"
"27209","88675638","104174865"
"27210","88675638","78889743"
"27211","88675639","64914460"
"27212","88676243","103336538"
"27213","88676244","88624311"
"27214","88676244","86680910"
"27215","88676627","104170376"
"27216","88676627","92253711"
"27217","88676926","99972507"
"27218","92255934","88624418"
"27219","92255934","62959630"
"27220","92255935","78891196"
"27221","92256540","104177783"
"27222","92256540","80123772"
"27223","92256923","92256634"
"27224","92256923","94202930"
"27225","92257222","88671788"
"27226","92440275","99973503"
"27227","92440574","86680746"
"27228","92440574","94202422"
"27229","92440957","80123240"
"27230","92440957","99977814"
"27231","92441562","86682214"
"27232","92441563","69507997"
"27233","92441563","103086044"
"27234","94199303","88623829"
"27235","94199304","92445315"
"27236","94201366","96092569"
"27237","94201366","65801709"
"27238","94201367","104178951"
"27239","94201971","103504168"
"27240","94201972","72766519"
"27241","94201972","96090900"
"27242","94202355","96091258"
"27243","94202355","92441014"
"27244","94202654","92445912"
"27245","96088870","103494659"
"27246","96088873","103340965"
"27247","96091336","92251241"
"27248","96091336","103492723"
"27249","96092196","103340706"
"27250","96092879","88678116"
"27251","96092879","97752425"
"27252","96092880","88620973"
"27253","96093484","103341910"
"27254","96093485","99973597"
"27255","96093485","104178393"
"27256","96093491","92258598"
"27257","96094740","92251553"
"27258","96095547","86681948"
"27259","96095548","94197234"
"27260","96095721","92253573"
"27261","97749344","92257697"
"27262","97750325","69503273"
"27263","97751573","65805333"
"27264","97751579","96093338"
"27265","97751579","103082779"
"27266","97751580","86680433"
"27267","97752185","71489450"
"27268","97752185","80128434"
"27269","97752867","88620417"
"27270","97753725","92444868"
"27271","97753725","104177775"
"27272","97754740","88673219"
"27273","97754743","104176682"
"27274","99974534","69504609"
"27275","99974707","99973378"
"27276","99975515","67690135"
"27277","99976763","69503396"
"27278","99976769","69503250"
"27279","99976769","94201925"
"27280","99976770","67698540"
"27281","99977374","71486191"
"27282","99977375","104171633"
"27283","99977375","78895386"
"27284","99978057","99971883"
"27285","99978915","80121631"
"27286","99978915","92250965"
"27287","99979930","104173931"
"27288","99979933","71487140"
"27289","103086429","88672584"
"27290","103086836","99979487"
"27291","103087135","96092429"
"27292","103087138","86688894"
"27293","103088704","69503267"
"27294","103341499","88620508"
"27295","103341906","99976669"
"27296","103342205","88673305"
"27297","103342208","88671887"
"27298","103343774","78891829"
"27299","103494436","88625321"
"27300","103494948","96096760"
"27301","103494951","104176143"
"27302","103502021","71482482"
"27303","104176573","103493367"
"27304","104176980","86682203"
"27305","104177279","96098123"
"27306","104177282","72766495"
"27307","104178848","97749627"
"27308","64914081","94203777"
"27309","65800876","97749836"
"27310","65801519","92258508"
"27311","65986990","67694243"
"27312","67693414","96098037"
"27313","67694634","80127224"
"27314","69503196","103335252"
"27315","69503204","99970759"
"27316","69504438","86680787"
"27317","69507209","103336962"
"27318","69722517","103490449"
"27319","69722517","92439649"
"27320","69722517","103494587"
"27321","69722517","99974800"
"27322","71485877","103338685"
"27323","71485885","96090974"
"27324","71487120","103504294"
"27325","71489908","69503376"
"27326","72766436","99973573"
"27327","72766436","103082106"
"27328","72766436","103081636"
"27329","72766436","103501246"
"27330","72817667","96096655"
"27331","72817667","103336907"
"27332","72817667","71485299"
"27333","72817667","103337564"
"27334","78894635","86684207"
"27335","78895342","80122792"
"27336","78895345","71487371"
"27337","80122535","94201984"
"27338","80122538","92257535"
"27339","80123245","80121705"
"27340","86684763","97752184"
"27341","86685170","69504047"
"27342","86685470","88671069"
"27343","86685473","67694634"
"27344","88619730","88626672"
"27345","88619733","88624594"
"27346","88620440","71482339"
"27347","88676217","69499952"
"27348","88676624","92253714"
"27349","88676924","103490622"
"27350","88676927","86679980"
"27351","92256513","88672347"
"27352","92256920","103082520"
"27353","92257220","104172792"
"27354","92257223","80127845"
"27355","92440274","94197412"
"27356","92440277","88677121"
"27357","92440984","88627075"
"27358","94201945","94198094"
"27359","94202352","78894925"
"27360","94202652","103493066"
"27361","94202655","88675642"
"27362","96091290","99977371"
"27363","96091291","96092441"
"27364","97753770","96091292"
"27365","97753771","88671036"
"27366","99978960","104176904"
"27367","99978961","96091854"
"27368","103081220","92438974"
"27369","103081220","103086545"
"27370","103081220","92441569"
"27371","103083247","92440652"
"27372","103085994","103088504"
"27373","103085994","88671277"
"27374","103086558","94203481"
"27375","103088766","97749247"
"27376","103336290","88673047"
"27377","103336290","104172641"
"27378","103336290","103081894"
"27379","103338317","96099538"
"27380","103341064","88675834"
"27381","103341064","96098182"
"27382","103341628","92258515"
"27383","103343836","88675521"
"27384","103491589","103336694"
"27385","103491589","96095464"
"27386","103491589","69505433"
"27387","103493616","96095226"
"27388","103494154","92258523"
"27389","103494154","71484990"
"27390","103494546","88673634"
"27391","103495803","78889921"
"27392","104171364","104176574"
"27393","104171364","65987390"
"27394","104171364","86684724"
"27395","104173391","103087426"
"27396","104176138","99977801"
"27397","104176138","88669582"
"27398","104176702","99977770"
"27399","104178910","67696249"
"27400","65799259","94199646"
"27401","65799362","71486476"
"27402","65799362","86679840"
"27403","65800875","92252630"
"27404","65802292","99973420"
"27405","67692366","88625635"
"27406","67692469","92256685"
"27407","67692487","92257319"
"27408","67694498","103495434"
"27409","69502153","88676236"
"27410","69502257","92258520"
"27411","69502257","86681936"
"27412","69502257","99977656"
"27413","69502275","92251237"
"27414","69504302","103088072"
"27415","69504302","69502606"
"27416","69504859","92445869"
"27417","71484826","94204177"
"27418","71484826","78894089"
"27419","71484930","99976814"
"27420","71484930","78896720"
"27421","71484930","92252608"
"27422","71484948","86679474"
"27423","71486984","92258133"
"27424","71486984","86680854"
"27425","71487541","103494439"
"27426","78889423","67692459"
"27427","78889423","103336379"
"27428","78889423","103082513"
"27429","78891451","97753151"
"27430","78891451","69500380"
"27431","78894200","103492452"
"27432","78894200","99979216"
"27433","78894764","103085876"
"27434","78898767","103083787"
"27435","80119113","86678137"
"27436","80123116","103336252"
"27437","80123680","99977621"
"27438","80123680","86682114"
"27439","80126429","92257235"
"27440","80128457","103335220"
"27441","80128457","103083593"
"27442","80128457","80122535"
"27443","86679552","104176687"
"27444","86679552","86685785"
"27445","86679552","104176528"
"27446","86684328","86684378"
"27447","86684328","67695456"
"27448","86684892","67690153"
"27449","86688895","97747199"
"27450","88616308","88625322"
"27451","88620311","103335328"
"27452","88620875","86684767"
"27453","88620875","67693452"
"27454","88625651","67694147"
"27455","88625651","99973417"
"27456","88625651","88677530"
"27457","88671006","96095751"
"27458","88671006","88676186"
"27459","88671006","99974922"
"27460","88673034","80125077"
"27461","88675782","99973815"
"27462","88675782","94202244"
"27463","88676346","99976758"
"27464","88680349","88671255"
"27465","92251302","104177028"
"27466","92251302","80121346"
"27467","92251302","99979866"
"27468","92253330","94199097"
"27469","92256078","96097846"
"27470","92256078","104173663"
"27471","92256642","78889463"
"27472","92260301","86683963"
"27473","92436852","80121911"
"27474","92440855","67694823"
"27475","92441419","103495607"
"27476","92441419","92439968"
"27477","92446195","86680918"
"27478","92446195","71485278"
"27479","92446195","104171414"
"27480","94196734","103502413"
"27481","94196734","103338341"
"27482","94196734","86684734"
"27483","94198762","69504854"
"27484","94201510","103492267"
"27485","94201510","103492425"
"27486","94202074","67692804"
"27487","94205733","71482358"
"27488","96091846","103343226"
"27489","96096880","65799396"
"27490","96096880","80127198"
"27491","96096880","92439316"
"27492","96096881","97749261"
"27493","96096882","78895395"
"27494","97748183","97748185"
"27495","97748184","94197059"
"27496","97748185","99973662"
"27497","97748185","92255840"
"27498","97748185","97754748"
"27499","99973373","103502433"
"27500","99973373","92439438"
"27501","99973374","103491183"
"27502","99973375","88675832"
"27503","99973375","69505267"
"27504","99973375","99976765"
"27505","103081218","92260297"
"27506","103081218","92444773"
"27507","103081783","80121916"
"27508","103081785","96095554"
"27509","103081786","103491907"
"27510","103081786","69504691"
"27511","103081787","86680995"
"27512","103081788","103088765"
"27513","103081788","96091907"
"27514","103081788","71487925"
"27515","103081789","103082521"
"27516","103081796","99977637"
"27517","103081796","92441447"
"27518","103081841","69504438"
"27519","103081841","103086410"
"27520","103082007","64914462"
"27521","103082007","103490615"
"27522","103082094","103336615"
"27523","103082451","88621940"
"27524","103082451","97747277"
"27525","103082493","103336226"
"27526","103082493","72766475"
"27527","103082517","103491633"
"27528","103082517","92444736"
"27529","103083343","86680828"
"27530","103083859","103081902"
"27531","103083859","69505168"
"27532","103083859","97754627"
"27533","103083859","104175993"
"27534","103084595","103081648"
"27535","103084597","103495113"
"27536","103085953","69505276"
"27537","103085953","103081471"
"27538","103085954","86679671"
"27539","103085956","97748272"
"27540","103085958","103337630"
"27541","103085959","92441001"
"27542","103085960","94201480"
"27543","103085961","104176023"
"27544","103085961","71485510"
"27545","103085962","96096840"
"27546","103085962","96093289"
"27547","103085963","80128106"
"27548","103085963","103493660"
"27549","103085997","88673897"
"27550","103086365","78890665"
"27551","103086367","78894616"
"27552","103086371","103081556"
"27553","103086377","88672778"
"27554","103086689","92250103"
"27555","103086880","103082687"
"27556","103087017","86679650"
"27557","103087131","103086432"
"27558","103087166","78895211"
"27559","103087738","94197971"
"27560","103088064","96095455"
"27561","103088271","65802343"
"27562","103088271","69503276"
"27563","103088509","104178300"
"27564","103088513","88675690"
"27565","103088514","97748233"
"27566","103088520","96095482"
"27567","103088526","78894087"
"27568","103088528","67693460"
"27569","103088528","92251847"
"27570","103088529","72815279"
"27571","103088533","71486254"
"27572","103088536","104171003"
"27573","103088536","103080778"
"27574","103088762","88676153"
"27575","103089012","103504266"
"27576","103089015","103493360"
"27577","103089015","103494042"
"27578","103089015","88619293"
"27579","103089018","97747019"
"27580","103089018","97753696"
"27581","103336288","99978153"
"27582","103336288","80125795"
"27583","103336853","97746876"
"27584","103336855","94202369"
"27585","103336856","65987160"
"27586","103336856","88669897"
"27587","103336857","103493725"
"27588","103336858","61582692"
"27589","103336858","69499639"
"27590","103336858","92445779"
"27591","103336859","94198783"
"27592","103336859","103085592"
"27593","103336866","96095804"
"27594","103336866","104171457"
"27595","103336911","88618902"
"27596","103336911","103083268"
"27597","103337077","92444838"
"27598","103337077","92256773"
"27599","103337164","94203151"
"27600","103337521","71485912"
"27601","103337521","97752760"
"27602","103337563","97754239"
"27603","103337563","96095980"
"27604","103337587","78891736"
"27605","103337587","94196853"
"27606","103338413","99972160"
"27607","103338661","62959522"
"27608","103338661","103084113"
"27609","103338661","104173773"
"27610","103338929","88624418"
"27611","103338929","99973716"
"27612","103338929","78895057"
"27613","103338929","94196746"
"27614","103339665","97750325"
"27615","103339667","104171657"
"27616","103341023","86681962"
"27617","103341023","67695470"
"27618","103341024","78894918"
"27619","103341026","96097713"
"27620","103341028","88624349"
"27621","103341029","88620904"
"27622","103341030","69505264"
"27623","103341031","88670947"
"27624","103341031","103493407"
"27625","103341032","88676840"
"27626","103341032","103342795"
"27627","103341033","103491717"
"27628","103341033","104176744"
"27629","103341067","94196757"
"27630","103341435","92441563"
"27631","103341437","67693477"
"27632","103341441","88625299"
"27633","103341447","71485332"
"27634","103341481","88620033"
"27635","103341759","65799342"
"27636","103341950","88671571"
"27637","103342087","67693827"
"27638","103342201","96098190"
"27639","103342236","88626667"
"27640","103342808","86685642"
"27641","103343134","92251553"
"27642","103343341","80127622"
"27643","103343341","99974352"
"27644","103343579","88677234"
"27645","103343583","94203816"
"27646","103343584","78890725"
"27647","103343590","88619536"
"27648","103343596","103086894"
"27649","103343598","80125991"
"27650","103343598","96098073"
"27651","103343599","97745965"
"27652","103343603","78894758"
"27653","103343605","71486174"
"27654","103343606","92439685"
"27655","103343606","104176190"
"27656","103343832","92446125"
"27657","103343833","67692449"
"27658","103344082","94202846"
"27659","103344085","103088898"
"27660","103344085","80123279"
"27661","103344085","71487314"
"27662","103344088","96088873"
"27663","103344088","99973020"
"27664","103491587","78890780"
"27665","103491587","103336610"
"27666","103492152","78889988"
"27667","103492154","94197055"
"27668","103492155","88622273"
"27669","103492155","86678531"
"27670","103492156","104175988"
"27671","103492157","69507017"
"27672","103492157","103494160"
"27673","103492158","92255932"
"27674","103492165","94196665"
"27675","103492165","103334948"
"27676","103492210","96091999"
"27677","103492210","103083583"
"27678","103492376","80123662"
"27679","103492376","94202511"
"27680","103492463","99974483"
"27681","103492820","103087964"
"27682","103492820","65987369"
"27683","103492862","88621019"
"27684","103492862","80128375"
"27685","103492886","103491614"
"27686","103492886","80127328"
"27687","103493712","88671017"
"27688","103494139","80126677"
"27689","103494139","92252604"
"27690","103494140","80126054"
"27691","103494145","88623054"
"27692","103494147","67696028"
"27693","103494147","104177580"
"27694","103494148","94203772"
"27695","103494148","103494697"
"27696","103494149","94201915"
"27697","103494149","88623241"
"27698","103494157","103086762"
"27699","103494372","104174025"
"27700","103494374","103336835"
"27701","103494378","96093488"
"27702","103494384","65800470"
"27703","103494598","92446196"
"27704","103494713","86684213"
"27705","103494834","94203486"
"27706","103494944","99974534"
"27707","103495467","78890698"
"27708","103495467","104173926"
"27709","103495627","88670944"
"27710","103495799","104171622"
"27711","103501072","67692803"
"27712","103501072","86678170"
"27713","103501075","67693471"
"27714","103501075","88672788"
"27715","103501075","88678088"
"27716","103501078","88672785"
"27717","103501271","67695999"
"27718","103501278","99979934"
"27719","103501279","92257812"
"27720","103501279","103081795"
"27721","103501286","67692822"
"27722","103501292","96097456"
"27723","103501293","92445310"
"27724","103501797","104171689"
"27725","103503452","97754743"
"27726","103503454","104176600"
"27727","103504190","103337156"
"27728","103504190","88672241"
"27729","103504190","78892926"
"27730","103504190","88624372"
"27731","104171362","96091214"
"27732","104171362","88623338"
"27733","104171927","65801519"
"27734","104171929","86685092"
"27735","104171930","88671619"
"27736","104171930","94198806"
"27737","104171931","104176020"
"27738","104171932","92258334"
"27739","104171932","104176106"
"27740","104171932","92252677"
"27741","104171933","103086694"
"27742","104171933","99971883"
"27743","104171940","103337616"
"27744","104171940","104174742"
"27745","104171985","67695653"
"27746","104171985","103339665"
"27747","104172151","104176000"
"27748","104172151","94197569"
"27749","104172238","99972473"
"27750","104172595","97749610"
"27751","104172595","92441451"
"27752","104172637","88671885"
"27753","104172637","103081955"
"27754","104172661","103339666"
"27755","104172661","103501934"
"27756","104173487","92254059"
"27757","104173735","88620460"
"27758","104173735","69502221"
"27759","104173735","86686797"
"27760","104174003","103495127"
"27761","104174003","104176042"
"27762","104174003","92440420"
"27763","104174003","96097990"
"27764","104174739","65803281"
"27765","104174741","104172665"
"27766","104176097","67693407"
"27767","104176097","94205732"
"27768","104176098","65989651"
"27769","104176100","86685639"
"27770","104176102","104178487"
"27771","104176103","88620030"
"27772","104176104","78894101"
"27773","104176105","78892077"
"27774","104176105","96095489"
"27775","104176106","69722497"
"27776","104176106","104178213"
"27777","104176107","88677856"
"27778","104176107","86681590"
"27779","104176141","88675632"
"27780","104176509","78896868"
"27781","104176511","103491531"
"27782","104176513","103341074"
"27783","104176515","88623023"
"27784","104176521","94203615"
"27785","104176555","88671671"
"27786","104176833","80121244"
"27787","104177024","96096789"
"27788","104177161","94195623"
"27789","104177275","78896274"
"27790","104177310","92257273"
"27791","104177882","71483136"
"27792","104178208","103081366"
"27793","104178208","99970768"
"27794","104178415","94195651"
"27795","104178415","69503275"
"27796","104178653","103501850"
"27797","104178657","103342112"
"27798","104178658","86684181"
"27799","104178664","92444894"
"27800","104178670","92444772"
"27801","104178672","78894654"
"27802","104178672","94201925"
"27803","104178673","65800321"
"27804","104178677","80126060"
"27805","104178679","92253343"
"27806","104178680","103342830"
"27807","104178680","80123244"
"27808","104178906","103495467"
"27809","104178907","88675964"
"27810","104179156","65803976"
"27811","104179159","104177934"
"27812","104179159","104178600"
"27813","104179159","71485521"
"27814","104179162","92440960"
"27815","104179162","94202521"
"27816","65797173","88620861"
"27817","65797175","86684232"
"27818","65797179","65801692"
"27819","65797181","103338695"
"27820","65797185","88620331"
"27821","65797187","92260462"
"27822","65797193","92251238"
"27823","65797195","78896630"
"27824","65797198","97748311"
"27825","65797200","99977368"
"27826","65797203","99977614"
"27827","65797205","103341464"
"27828","65797237","88672328"
"27829","65798007","86682207"
"27830","65798007","88673405"
"27831","65798007","92256796"
"27832","65798007","86679487"
"27833","65798007","65801711"
"27834","65798007","92440724"
"27835","65798007","94196683"
"27836","65799306","103087443"
"27837","65799309","88674384"
"27838","65799309","88620911"
"27839","65799328","78895836"
"27840","65799334","69499785"
"27841","65799334","103080319"
"27842","65799342","97748410"
"27843","65799360","88676236"
"27844","65800361","103337593"
"27845","65800587","96097452"
"27846","65800629","88677295"
"27847","65801127","92440717"
"27848","65801127","103086367"
"27849","65801175","96095649"
"27850","65801924","99976821"
"27851","65802227","86684734"
"27852","65802229","92446170"
"27853","65802290","92441409"
"27854","65803269","92446139"
"27855","65804956","103082662"
"27856","65804957","86685238"
"27857","67690720","96092879"
"27858","67692467","92441019"
"27859","67692867","99972164"
"27860","67693424","103085846"
"27861","67693702","104173407"
"27862","67693702","88670024"
"27863","67693744","104171927"
"27864","67693744","103088245"
"27865","67693768","94201950"
"27866","67693768","92443554"
"27867","67695342","88618903"
"27868","67695344","61683058"
"27869","67696011","97751775"
"27870","67696011","103081343"
"27871","67696011","86685038"
"27872","69500481","92438954"
"27873","69502255","92257876"
"27874","69502255","61775422"
"27875","69502655","103336356"
"27876","69502795","103336329"
"27877","69503214","103336418"
"27878","69503261","99976758"
"27879","69503506","92443544"
"27880","69503506","103495514"
"27881","69503548","96091260"
"27882","69503548","65799352"
"27883","69503572","96092641"
"27884","69503572","69722433"
"27885","69505148","99972817"
"27886","69505150","103338944"
"27887","69505831","71486193"
"27888","69505831","92252608"
"27889","69505831","69722677"
"27890","69507994","104176592"
"27891","69722092","78895645"
"27892","69722092","71486381"
"27893","69722092","86679270"
"27894","69722092","92445870"
"27895","69722475","94195718"
"27896","69722475","88620436"
"27897","69722475","104177905"
"27898","69722476","103088046"
"27899","69722478","99972472"
"27900","71483146","103491664"
"27901","71483201","94199648"
"27902","71484928","92439446"
"27903","71484928","65800051"
"27904","71485332","96095707"
"27905","71485473","78891822"
"27906","71485739","99978414"
"27907","71485748","94199146"
"27908","71485756","103081490"
"27909","71485757","69503697"
"27910","71485758","86678526"
"27911","71485770","99977678"
"27912","71485778","97749595"
"27913","71485871","99972155"
"27914","71485895","94204028"
"27915","71485899","78892073"
"27916","71485911","103081161"
"27917","71485942","92446164"
"27918","71486188","71484733"
"27919","71486188","103334910"
"27920","71486230","86684069"
"27921","71486230","96098065"
"27922","71486254","78889991"
"27923","71486254","88676516"
"27924","71487830","103087135"
"27925","71487832","94203855"
"27926","71488519","99977630"
"27927","71488519","88623081"
"27928","71488519","104179166"
"27929","71488519","64916701"
"27930","71490676","88675635"
"27931","71490697","94196728"
"27932","71491116","69505215"
"27933","72766475","78888039"
"27934","72766477","65800362"
"27935","72766478","103084597"
"27936","72766478","88671339"
"27937","72766478","96097604"
"27938","72766861","103086409"
"27939","72766861","96099537"
"27940","72766861","80123829"
"27941","72766861","103083714"
"27942","72766861","80123790"
"27943","72817706","65804047"
"27944","72817708","86679880"
"27945","72817709","103338602"
"27946","72817709","86684296"
"27947","72817709","71487875"
"27948","72817774","65796969"
"27949","72817774","92253874"
"27950","72817774","78891819"
"27951","72817774","92252182"
"27952","78889421","94205729"
"27953","78889421","88676346"
"27954","78889989","88675747"
"27955","78889999","103338609"
"27956","78890044","88620326"
"27957","78890210","92439800"
"27958","78890655","88678127"
"27959","78890655","103502436"
"27960","78890697","94201363"
"27961","78890697","88670958"
"27962","78890721","104178441"
"27963","78890721","86680880"
"27964","78892063","97753770"
"27965","78892063","67692504"
"27966","78892063","65797237"
"27967","78892063","88620437"
"27968","78892800","69505456"
"27969","78892802","103492823"
"27970","78894159","94201909"
"27971","78894167","64914250"
"27972","78894168","92441533"
"27973","78894169","80121705"
"27974","78894571","80129873"
"27975","78894573","92258542"
"27976","78894577","103341628"
"27977","78894583","96095478"
"27978","78894895","103336383"
"27979","78895086","61579212"
"27980","78895338","97747578"
"27981","78895373","99977097"
"27982","78895947","96096809"
"27983","78896480","104171929"
"27984","78896718","80123264"
"27985","78896724","103337861"
"27986","78896725","92255807"
"27987","78896731","65801520"
"27988","78896740","92257536"
"27989","78896747","88673123"
"27990","78898763","94201415"
"27991","78899016","78890745"
"27992","80118861","94196816"
"27993","80118864","80121973"
"27994","80118867","103495644"
"27995","80119117","92445619"
"27996","80121133","103336318"
"27997","80121136","71487292"
"27998","80121140","65985930"
"27999","80121141","65987370"
"28000","80121141","65799259"
"28001","80121149","67689994"
"28002","80121155","86679903"
"28003","80121156","69504046"
"28004","80121162","103087166"
"28005","80121400","86680831"
"28006","80121400","69505428"
"28007","80121933","80123809"
"28008","80122507","103494588"
"28009","80122542","69500534"
"28010","80122657","88618205"
"28011","80122794","71486480"
"28012","80122985","99979076"
"28013","80123297","92446068"
"28014","80123303","88671667"
"28015","80123307","88676336"
"28016","80123309","71488040"
"28017","80123711","65800591"
"28018","80123712","103085966"
"28019","80123713","88620111"
"28020","80123721","94201398"
"28021","80123721","103491841"
"28022","80125078","92252642"
"28023","80125080","80127181"
"28024","80125817","88620974"
"28025","80125817","97752495"
"28026","80125817","92258243"
"28027","80125817","103493006"
"28028","80127159","88619987"
"28029","80127159","97746817"
"28030","80127183","88678300"
"28031","80127183","86689508"
"28032","80127225","103337525"
"28033","80127225","103341825"
"28034","80127583","86679506"
"28035","80127670","96096801"
"28036","80127836","80124739"
"28037","80127836","96089097"
"28038","80127881","99972391"
"28039","80127891","88672241"
"28040","80128459","97748186"
"28041","80128459","88624350"
"28042","86679550","86678137"
"28043","86679550","92256846"
"28044","86680115","88676955"
"28045","86680117","97753695"
"28046","86680118","88619300"
"28047","86680118","88670960"
"28048","86680119","67693440"
"28049","86680120","69500484"
"28050","86680128","69503550"
"28051","86680128","96098583"
"28052","86680173","88624367"
"28053","86680173","69503162"
"28054","86680339","88620321"
"28055","86680339","92249887"
"28056","86680426","96091700"
"28057","86680784","94195562"
"28058","86680784","88672788"
"28059","86680826","97753490"
"28060","86680826","103338424"
"28061","86680850","69503511"
"28062","86680850","71485293"
"28063","86681676","96091082"
"28064","86682192","92439338"
"28065","86682192","80123317"
"28066","86682192","71491082"
"28067","86682192","97752487"
"28068","86682928","103336855"
"28069","86682930","86679551"
"28070","86684287","92256820"
"28071","86684287","103491630"
"28072","86684288","86688891"
"28073","86684293","92444058"
"28074","86684295","86681851"
"28075","86684295","69504205"
"28076","86684296","103082094"
"28077","86684296","96096792"
"28078","86684297","88624190"
"28079","86684297","88618820"
"28080","86684699","80121944"
"28081","86684701","86679606"
"28082","86684703","88625082"
"28083","86684705","103491700"
"28084","86684711","71486189"
"28085","86685023","92260569"
"28086","86685214","94202851"
"28087","86685351","99972144"
"28088","86685466","103336719"
"28089","86685501","96098086"
"28090","86686075","103495445"
"28091","86686401","104175780"
"28092","86686608","88673894"
"28093","86686608","86678137"
"28094","86686846","69508368"
"28095","86686852","103085935"
"28096","86686853","103504202"
"28097","86686859","104178111"
"28098","86686867","69504690"
"28099","86686867","99974602"
"28100","86686868","92446257"
"28101","86686872","71485272"
"28102","86686875","67694498"
"28103","86686875","71486314"
"28104","86688891","88624374"
"28105","86689144","103080253"
"28106","86689144","86684214"
"28107","86689147","69500777"
"28108","86689147","104171647"
"28109","88616056","103086237"
"28110","88616056","104172691"
"28111","88616312","96095706"
"28112","88618328","88676550"
"28113","88618331","88680322"
"28114","88618335","67692817"
"28115","88618336","88626701"
"28116","88618336","88625602"
"28117","88618344","97747299"
"28118","88618350","72766499"
"28119","88618351","99976758"
"28120","88618357","86681961"
"28121","88618595","78894089"
"28122","88618595","103081474"
"28123","88619128","71485347"
"28124","88619702","88678448"
"28125","88619737","99973598"
"28126","88619852","103504418"
"28127","88619989","103490250"
"28128","88620180","103336691"
"28129","88620492","92257077"
"28130","88620498","92252588"
"28131","88620500","65800361"
"28132","88620502","103491993"
"28133","88620504","104178576"
"28134","88620906","92250281"
"28135","88620906","103495446"
"28136","88620907","99979908"
"28137","88620907","80126112"
"28138","88620908","104176023"
"28139","88620908","103337766"
"28140","88620916","92440965"
"28141","88620916","92251630"
"28142","88622273","99972408"
"28143","88622275","104176509"
"28144","88623011","97746972"
"28145","88623011","86681286"
"28146","88623011","92444146"
"28147","88623011","67695034"
"28148","88624353","97746950"
"28149","88624353","104173097"
"28150","88624377","103504530"
"28151","88624377","99973373"
"28152","88624419","92444916"
"28153","88624419","99972414"
"28154","88624777","88675639"
"28155","88624864","67692470"
"28156","88625030","69503075"
"28157","88625030","96091702"
"28158","88625075","103491592"
"28159","88625075","104171640"
"28160","88625083","103082451"
"28161","88625084","80127889"
"28162","88625085","92440396"
"28163","88625085","65801541"
"28164","88625088","67697210"
"28165","88625653","69502316"
"28166","88625653","69502610"
"28167","88671004","104176104"
"28168","88671004","104171380"
"28169","88671569","71487865"
"28170","88671571","88676200"
"28171","88671572","65801623"
"28172","88671572","88625317"
"28173","88671573","99974437"
"28174","88671574","103341903"
"28175","88671582","71488522"
"28176","88671582","103337565"
"28177","88671627","65804185"
"28178","88671627","67693268"
"28179","88671793","104173759"
"28180","88671793","94203768"
"28181","88671880","71488115"
"28182","88672238","65797204"
"28183","88672238","86685219"
"28184","88672280","94196854"
"28185","88672280","88618826"
"28186","88672304","94195504"
"28187","88672304","67690272"
"28188","88673130","67690147"
"28189","88673646","92438901"
"28190","88673646","94198361"
"28191","88673646","103084719"
"28192","88673646","88669620"
"28193","88674382","78889997"
"28194","88674384","96092643"
"28195","88675741","71488182"
"28196","88675741","94203982"
"28197","88675742","94203280"
"28198","88675747","103081485"
"28199","88675749","92256043"
"28200","88675749","78894108"
"28201","88675750","78896281"
"28202","88675750","104177383"
"28203","88675751","69503264"
"28204","88675751","94197967"
"28205","88675785","65802292"
"28206","88676153","80122345"
"28207","88676155","103087188"
"28208","88676157","103338588"
"28209","88676159","92444835"
"28210","88676165","94201385"
"28211","88676477","92444771"
"28212","88676668","71488111"
"28213","88676805","92446179"
"28214","88676920","92252539"
"28215","88676955","104178493"
"28216","88677529","80119117"
"28217","88677855","67692895"
"28218","88678062","104171698"
"28219","88678062","99977802"
"28220","88678300","88623252"
"28221","88678306","96091946"
"28222","88678307","103337591"
"28223","88678313","65802236"
"28224","88678321","80121012"
"28225","88678321","88675753"
"28226","88678322","103087750"
"28227","88678326","78895788"
"28228","88678329","69505118"
"28229","88680345","104175988"
"28230","88680598","103082453"
"28231","88680598","103336390"
"28232","88680598","78896480"
"28233","88680601","86684880"
"28234","88680601","65801927"
"28235","92251300","71486296"
"28236","92251300","97749022"
"28237","92251865","88618621"
"28238","92251868","92249881"
"28239","92251869","71485370"
"28240","92251870","92254804"
"28241","92251878","88676327"
"28242","92251878","94196680"
"28243","92251923","96098097"
"28244","92251923","92250103"
"28245","92252089","94201947"
"28246","92252089","104176382"
"28247","92252176","103081243"
"28248","92252534","92446165"
"28249","92252534","71491081"
"28250","92252576","86680221"
"28251","92252576","88677128"
"28252","92252600","65800353"
"28253","92252600","92258750"
"28254","92253426","103088336"
"28255","92253674","78890785"
"28256","92253942","71485855"
"28257","92253942","96095466"
"28258","92253942","88624374"
"28259","92253942","103338701"
"28260","92254678","94201972"
"28261","92254680","104177711"
"28262","92256037","99973561"
"28263","92256037","97753391"
"28264","92256038","96090972"
"28265","92256043","103337617"
"28266","92256045","78893837"
"28267","92256045","104178108"
"28268","92256046","71486260"
"28269","92256046","88620875"
"28270","92256047","78895236"
"28271","92256047","103081262"
"28272","92256081","97748728"
"28273","92256449","103491308"
"28274","92256451","94197968"
"28275","92256453","103080242"
"28276","92256455","80126315"
"28277","92256461","80123309"
"28278","92256773","97747030"
"28279","92256964","103083293"
"28280","92257101","78894590"
"28281","92257216","80128385"
"28282","92257251","103494667"
"28283","92257825","92441678"
"28284","92258151","103342713"
"28285","92258358","71487948"
"28286","92258358","96093060"
"28287","92258596","88618770"
"28288","92258602","99976731"
"28289","92258603","80121180"
"28290","92258609","67696249"
"28291","92258617","69503212"
"28292","92258617","92251553"
"28293","92258618","86684732"
"28294","92258625","104176020"
"28295","92260297","88625333"
"28296","92260547","69505471"
"28297","92260550","99979489"
"28298","92260550","92446083"
"28299","92260553","99981853"
"28300","92260553","99973376"
"28301","92436600","103491620"
"28302","92436600","88620017"
"28303","92436603","69503080"
"28304","92438879","88625368"
"28305","92438880","88676188"
"28306","92438880","96095554"
"28307","92438894","104176833"
"28308","92438895","88678454"
"28309","92438901","96092342"
"28310","92439139","86685773"
"28311","92439139","80121910"
"28312","92439672","80127180"
"28313","92440396","71488153"
"28314","92440533","97747831"
"28315","92440724","103342484"
"28316","92441036","99972145"
"28317","92441042","86685351"
"28318","92441046","65800630"
"28319","92441048","78890758"
"28320","92441450","71484788"
"28321","92441450","94201751"
"28322","92441451","69502237"
"28323","92441451","92251398"
"28324","92441452","99972926"
"28325","92441452","71489246"
"28326","92441454","92447394"
"28327","92441459","80126405"
"28328","92441460","86684182"
"28329","92441460","88677657"
"28330","92442817","65800656"
"28331","92442819","92255965"
"28332","92443555","103343166"
"28333","92443555","69503246"
"28334","92443555","80127221"
"28335","92443555","96097713"
"28336","92444071","78894967"
"28337","92444897","103087332"
"28338","92444897","92445845"
"28339","92444921","71488140"
"28340","92444921","103083903"
"28341","92444963","59660704"
"28342","92444963","99979286"
"28343","92445321","92257104"
"28344","92445408","104172941"
"28345","92445574","96098091"
"28346","92445574","78895098"
"28347","92445619","103494605"
"28348","92445619","65796980"
"28349","92445627","103341439"
"28350","92445628","69507109"
"28351","92445629","103502458"
"28352","92445632","97749511"
"28353","92446197","86685825"
"28354","92446197","99974281"
"28355","94196732","65797072"
"28356","94196732","97747203"
"28357","94197297","94198865"
"28358","94197299","104173773"
"28359","94197300","92256513"
"28360","94197300","103089017"
"28361","94197301","104177636"
"28362","94197302","103491583"
"28363","94197303","97748679"
"28364","94197310","65802231"
"28365","94197310","86684786"
"28366","94197355","104172622"
"28367","94197355","80123264"
"28368","94197521","88619105"
"28369","94197521","67692868"
"28370","94197608","61586303"
"28371","94197966","97746974"
"28372","94197966","71487259"
"28373","94198008","103341834"
"28374","94198008","94196777"
"28375","94198032","99972467"
"28376","94198032","78895201"
"28377","94198858","92253870"
"28378","94199106","80127577"
"28379","94199374","69503377"
"28380","94199374","71489888"
"28381","94199374","80128136"
"28382","94199374","96098038"
"28383","94200110","88671362"
"28384","94200112","103504143"
"28385","94201469","92251317"
"28386","94201469","92439831"
"28387","94201470","103082625"
"28388","94201475","69503206"
"28389","94201477","88623920"
"28390","94201477","94202401"
"28391","94201478","104171371"
"28392","94201478","96096775"
"28393","94201479","88673702"
"28394","94201479","103338685"
"28395","94201513","97748526"
"28396","94201881","92443727"
"28397","94201883","88676482"
"28398","94201885","88624772"
"28399","94201887","78895101"
"28400","94201893","104171768"
"28401","94202205","78890702"
"28402","94202396","67689954"
"28403","94202533","67695652"
"28404","94202648","92252604"
"28405","94202683","67690063"
"28406","94203257","92252728"
"28407","94203583","67693301"
"28408","94203790","69502670"
"28409","94203790","71491098"
"28410","94204028","103493215"
"28411","94204034","88672304"
"28412","94204035","65801128"
"28413","94204041","71485279"
"28414","94204049","103081571"
"28415","94204049","104172600"
"28416","94204050","103342377"
"28417","94204057","96098101"
"28418","94205729","92256445"
"28419","94205730","69724503"
"28420","94205979","94201948"
"28421","94205982","97747736"
"28422","94205982","92251868"
"28423","94205985","92445859"
"28424","94205985","80129483"
"28425","96089118","94203541"
"28426","96090823","97746880"
"28427","96091268","103083519"
"28428","96092168","80126096"
"28429","96092867","88623599"
"28430","96095705","80128414"
"28431","96095708","96096760"
"28432","96095745","92440398"
"28433","96095766","80126408"
"28434","96095766","86685814"
"28435","96096068","86684216"
"28436","96096068","86680829"
"28437","96096793","88677266"
"28438","96096793","92256494"
"28439","96097330","92439908"
"28440","96097330","103088455"
"28441","96099133","96096877"
"28442","97745974","103504411"
"28443","97747614","71485808"
"28444","97747736","94199338"
"28445","97747736","97752277"
"28446","97748272","92441453"
"28447","97748272","97749581"
"28448","97748575","78889425"
"28449","97748997","69502228"
"28450","97748997","88620416"
"28451","97749299","80128124"
"28452","97749299","94197363"
"28453","97752197","86681948"
"28454","97754238","65801772"
"28455","97754495","103083671"
"28456","99971164","103502428"
"28457","99972804","103085724"
"28458","99972926","103089156"
"28459","99972926","103082099"
"28460","99973462","80122911"
"28461","99973462","99979340"
"28462","99973765","88673058"
"28463","99974187","104173191"
"28464","99974187","80122485"
"28465","99974489","103088510"
"28466","99974489","86684764"
"28467","99977387","99972084"
"28468","99979428","92254953"
"28469","99979685","97747028"
"28470","103082477","103083343"
"28471","103086408","104173815"
"28472","103337547","103338751"
"28473","103341478","92443797"
"28474","103492846","103502336"
"28475","103494415","104177166"
"28476","104172621","94202815"
"28477","104176552","103340838"
"28478","64914249","99972177"
"28479","65801707","69507995"
"28480","65987158","103339791"
"28481","67693728","80127133"
"28482","67694822","103343436"
"28483","69503532","103084598"
"28484","69504627","92253941"
"28485","71486214","92444143"
"28486","71487309","80122041"
"28487","78890681","69503798"
"28488","78893784","78891242"
"28489","78894614","104173855"
"28490","80123266","67692390"
"28491","80124096","80128419"
"28492","80127199","104173663"
"28493","86680810","65987159"
"28494","86684742","71487832"
"28495","88620461","96099125"
"28496","88624393","94198858"
"28497","88672264","92257412"
"28498","88676196","78894674"
"28499","92252560","99972800"
"28500","92256492","103490218"
"28501","92441005","99978985"
"28502","94201924","78891203"
"28503","96090674","80121910"
"28504","96092869","88676478"
"28505","96092869","69505243"
"28506","96093453","69499643"
"28507","96093455","104171367"
"28508","96093456","104177137"
"28509","97751608","65798106"
"28510","97751609","103343684"
"28511","97751611","94195353"
"28512","97752195","69500471"
"28513","97752195","86685669"
"28514","97754385","104178800"
"28515","99976798","69504557"
"28516","99976799","96093331"
"28517","99976801","78894033"
"28518","99977385","92258335"
"28519","99977385","65805345"
"28520","99979575","94198411"
"28521","103082476","88620167"
"28522","103084106","103087966"
"28523","103084106","103504172"
"28524","103084720","99977953"
"28525","103086438","96091907"
"28526","103087825","103087327"
"28527","103337546","103494682"
"28528","103339176","94203559"
"28529","103339176","86685185"
"28530","103339790","104172662"
"28531","103341508","92255938"
"28532","103342895","80122657"
"28533","103492845","103341114"
"28534","103494445","69505157"
"28535","103501716","88677096"
"28536","103503329","103494638"
"28537","103503943","94201479"
"28538","103503943","92445314"
"28539","104172620","103338650"
"28540","104174250","92441044"
"28541","104174250","103504530"
"28542","104174864","103085845"
"28543","104176582","69503632"
"28544","104177969","69502324"
"28545","59669902","71487870"
"28546","61584985","88626668"
"28547","61680795","86680165"
"28548","61768699","104177883"
"28549","62960629","103341759"
"28550","64913174","88673055"
"28551","64914297","92445862"
"28552","64915232","99973643"
"28553","64983552","103491588"
"28554","65800612","71483231"
"28555","65801755","99972209"
"28556","65802692","69504576"
"28557","65986079","92251995"
"28558","65987206","97754003"
"28559","65988141","78894752"
"28560","67693727","69503076"
"28561","67694870","103340007"
"28562","67695831","88677407"
"28563","67695850","103494436"
"28564","67695850","92440382"
"28565","67695860","103495627"
"28566","69503531","65799694"
"28567","69504675","97746996"
"28568","69505639","103338701"
"28569","69505658","88673918"
"28570","69505658","103087970"
"28571","69505668","92253573"
"28572","71486213","78889345"
"28573","71487357","69507011"
"28574","71488322","104177633"
"28575","71488341","62960629"
"28576","71488341","99979268"
"28577","71488351","88676680"
"28578","78890680","69502293"
"28579","78892311","71488114"
"28580","78892311","104176500"
"28581","78892925","80123677"
"28582","78894644","78894051"
"28583","78896034","69503572"
"28584","80121846","65804070"
"28585","80123236","97751608"
"28586","80124955","103502457"
"28587","80125569","92253676"
"28588","80125569","104172789"
"28589","80127200","88623239"
"28590","86680809","104176554"
"28591","86682439","97752611"
"28592","86682439","103341499"
"28593","86683053","103087567"
"28594","86684772","88623603"
"28595","86686162","86679554"
"28596","88619041","103086554"
"28597","88620431","103337547"
"28598","88622150","103504267"
"28599","88622764","80119116"
"28600","88622764","97753696"
"28601","88624394","104178186"
"28602","88672263","99972557"
"28603","88673893","103336538"
"28604","88673893","67689975"
"28605","88674507","88677203"
"28606","88676226","103502168"
"28607","88677616","103336441"
"28608","92252559","80128446"
"28609","92254189","94202054"
"28610","92254189","92252626"
"28611","92254803","97752272"
"28612","92256522","69724504"
"28613","92257912","103491631"
"28614","92439585","103493626"
"28615","92440975","88672429"
"28616","92442694","88676023"
"28617","92443308","94203763"
"28618","92443308","80128184"
"28619","92444938","88676482"
"28620","94197991","103490251"
"28621","94199621","103081955"
"28622","94199621","88623338"
"28623","94200235","78894659"
"28624","94201954","96096682"
"28625","94203344","71485374"
"28626","96090678","103339177"
"28627","96091507","92253437"
"28628","96092964","96091362"
"28629","96094739","80122794"
"28630","96095230","65800654"
"28631","96095230","78890847"
"28632","96097796","97747219"
"28633","96098179","104172725"
"28634","97746887","103081266"
"28635","97747270","99971097"
"28636","97749835","78890848"
"28637","97749835","104172781"
"28638","97750326","80126879"
"28639","97752100","71484874"
"28640","97753554","94202839"
"28641","97754381","86680118"
"28642","99972077","94201914"
"28643","99972460","67693288"
"28644","99975025","104176995"
"28645","99975025","80123122"
"28646","99975516","92251869"
"28647","99977290","92251378"
"28648","99978744","88623089"
"28649","99979571","104171765"
"28650","103079886","103336624"
"28651","103079886","96097502"
"28652","103081160","64979725"
"28653","103081160","67692802"
"28654","103081160","103082654"
"28655","103084105","103087873"
"28656","103084105","103494714"
"28657","103084105","78890558"
"28658","103087824","69499771"
"28659","103334956","71485854"
"28660","103334956","86679659"
"28661","103336230","99978674"
"28662","103336230","103082102"
"28663","103336230","67693687"
"28664","103338639","78890210"
"28665","103339175","64914254"
"28666","103339175","65800171"
"28667","103339175","67690237"
"28668","103342894","88620916"
"28669","103490255","103079848"
"28670","103491529","104176103"
"28671","103491529","96095804"
"28672","103491529","78889930"
"28673","103501717","92440580"
"28674","103503944","94198036"
"28675","103503944","88671074"
"28676","104170030","88670997"
"28677","104170030","103342092"
"28678","104171304","99975516"
"28679","104171304","99973765"
"28680","104171304","92256845"
"28681","104173713","97754389"
"28682","104174249","104177195"
"28683","104174249","69502225"
"28684","104174249","92440518"
"28685","104177968","103343725"
"28686","65802731","97747282"
"28687","65802731","103083258"
"28688","65802741","104177476"
"28689","67692278","78894764"
"28690","67695849","65983626"
"28691","67695849","78894605"
"28692","67695859","103336214"
"28693","69502065","92252577"
"28694","69505657","80129839"
"28695","69505657","104172492"
"28696","69505657","88678129"
"28697","69505667","94199298"
"28698","71483205","103338832"
"28699","71484738","97748187"
"28700","71488340","103491941"
"28701","71488340","94203129"
"28702","71488340","104176040"
"28703","71488350","88624393"
"28704","78888045","104171624"
"28705","78889363","103503451"
"28706","78892310","67698510"
"28707","78892310","94196669"
"28708","78892310","92438742"
"28709","78896033","65805323"
"28710","80121847","103082496"
"28711","80125570","96092196"
"28712","80125570","103337522"
"28713","80125570","99971179"
"28714","80126107","80122449"
"28715","80128517","103504456"
"28716","80128517","67695436"
"28717","80129835","65802348"
"28718","86678174","103082520"
"28719","86679492","92258430"
"28720","86679492","94198059"
"28721","86679492","92252004"
"28722","86681902","99972174"
"28723","86682438","92440652"
"28724","86682438","92250120"
"28725","86682438","92253676"
"28726","86686161","67694656"
"28727","88619042","65804079"
"28728","88622765","92254189"
"28729","88622765","92440812"
"28730","88622765","104176834"
"28731","88623301","103087414"
"28732","88625711","69502290"
"28733","88625711","94199084"
"28734","88625711","78895088"
"28735","88627029","88625034"
"28736","88669628","94201946"
"28737","88670946","103504434"
"28738","88670946","78890035"
"28739","88670946","88620973"
"28740","88673356","92250190"
"28741","88673892","67693162"
"28742","88673892","92251635"
"28743","88673892","103343139"
"28744","88677615","67694803"
"28745","92249925","96092021"
"28746","92251242","103491926"
"28747","92251242","94196734"
"28748","92251242","88675417"
"28749","92254188","69503509"
"28750","92254188","103502407"
"28751","92254188","99974604"
"28752","92257911","92257264"
"28753","92439586","103343367"
"28754","92443309","103083518"
"28755","92443309","103084125"
"28756","92443309","71485300"
"28757","92446255","99973433"
"28758","92446255","103502458"
"28759","92447573","67694291"
"28760","94195358","71485348"
"28761","94196674","69503506"
"28762","94196674","104171489"
"28763","94196674","88621030"
"28764","94199084","104176745"
"28765","94199620","92256844"
"28766","94199620","97754065"
"28767","94199620","103336364"
"28768","94203343","65800176"
"28769","96089121","78895535"
"28770","96091061","65983457"
"28771","96091061","92251878"
"28772","96092455","96096446"
"28773","96092644","103339176"
"28774","96092644","88673404"
"28775","96092644","88620500"
"28776","96092966","103494439"
"28777","96092968","92256432"
"28778","96098117","69502260"
"28779","96098117","97746952"
"28780","97746949","88677362"
"28781","97746949","104176977"
"28782","97752096","92446083"
"28783","97752420","78889453"
"28784","97752420","88678455"
"28785","97752420","92250272"
"28786","97752609","86680128"
"28787","97754000","88618898"
"28788","97754000","71488046"
"28789","99972139","104176578"
"28790","99972139","65799709"
"28791","99977286","71486317"
"28792","99977610","103336316"
"28793","99977610","88676187"
"28794","99977610","88620908"
"28795","99977799","92440859"
"28796","99979190","88672310"
"28797","99979190","104177322"
"28798","103082435","96096065"
"28799","103337505","104173185"
"28800","103338894","96098067"
"28801","104172579","88616309"
"28802","104173968","94197085"
"28803","104173968","71485294"
"28804","58336186","103491545"
"28805","58336186","92447611"
"28806","65800571","69502276"
"28807","67693686","97748331"
"28808","69503490","71484984"
"28809","71486172","67689980"
"28810","78890639","103083563"
"28811","80125852","78895960"
"28812","86682157","103494391"
"28813","86685735","78890759"
"28814","88623046","94203308"
"28815","88672222","97746943"
"28816","88673611","88620909"
"28817","88677189","80122979"
"28818","92252518","97746590"
"28819","94197950","88678238"
"28820","94199339","103087760"
"28821","94202917","78894654"
"28822","96089122","92443969"
"28823","96092970","59669958"
"28824","96097797","94201242"
"28825","96098118","69503599"
"28826","97746948","86685819"
"28827","97747269","94203492"
"28828","97752094","67697235"
"28829","97754491","103082354"
"28830","99972138","92253764"
"28831","99972459","69507240"
"28832","99977284","88671255"
"28833","99979681","97751479"
"28834","103080078","103494157"
"28835","103080078","103080319"
"28836","103083612","65797109"
"28837","103083612","103492263"
"28838","103084578","103494526"
"28839","103085872","103494415"
"28840","103085875","69505657"
"28841","103085894","96092550"
"28842","103086313","80121699"
"28843","103086314","92444891"
"28844","103086557","88620973"
"28845","103086613","103342159"
"28846","103087194","97754741"
"28847","103087197","80124095"
"28848","103087286","99979579"
"28849","103087286","97749346"
"28850","103087303","69507125"
"28851","103087399","80128522"
"28852","103087754","86679563"
"28853","103087754","71485377"
"28854","103087792","99971069"
"28855","103087792","78894636"
"28856","103087806","86679191"
"28857","103087813","103339646"
"28858","103087813","71485877"
"28859","103087829","103342356"
"28860","103087829","96095745"
"28861","103087829","71483058"
"28862","103087954","69503091"
"28863","103087954","78890100"
"28864","103087954","69502294"
"28865","103087954","103495504"
"28866","103087954","104172695"
"28867","103087954","99977770"
"28868","103087954","92441586"
"28869","103087954","86679607"
"28870","103087958","86686587"
"28871","103087965","99972155"
"28872","103087971","94202663"
"28873","103087971","69503550"
"28874","103087971","88672249"
"28875","103088044","92253341"
"28876","103088270","99972808"
"28877","103088270","96098109"
"28878","103088272","104172598"
"28879","103088294","78890729"
"28880","103335148","65800179"
"28881","103335148","96092792"
"28882","103338682","92250104"
"28883","103338682","94197071"
"28884","103339648","65801712"
"28885","103340942","80122042"
"28886","103340945","80129873"
"28887","103340964","69502308"
"28888","103341383","65989650"
"28889","103341384","94202422"
"28890","103341627","99977812"
"28891","103341683","92439928"
"28892","103342264","103491550"
"28893","103342267","94195314"
"28894","103342356","69504543"
"28895","103342356","88624815"
"28896","103342373","97754092"
"28897","103342469","80127131"
"28898","103342824","69503506"
"28899","103342824","92251263"
"28900","103342862","86685347"
"28901","103342862","97749636"
"28902","103342876","92446068"
"28903","103342883","103341035"
"28904","103342883","69504627"
"28905","103342899","71485885"
"28906","103342899","86682214"
"28907","103342899","78894160"
"28908","103343024","103082057"
"28909","103343024","67694911"
"28910","103343024","80129661"
"28911","103343024","103342470"
"28912","103343024","103081236"
"28913","103343024","103336951"
"28914","103343024","97753052"
"28915","103343024","61681337"
"28916","103343028","103337629"
"28917","103343035","86686062"
"28918","103343041","88619985"
"28919","103343041","80123778"
"28920","103343041","94201406"
"28921","103343114","99979893"
"28922","103343340","103340920"
"28923","103343340","97748306"
"28924","103343342","64914234"
"28925","103343364","92256540"
"28926","103490447","96097447"
"28927","103490447","88627037"
"28928","103494545","71487258"
"28929","103495396","92258381"
"28930","103495466","103085893"
"28931","103495466","86685062"
"28932","103495468","103338755"
"28933","103501369","78892784"
"28934","103501549","67695345"
"28935","103501605","92249882"
"28936","103501605","78890784"
"28937","103501605","67694822"
"28938","103501611","71485955"
"28939","103501615","80127097"
"28940","103501615","99972389"
"28941","103501615","71485269"
"28942","103501615","86684180"
"28943","103501615","103502410"
"28944","103501615","86680785"
"28945","103501615","78890659"
"28946","103501615","94197967"
"28947","103501713","92440868"
"28948","103501713","80128182"
"28949","103501713","80128457"
"28950","103501726","88623298"
"28951","103501726","96096878"
"28952","103501733","103343041"
"28953","103501743","97754385"
"28954","103501743","94201365"
"28955","103501781","104173716"
"28956","103501781","104176612"
"28957","103501829","86681601"
"28958","103501870","86686609"
"28959","103501887","61685883"
"28960","103501887","92251663"
"28961","103501975","80128459"
"28962","103501978","94197950"
"28963","103502157","86684084"
"28964","103502212","65800613"
"28965","103502213","67697138"
"28966","103502415","92442838"
"28967","103502434","104173858"
"28968","103502437","86685215"
"28969","103503471","103086466"
"28970","103504437","103085850"
"28971","103504437","94196736"
"28972","104170222","71488207"
"28973","104170222","99973462"
"28974","104173756","65800192"
"28975","104173756","71485758"
"28976","104174722","71482569"
"28977","104176016","86686584"
"28978","104176019","104169984"
"28979","104176038","69505211"
"28980","104176457","78891100"
"28981","104176458","94200235"
"28982","104176701","103086343"
"28983","104176757","88623300"
"28984","104177338","80123263"
"28985","104177341","88678158"
"28986","104177430","99973875"
"28987","104177430","88680600"
"28988","104177447","92446082"
"28989","104177543","72817687"
"28990","104177898","94201982"
"28991","104177898","104170418"
"28992","104177936","71491072"
"28993","104177936","99970963"
"28994","104177950","67693291"
"28995","104177957","103341503"
"28996","104177957","103087303"
"28997","104177973","99975025"
"28998","104177973","86684772"
"28999","104177973","86686092"
"29000","104178098","103491838"
"29001","104178098","104171639"
"29002","104178098","78894965"
"29003","104178098","86686064"
"29004","104178098","78895695"
"29005","104178098","97750327"
"29006","104178098","80122936"
"29007","104178098","62959503"
"29008","104178102","94198513"
"29009","104178109","80127912"
"29010","104178115","86678138"
"29011","104178115","71482441"
"29012","104178115","97754718"
"29013","104178188","88676326"
"29014","104178414","72766459"
"29015","104178414","99978790"
"29016","104178416","103491639"
"29017","104178438","65798147"
"29018","62959867","88673034"
"29019","64914480","69504207"
"29020","65797730","67694740"
"29021","65800197","103335954"
"29022","65801938","103491918"
"29023","65802225","88677760"
"29024","65802315","96096777"
"29025","65802315","92436599"
"29026","65802315","69508408"
"29027","65802316","94203489"
"29028","65802316","69502217"
"29029","65802316","62957181"
"29030","65802316","86681950"
"29031","65802316","88675679"
"29032","65802316","92250286"
"29033","65802316","78891992"
"29034","65802316","103491619"
"29035","65802357","64913651"
"29036","65802498","88672283"
"29037","65802587","99972567"
"29038","65803279","92445864"
"29039","65804007","88669624"
"29040","65804123","88623276"
"29041","65804123","92252559"
"29042","65804177","65799307"
"29043","65987389","80127031"
"29044","67690260","99974550"
"29045","67690676","92256820"
"29046","67693308","88674498"
"29047","67695053","103081559"
"29048","67695340","103081239"
"29049","67695430","103337522"
"29050","67695430","103341828"
"29051","67695430","78889423"
"29052","67695431","80128433"
"29053","67695431","103491529"
"29054","67695431","86682124"
"29055","67695431","71485911"
"29056","67695431","92251867"
"29057","67695431","80127081"
"29058","67695431","92251338"
"29059","67695431","71488345"
"29060","67695472","92252431"
"29061","67695473","94199130"
"29062","67695621","88625596"
"29063","67695658","99978505"
"29064","67695658","69502288"
"29065","67695719","92444617"
"29066","67695722","92446164"
"29067","67695727","71488349"
"29068","67697166","69505667"
"29069","67697269","78896273"
"29070","67697285","92252559"
"29071","67697287","86684057"
"29072","67697341","104178613"
"29073","69499982","80122346"
"29074","69500430","86686686"
"29075","69503096","97751726"
"29076","69503096","94201372"
"29077","69503098","86689027"
"29078","69504858","104176543"
"29079","69505146","78891822"
"29080","69505236","69502615"
"29081","69505236","103335305"
"29082","69505236","92253838"
"29083","69505237","71486339"
"29084","69505237","92252536"
"29085","69505237","71484877"
"29086","69505237","65800231"
"29087","69505237","94203104"
"29088","69505237","92444617"
"29089","69505237","86679488"
"29090","69505237","104171716"
"29091","69505278","80123714"
"29092","69505279","88676499"
"29093","69505427","94202397"
"29094","69505450","86684647"
"29095","69505464","80126726"
"29096","69505464","92438954"
"29097","69505525","80123232"
"29098","69505528","92440701"
"29099","69505533","69503852"
"29100","69506548","103343042"
"29101","69507028","103336296"
"29102","69507129","103085875"
"29103","69507145","69504610"
"29104","69507147","96093487"
"29105","69507201","78890698"
"29106","69722474","65802341"
"29107","69722493","103495081"
"29108","71482646","80126060"
"29109","71483095","104173634"
"29110","71485777","71486232"
"29111","71485777","69507207"
"29112","71485779","88624415"
"29113","71487540","88677075"
"29114","71487828","97747270"
"29115","71487918","71488141"
"29116","71487918","103504480"
"29117","71487918","96093484"
"29118","71487919","86685821"
"29119","71487919","97752421"
"29120","71487919","86684186"
"29121","71487919","94201401"
"29122","71487919","103343110"
"29123","71487919","104171697"
"29124","71487919","71486250"
"29125","71487919","92250120"
"29126","71487960","99978708"
"29127","71487961","80123245"
"29128","71488109","86685206"
"29129","71488132","94198155"
"29130","71488146","69500758"
"29131","71488146","86678130"
"29132","71488207","103083911"
"29133","71488210","97750337"
"29134","71488215","86686143"
"29135","71489237","99973562"
"29136","71489237","80128457"
"29137","71489240","86684207"
"29138","71489240","103085894"
"29139","71489724","92256869"
"29140","71489801","103491580"
"29141","71489824","103081251"
"29142","71489824","78889364"
"29143","71489824","103492258"
"29144","71489828","103495571"
"29145","71489844","78895223"
"29146","71489846","86680836"
"29147","71489846","97750326"
"29148","71489898","94202279"
"29149","71489900","92440173"
"29150","72766460","104176542"
"29151","72766479","92252660"
"29152","72817691","103081219"
"29153","72817710","103492455"
"29154","78888239","67693749"
"29155","78888239","71487885"
"29156","78891816","103342248"
"29157","78891816","94203486"
"29158","78892783","61680857"
"29159","78894078","104171465"
"29160","78894081","88620556"
"29161","78894100","96096343"
"29162","78894519","92439439"
"29163","78894520","88625690"
"29164","78894763","103504179"
"29165","78895401","71485753"
"29166","78895404","99976766"
"29167","78895493","94198790"
"29168","78895493","92253387"
"29169","78895510","103490427"
"29170","78895606","103341030"
"29171","78895963","103493166"
"29172","78895963","88625639"
"29173","78896001","78894678"
"29174","78896001","78894170"
"29175","78896015","99977311"
"29176","78896022","104171981"
"29177","78896022","94202272"
"29178","78896038","78896221"
"29179","78896038","80129569"
"29180","78896038","103338940"
"29181","78896163","88677551"
"29182","78896163","103340955"
"29183","78896163","96097497"
"29184","78896163","92440078"
"29185","78896163","69502246"
"29186","78896163","92252720"
"29187","78896163","92256629"
"29188","78896163","65801919"
"29189","78896167","103495564"
"29190","78896174","103342208"
"29191","78896180","103083681"
"29192","78896180","65800159"
"29193","78896180","104176188"
"29194","78896253","104171643"
"29195","78896479","104177636"
"29196","78896479","103494445"
"29197","78896481","71489247"
"29198","78896503","97747203"
"29199","80121377","94198773"
"29200","80121399","71484962"
"29201","80121401","104170389"
"29202","80121401","99978708"
"29203","80121627","92444123"
"29204","80121700","103336864"
"29205","80121700","94204178"
"29206","80121700","104178666"
"29207","80121706","92440863"
"29208","80121713","80121529"
"29209","80121717","103494814"
"29210","80121717","65800691"
"29211","80121717","69502246"
"29212","80121717","92446152"
"29213","80121717","92252662"
"29214","80121717","103504367"
"29215","80121717","88623012"
"29216","80121717","97747197"
"29217","80121842","88673381"
"29218","80121842","88673411"
"29219","80121842","97748278"
"29220","80121858","96095735"
"29221","80121858","103336288"
"29222","80121865","92251318"
"29223","80121879","104171780"
"29224","80121879","94200445"
"29225","80121917","88676682"
"29226","80121917","96091571"
"29227","80122274","96099530"
"29228","80122370","67695407"
"29229","80122387","94197930"
"29230","80122387","71489939"
"29231","80122476","78894640"
"29232","80122479","103340958"
"29233","80123117","92254804"
"29234","80123360","67696014"
"29235","80123361","94198783"
"29236","80123780","92256522"
"29237","80123799","92253036"
"29238","80123802","94199621"
"29239","80125097","94198050"
"29240","80126064","97753696"
"29241","80126064","78892028"
"29242","80129641","78891462"
"29243","80129641","97752185"
"29244","86678368","103493673"
"29245","86678368","103495432"
"29246","86681945","62960698"
"29247","86681945","80128378"
"29248","86682911","103082495"
"29249","86684206","103083711"
"29250","86684209","99973640"
"29251","86684228","86683263"
"29252","86684647","92443845"
"29253","86684648","92446254"
"29254","86684891","80122919"
"29255","86684947","69504828"
"29256","86685529","92251308"
"29257","86685532","104171698"
"29258","86685621","71487949"
"29259","86685621","69502831"
"29260","86685638","92443542"
"29261","86685734","103492336"
"29262","86686091","88677855"
"29263","86686091","80124952"
"29264","86686129","99972227"
"29265","86686129","92439822"
"29266","86686143","103079849"
"29267","86686150","92440520"
"29268","86686150","94202968"
"29269","86686166","92445682"
"29270","86686166","88620556"
"29271","86686166","92254794"
"29272","86686291","78894900"
"29273","86686291","99979429"
"29274","86686291","69503531"
"29275","86686291","104178714"
"29276","86686291","71486887"
"29277","86686291","61683708"
"29278","86686291","69502618"
"29279","86686291","80121599"
"29280","86686295","104178188"
"29281","86686302","78890783"
"29282","86686308","80123074"
"29283","86686308","103495001"
"29284","86686308","103336566"
"29285","86686381","103082580"
"29286","86686607","94203396"
"29287","86686607","103086045"
"29288","86686609","88671569"
"29289","86686631","65801127"
"29290","88618572","94200235"
"29291","88618594","71488341"
"29292","88618596","104171389"
"29293","88618596","88621018"
"29294","88618822","97751631"
"29295","88618895","88673146"
"29296","88618895","104173142"
"29297","88618895","97754190"
"29298","88618901","104177479"
"29299","88618908","103343341"
"29300","88618912","103494715"
"29301","88618912","88618375"
"29302","88618912","86684219"
"29303","88618912","103083782"
"29304","88618912","103501607"
"29305","88618912","96096716"
"29306","88618912","78895998"
"29307","88618912","67694658"
"29308","88619037","71485761"
"29309","88619037","71488345"
"29310","88619037","86686582"
"29311","88619053","104171320"
"29312","88619053","67695651"
"29313","88619060","88619533"
"29314","88619074","96092631"
"29315","88619074","96092623"
"29316","88619112","80121299"
"29317","88619112","67693768"
"29318","88619469","97748191"
"29319","88619565","88673668"
"29320","88619582","96092385"
"29321","88619582","97751832"
"29322","88619671","103079838"
"29323","88619674","97746490"
"29324","88620312","69503614"
"29325","88620555","88671880"
"29326","88620556","103502430"
"29327","88620975","103088040"
"29328","88620994","71488138"
"29329","88620997","99972185"
"29330","88622292","80122439"
"29331","88623258","96098115"
"29332","88623258","62957133"
"29333","88626835","99977914"
"29334","88626835","92257666"
"29335","88669822","104171939"
"29336","88669822","88620984"
"29337","88673399","88671044"
"29338","88673399","67694914"
"29339","88674365","78889839"
"29340","88675660","97754019"
"29341","88675663","64916740"
"29342","88675682","92444856"
"29343","88676101","80123280"
"29344","88676102","103490616"
"29345","88676345","103081472"
"29346","88676401","96097848"
"29347","88676983","78888243"
"29348","88676986","86680830"
"29349","88677075","103081785"
"29350","88677075","72817689"
"29351","88677092","86681955"
"29352","88677188","96098101"
"29353","88677545","88672683"
"29354","88677545","99977314"
"29355","88677583","92258049"
"29356","88677583","96096694"
"29357","88677597","88624127"
"29358","88677604","103492156"
"29359","88677604","67697395"
"29360","88677620","94200452"
"29361","88677620","92444892"
"29362","88677620","67697331"
"29363","88677745","92251380"
"29364","88677745","69505556"
"29365","88677745","104176545"
"29366","88677745","103082477"
"29367","88677745","97748287"
"29368","88677745","103494401"
"29369","88677745","86684789"
"29370","88677745","104171727"
"29371","88677749","88676071"
"29372","88677756","92257847"
"29373","88677762","99978152"
"29374","88677762","104173716"
"29375","88677762","86679609"
"29376","88677835","96091361"
"29377","88678061","103087868"
"29378","88678061","104176899"
"29379","88678063","103082644"
"29380","88678085","94197152"
"29381","92250118","103338363"
"29382","92250118","96092168"
"29383","92253695","69505670"
"29384","92253695","69505432"
"29385","92254661","92439042"
"29386","92255956","92439338"
"29387","92255959","97755104"
"29388","92255978","103502243"
"29389","92256397","97754095"
"29390","92256398","103494640"
"29391","92256641","65797101"
"29392","92256697","96091747"
"29393","92257279","103502334"
"29394","92257282","97752626"
"29395","92257371","88621001"
"29396","92257371","92446190"
"29397","92257388","97748373"
"29398","92257484","103502413"
"29399","92257841","92252726"
"29400","92257841","97754001"
"29401","92257879","92440577"
"29402","92257879","92251306"
"29403","92257893","103491957"
"29404","92257900","80125852"
"29405","92257900","78888393"
"29406","92257916","86682202"
"29407","92257916","92253374"
"29408","92257916","92439650"
"29409","92258041","103494983"
"29410","92258041","78894086"
"29411","92258041","96092571"
"29412","92258041","88677239"
"29413","92258041","103082101"
"29414","92258041","92253233"
"29415","92258041","103081572"
"29416","92258041","71485848"
"29417","92258045","61773731"
"29418","92258052","67692450"
"29419","92258058","103492889"
"29420","92258058","92443882"
"29421","92258058","71484764"
"29422","92258131","103491701"
"29423","92258357","78890798"
"29424","92258357","96091267"
"29425","92258359","86685731"
"29426","92258381","71487893"
"29427","92439116","80123628"
"29428","92439138","103081470"
"29429","92439140","92445358"
"29430","92439140","103495499"
"29431","92439366","103085964"
"29432","92439439","104178021"
"29433","92439439","80122823"
"29434","92439439","99972139"
"29435","92439445","94202652"
"29436","92439452","99972388"
"29437","92439456","103503326"
"29438","92439456","80126096"
"29439","92439456","88671568"
"29440","92439456","96096186"
"29441","92439456","92251718"
"29442","92439456","86679903"
"29443","92439456","103336544"
"29444","92439456","88619852"
"29445","92439581","92447379"
"29446","92439581","78891966"
"29447","92439581","99977869"
"29448","92439597","94199047"
"29449","92439597","78895677"
"29450","92439604","96099244"
"29451","92439618","99979190"
"29452","92439618","103503330"
"29453","92439656","80127890"
"29454","92439656","104177635"
"29455","92440013","78891451"
"29456","92440126","92258436"
"29457","92440126","67695035"
"29458","92440215","65802494"
"29459","92440218","103341763"
"29460","92440800","69507209"
"29461","92440856","78889775"
"29462","92441099","103341906"
"29463","92441100","94202116"
"29464","92441519","67695455"
"29465","92441538","103502417"
"29466","92442836","67694401"
"29467","92443802","88675723"
"29468","92443802","103501549"
"29469","92447379","97752182"
"29470","92447379","104177448"
"29471","94195551","92251329"
"29472","94195551","94202955"
"29473","94199127","103491629"
"29474","94199127","99979374"
"29475","94200093","104176498"
"29476","94201388","92256812"
"29477","94201391","88622147"
"29478","94201410","88620475"
"29479","94201829","78891992"
"29480","94201830","88675748"
"29481","94202073","88619732"
"29482","94202129","86684803"
"29483","94202711","104175996"
"29484","94202714","86686580"
"29485","94202803","103081513"
"29486","94202803","103083872"
"29487","94202820","88670934"
"29488","94202916","80125799"
"29489","94203273","88625022"
"29490","94203273","99972258"
"29491","94203311","104178208"
"29492","94203311","78891707"
"29493","94203325","103335843"
"29494","94203332","71485952"
"29495","94203332","99978991"
"29496","94203348","92446117"
"29497","94203348","103495135"
"29498","94203348","92254662"
"29499","94203473","65797013"
"29500","94203473","86686433"
"29501","94203473","88624268"
"29502","94203473","80122908"
"29503","94203473","69505639"
"29504","94203473","86684185"
"29505","94203473","80123716"
"29506","94203473","103087760"
"29507","94203477","103501731"
"29508","94203484","103083569"
"29509","94203490","103087020"
"29510","94203490","71484873"
"29511","94203490","88624585"
"29512","94203563","92252659"
"29513","94203789","92253076"
"29514","94203789","72766456"
"29515","94203791","104175775"
"29516","94203813","78895782"
"29517","96091038","92257485"
"29518","96091057","80123282"
"29519","96091091","104171362"
"29520","96091091","103502420"
"29521","96091092","80121215"
"29522","96091857","88678134"
"29523","96092550","99978524"
"29524","96092550","104178600"
"29525","96092948","103340964"
"29526","96092951","104173933"
"29527","96092952","99978708"
"29528","96094741","92442838"
"29529","96096380","92257841"
"29530","96096380","88622272"
"29531","96096780","71488340"
"29532","96096780","80127891"
"29533","96096780","71484922"
"29534","96096780","69499702"
"29535","96096780","103340006"
"29536","96096813","88677835"
"29537","96096816","96093433"
"29538","96096818","103343229"
"29539","96096841","65796981"
"29540","96096841","96099126"
"29541","96096883","86679556"
"29542","96096883","67690020"
"29543","96097280","99977658"
"29544","96097280","92441416"
"29545","96097280","99977771"
"29546","96097280","94200111"
"29547","96097280","69502316"
"29548","96097453","92447379"
"29549","96097505","88671005"
"29550","96097850","71482750"
"29551","96097850","78889367"
"29552","96097850","67695437"
"29553","96098180","69504749"
"29554","96098195","96098022"
"29555","96099107","86685229"
"29556","96099176","104172532"
"29557","96099176","94202641"
"29558","96099176","92252535"
"29559","96099176","65801918"
"29560","96099176","103081475"
"29561","97745931","86686687"
"29562","97745931","69505278"
"29563","97745931","103082462"
"29564","97745931","104170294"
"29565","97746000","94199270"
"29566","97746871","104176538"
"29567","97747216","103492830"
"29568","97747216","103084609"
"29569","97747216","103338317"
"29570","97747561","103081796"
"29571","97747613","71489938"
"29572","97747786","103504258"
"29573","97747786","103081553"
"29574","97747786","88672530"
"29575","97747786","65802585"
"29576","97747786","92257879"
"29577","97748182","67695307"
"29578","97748182","92445566"
"29579","97748224","92441368"
"29580","97748224","86680426"
"29581","97748247","103495444"
"29582","97748249","103501534"
"29583","97748252","88671150"
"29584","97748285","71487958"
"29585","97748285","86684703"
"29586","97748285","97746899"
"29587","97748285","103082646"
"29588","97748285","99976548"
"29589","97748685","69500408"
"29590","97750324","103341478"
"29591","97752112","88624978"
"29592","97752113","103343341"
"29593","97752116","92443537"
"29594","97752514","80128029"
"29595","97752514","94202655"
"29596","97753969","103491538"
"29597","97753970","65802491"
"29598","97753970","78896503"
"29599","97754001","103336230"
"29600","97754004","88676220"
"29601","97754023","92255817"
"29602","99971121","103337648"
"29603","99971121","69505648"
"29604","99971121","88620427"
"29605","99971121","80123781"
"29606","99971190","94204030"
"29607","99972061","92444154"
"29608","99972406","62959591"
"29609","99972406","103082551"
"29610","99972406","103338426"
"29611","99972751","86686703"
"29612","99972803","64913175"
"29613","99972976","104177483"
"29614","99972976","69722497"
"29615","99972976","94198076"
"29616","99972976","65804183"
"29617","99972976","104176577"
"29618","99973372","104171405"
"29619","99973372","78890724"
"29620","99973414","94206241"
"29621","99973414","92439618"
"29622","99973437","65797854"
"29623","99973439","72766477"
"29624","99973442","97747366"
"29625","99973475","94203162"
"29626","99973475","94199330"
"29627","99973475","86686479"
"29628","99973475","104170278"
"29629","99973475","99972093"
"29630","99973875","94198786"
"29631","99973875","88671038"
"29632","99975514","88671580"
"29633","99977302","80123828"
"29634","99977303","71486198"
"29635","99977306","97754003"
"29636","99977704","88625300"
"29637","99977704","92444867"
"29638","99977704","71484894"
"29639","99979159","94201885"
"29640","99979160","65802192"
"29641","99979160","97754172"
"29642","99979194","88678452"
"29643","99979213","92440109"
"29644","103338228","94199133"
"29645","103338228","92447225"
"29646","104173302","99977916"
"29647","104173302","88675678"
"29648","80126518","78894054"
"29649","94198673","92440703"
"29650","96090802","103081169"
"29651","96090802","67695338"
"29652","96090816","71491099"
"29653","96091059","64984871"
"29654","96091059","103501779"
"29655","96091062","103082100"
"29656","96091062","94201917"
"29657","96091594","104171931"
"29658","96092203","69503204"
"29659","96095477","80123715"
"29660","96095477","86684213"
"29661","96095477","71488104"
"29662","96097424","80123775"
"29663","97747642","65802338"
"29664","97749588","99972162"
"29665","97749588","80122273"
"29666","97749588","80126047"
"29667","97752860","103504477"
"29668","97753467","67694771"
"29669","97753999","103081148"
"29670","97753999","69506277"
"29671","97754002","104175868"
"29672","97754002","80127216"
"29673","97754243","103082645"
"29674","97754257","103087074"
"29675","97754257","104171295"
"29676","99972832","86681896"
"29677","99974778","88672281"
"29678","99974778","94196732"
"29679","99974778","94196744"
"29680","99978050","99976800"
"29681","99978657","103084719"
"29682","99979189","94201411"
"29683","99979189","80121932"
"29684","99979192","92440012"
"29685","99979192","96095495"
"29686","99979433","103494664"
"29687","99979447","103081539"
"29688","99979447","96092442"
"29689","103081860","86686634"
"29690","103086440","103342404"
"29691","103086441","78891966"
"29692","103086556","103343364"
"29693","103087130","99977770"
"29694","103336930","92253329"
"29695","103341510","86681872"
"29696","103341511","92446191"
"29697","103341626","104173294"
"29698","103342200","103492887"
"29699","103492229","99978251"
"29700","103494447","80123778"
"29701","103494448","65802257"
"29702","103494544","97749175"
"29703","103494943","103337525"
"29704","104172004","96096693"
"29705","104176584","94195553"
"29706","104176585","71482532"
"29707","104176700","78895432"
"29708","104177274","104172249"
"29709","62959866","103503942"
"29710","64914479","86679493"
"29711","65797655","99973381"
"29712","65801937","103081541"
"29713","65987388","65800876"
"29714","67695052","72817689"
"29715","69500535","92258452"
"29716","69504857","61683080"
"29717","71483020","97747061"
"29718","71483200","96088905"
"29719","71487539","88673897"
"29720","78890063","103341536"
"29721","78894762","103341421"
"29722","78895337","71488210"
"29723","80122543","88673415"
"29724","80123118","92439338"
"29725","80127817","103337546"
"29726","86680192","64914081"
"29727","86684774","88670945"
"29728","86684890","103335204"
"29729","86685465","94198037"
"29730","88619738","96098079"
"29731","88620313","104176032"
"29732","88625011","88673409"
"29733","88671646","96097504"
"29734","88676228","92253663"
"29735","88676229","99975065"
"29736","88676344","103082644"
"29737","88676919","92441029"
"29738","92251942","71485512"
"29739","92256524","88669584"
"29740","92256525","103342373"
"29741","92256640","97747290"
"29742","92257215","103493215"
"29743","92440282","92256078"
"29744","92440857","103493215"
"29745","92445555","92252561"
"29746","94197374","96099501"
"29747","94201956","94201391"
"29748","94201957","103494948"
"29749","94202072","103493730"
"29750","94202647","92258591"
"29751","96097454","103342405"
"29752","96097780","92439452"
"29753","96097780","104173906"
"29754","97747286","103082468"
"29755","97747286","97746583"
"29756","97747612","103087824"
"29757","99972476","103501746"
"29758","99972476","96097784"
"29759","99972802","96096838"
"29760","103083613","94203883"
"29761","103086436","86678379"
"29762","103086437","92446204"
"29763","103087101","92256631"
"29764","103087102","103504419"
"29765","103338683","103079878"
"29766","103338844","96097251"
"29767","103338864","103341609"
"29768","103341506","69505149"
"29769","103341507","103339094"
"29770","103342171","94202277"
"29771","103342172","72817724"
"29772","103494443","88671684"
"29773","103494444","99972066"
"29774","103494914","99972175"
"29775","103494915","80122782"
"29776","104173757","92256812"
"29777","104173918","78895493"
"29778","104173938","96095705"
"29779","104173962","104170278"
"29780","104173964","103084596"
"29781","104176580","99977801"
"29782","104176581","92251264"
"29783","104177245","88625648"
"29784","104177246","92443732"
"29785","62959527","96096819"
"29786","62959528","103339667"
"29787","64914256","92447394"
"29788","64914257","92436856"
"29789","64914295","103494713"
"29790","64914296","103494445"
"29791","65801714","71484990"
"29792","65801715","88676658"
"29793","65801753","104172235"
"29794","65801754","104176040"
"29795","65987165","78894615"
"29796","65987166","92441530"
"29797","65987204","103338642"
"29798","65987205","103342876"
"29799","67694829","103337767"
"29800","67694830","86679557"
"29801","67694868","78894639"
"29802","67694869","94196784"
"29803","69504634","86686846"
"29804","69504635","103490447"
"29805","69504673","103087444"
"29806","69504674","103082546"
"29807","71487316","86685501"
"29808","71487317","86682478"
"29809","71487355","97754491"
"29810","71487356","88626825"
"29811","78894642","103084105"
"29812","78894643","61581046"
"29813","78895308","103081247"
"29814","78895309","67695399"
"29815","80122571","96092984"
"29816","80122572","97752493"
"29817","80123237","88619689"
"29818","80123238","97747221"
"29819","86682151","99974818"
"29820","86684770","92251306"
"29821","86684771","67692366"
"29822","86685436","86680119"
"29823","86685437","88622762"
"29824","88619766","86686496"
"29825","88619767","92443309"
"29826","88620432","103341760"
"29827","88620433","88620485"
"29828","88673605","72817648"
"29829","88673607","94196733"
"29830","88676224","86684179"
"29831","88676225","92439975"
"29832","88676890","92253907"
"29833","88676891","104176098"
"29834","92256520","92441237"
"29835","92256521","94199127"
"29836","92257186","94203150"
"29837","92257187","88620586"
"29838","92440310","99974534"
"29839","92440311","103085872"
"29840","92440976","103088431"
"29841","92440977","86679996"
"29842","94199333","103085965"
"29843","94199335","92255935"
"29844","94201952","97746923"
"29845","94201953","92258056"
"29846","94202618","69504576"
"29847","94202619","92442819"
"29848","96091934","80121322"
"29849","96095512","94198778"
"29850","96095516","88625650"
"29851","96095518","88671032"
"29852","96095712","92256513"
"29853","99974532","92252578"
"29854","103082433","67694825"
"29855","103082434","88625077"
"29856","103082475","103341437"
"29857","103082475","92256038"
"29858","103082542","103087335"
"29859","103082542","94199297"
"29860","103337503","99974177"
"29861","103337504","99978883"
"29862","103337545","94195677"
"29863","103337545","94198960"
"29864","103337612","92254803"
"29865","103337612","99972140"
"29866","103492802","86679554"
"29867","103492803","96097436"
"29868","103492844","103338229"
"29869","103492844","78891100"
"29870","103492911","67692413"
"29871","103492911","96092285"
"29872","104172577","69506061"
"29873","104172578","86682156"
"29874","104172619","97754169"
"29875","104172619","103492846"
"29876","104172686","103087971"
"29877","104172686","92254679"
"29878","64913131","78889362"
"29879","64913132","92252138"
"29880","64913173","92256621"
"29881","64913173","99971759"
"29882","65800569","103336618"
"29883","65800570","103501605"
"29884","65800611","99972061"
"29885","65800611","99978217"
"29886","65986036","65800174"
"29887","65986037","104176683"
"29888","65986078","96091350"
"29889","65986078","96096613"
"29890","67693684","104178909"
"29891","67693685","71485739"
"29892","67693726","103491592"
"29893","67693726","103086430"
"29894","67693793","92256516"
"29895","69503488","92444156"
"29896","69503489","103341353"
"29897","69503530","78890844"
"29898","69503530","65802458"
"29899","69503597","69499734"
"29900","69503597","92441014"
"29901","71486170","92441538"
"29902","71486171","99973374"
"29903","71486212","71485357"
"29904","71486212","99972139"
"29905","71486279","94196987"
"29906","71486279","104171618"
"29907","78890637","103337966"
"29908","78890638","78889741"
"29909","78890679","97747628"
"29910","78890679","94198075"
"29911","78890746","88676389"
"29912","78890746","71488211"
"29913","80127134","88618435"
"29914","80127134","99977304"
"29915","80127201","92253958"
"29916","80127201","69503086"
"29917","80127242","88624328"
"29918","80127243","97747025"
"29919","86680766","96092567"
"29920","86680767","86684287"
"29921","86680808","88673620"
"29922","86680808","69504838"
"29923","86680875","103083714"
"29924","86680875","92252498"
"29925","88624328","94201910"
"29926","88624328","97752744"
"29927","88624395","92256579"
"29928","88624395","96092882"
"29929","88624436","99974800"
"29930","88624437","71487239"
"29931","88672220","78891636"
"29932","88672221","88671675"
"29933","88672262","59212190"
"29934","88672262","103492017"
"29935","88672329","88625608"
"29936","88672329","103491840"
"29937","92252516","88672430"
"29938","92252517","69505356"
"29939","92252558","103342159"
"29940","92252558","86686310"
"29941","92252625","69504610"
"29942","92252625","99976801"
"29943","92444872","92440418"
"29944","92444872","96091933"
"29945","92444939","86685167"
"29946","92444939","92252544"
"29947","92444980","78890783"
"29948","92444981","80122494"
"29949","94197948","59665074"
"29950","94197949","104174740"
"29951","94197990","88626655"
"29952","94197990","92253699"
"29953","94198057","80127220"
"29954","94198057","92446117"
"29955","96091378","92443924"
"29956","96091378","86686675"
"29957","96091378","97754494"
"29958","96091378","99979874"
"29959","96091378","99979706"
"29960","96091378","97752853"
"29961","96091378","96095470"
"29962","96091378","103494483"
"29963","96091503","71488207"
"29964","96091503","94201915"
"29965","96091503","69504576"
"29966","96091935","92446192"
"29967","96093438","64914311"
"29968","96093441","103336298"
"29969","96093443","104169985"
"29970","96093444","103087328"
"29971","96093445","71483472"
"29972","96093447","104176585"
"29973","96093448","78896676"
"29974","96093450","88622204"
"29975","96093459","103504423"
"29976","96093460","69503573"
"29977","96093462","78894896"
"29978","96093463","69502324"
"29979","97751601","103501844"
"29980","97751602","103086758"
"29981","97751604","97746984"
"29982","97751605","86678531"
"29983","97751614","69506548"
"29984","97751617","71488331"
"29985","97751619","96095721"
"29986","97751620","103494384"
"29987","97751621","103494449"
"29988","97751623","103086550"
"29989","97751626","96092942"
"29990","97753128","86680433"
"29991","97753558","78890592"
"29992","97753558","96097280"
"29993","97753558","103337572"
"29994","97753683","94201751"
"29995","97753683","103341523"
"29996","97753683","80123779"
"29997","97753683","92260436"
"29998","97753683","94201916"
"29999","97753683","103494540"
"30000","97753683","86680855"
"30001","97753683","103086852"
"30002","99976791","94197409"
"30003","99976792","94199629"
"30004","99976794","64914081"
"30005","99976795","69502115"
"30006","99976804","92257829"
"30007","99976807","92256480"
"30008","99976809","99974458"
"30009","99976810","88675679"
"30010","99976811","92255979"
"30011","99976813","103082640"
"30012","99976816","86681961"
"30013","99978318","104177587"
"30014","99978748","103335302"
"30015","99978748","78894918"
"30016","99978748","92256398"
"30017","99978873","99973564"
"30018","99978873","65800572"
"30019","99978873","92256455"
"30020","99978873","96088872"
"30021","99978873","78889773"
"30022","99978873","97751623"
"30023","99978873","71488132"
"30024","99978873","71488207"
"30025","103080202","67694536"
"30026","103080202","99975510"
"30027","103080202","104173447"
"30028","103080202","103081221"
"30029","103080202","103339175"
"30030","103081884","65802340"
"30031","103083045","88673375"
"30032","103083303","69507239"
"30033","103083335","103491612"
"30034","103083335","104172941"
"30035","103083590","71486292"
"30036","103083590","71486197"
"30037","103083779","88618899"
"30038","103083779","92257209"
"30039","103086424","88672390"
"30040","103086555","99973416"
"30041","103087961","65798052"
"30042","103335272","78896575"
"30043","103335272","97751583"
"30044","103335272","96093462"
"30045","103335272","103504418"
"30046","103335272","80122962"
"30047","103336954","80126046"
"30048","103338115","103343052"
"30049","103338115","69725002"
"30050","103338373","88624374"
"30051","103338405","92440655"
"30052","103338405","67694290"
"30053","103338660","97748284"
"30054","103338660","99979574"
"30055","103338849","88623012"
"30056","103338849","99972290"
"30057","103341476","103335305"
"30058","103341494","86684234"
"30059","103341625","86679831"
"30060","103343031","103336332"
"30061","103490571","67693827"
"30062","103490571","88676927"
"30063","103490571","99973414"
"30064","103490571","94201939"
"30065","103490571","88623079"
"30066","103492253","64913173"
"30067","103493414","88620457"
"30068","103493672","104176000"
"30069","103493704","103087178"
"30070","103493704","69499779"
"30071","103494543","67693792"
"30072","103495399","78891983"
"30073","103504270","86685170"
"30074","103504270","97752085"
"30075","103504459","71488008"
"30076","103504459","99975510"
"30077","104170346","103336623"
"30078","104170346","99978055"
"30079","104170346","72817649"
"30080","104170346","96097236"
"30081","104170346","65802492"
"30082","104172028","103081250"
"30083","104173189","71487218"
"30084","104173189","92256627"
"30085","104173447","103343032"
"30086","104173479","96091662"
"30087","104173479","97748879"
"30088","104173734","92440709"
"30089","104173734","97752582"
"30090","104173923","103340962"
"30091","104173923","88620470"
"30092","104176550","103084576"
"30093","104176568","86680121"
"30094","104176699","92255936"
"30095","104178105","103493209"
"30096","59215145","92440282"
"30097","59668437","103342252"
"30098","61582784","96095228"
"30099","61683801","103341536"
"30100","61771696","78894632"
"30101","62958897","103088765"
"30102","62959865","92251313"
"30103","64910413","92257895"
"30104","64913743","104171940"
"30105","64914478","96090996"
"30106","64981449","92256518"
"30107","65797733","86686161"
"30108","65801181","78894971"
"30109","65801654","103082475"
"30110","65801936","62961811"
"30111","65983308","88675684"
"30112","65986652","99971073"
"30113","65987387","103085958"
"30114","67690195","64915803"
"30115","67690679","61683075"
"30116","67694296","94201954"
"30117","67694769","103344036"
"30118","67694769","92251250"
"30119","67695051","67694634"
"30120","69499917","96091938"
"30121","69500379","67695344"
"30122","69500433","69500376"
"30123","69504100","103335826"
"30124","69504574","71486690"
"30125","69504574","86686590"
"30126","69504856","86686764"
"30127","71482579","86683215"
"30128","71482579","88619234"
"30129","71483044","78889992"
"30130","71483098","94198156"
"30131","71486782","88620907"
"30132","71487256","104171714"
"30133","71487256","80125083"
"30134","71487538","86686766"
"30135","71489762","92445321"
"30136","71489765","103336037"
"30137","78888363","71489817"
"30138","78888363","96092625"
"30139","78888363","71488520"
"30140","78890087","86684292"
"30141","78891249","103343728"
"30142","78891539","103342133"
"30143","78891539","103081837"
"30144","78891794","99973496"
"30145","78891983","103342398"
"30146","78894761","103493057"
"30147","78896170","88672305"
"30148","80121710","88677395"
"30149","80123119","88678148"
"30150","80125897","94198762"
"30151","80125897","88620915"
"30152","80126086","71488749"
"30153","80126086","88669894"
"30154","80126341","103504146"
"30155","80126341","97748184"
"30156","80126631","94201404"
"30157","80127793","72766519"
"30158","80129517","92440628"
"30159","80129517","86679490"
"30160","80129517","96095205"
"30161","80129517","103342138"
"30162","86678492","78890656"
"30163","86678492","96090983"
"30164","86678492","67695656"
"30165","86678492","67697265"
"30166","86678492","69503511"
"30167","86680216","86685092"
"30168","86681378","69505374"
"30169","86681636","103503942"
"30170","86681668","97754160"
"30171","86681668","69505458"
"30172","86681923","92440975"
"30173","86681923","88673357"
"30174","86682112","92441522"
"30175","86682112","88677370"
"30176","86684889","69500379"
"30177","86686298","96090669"
"30178","88618905","104177476"
"30179","88620314","86679568"
"30180","88623091","94196985"
"30181","88623091","88673375"
"30182","88623280","86684219"
"30183","88623280","67691088"
"30184","88623535","67697269"
"30185","88623535","80122777"
"30186","88623825","88672779"
"30187","88624987","88671325"
"30188","88626711","103341671"
"30189","88626711","92441537"
"30190","88626711","103083875"
"30191","88626711","103493991"
"30192","88626711","67695859"
"30193","88669946","99979284"
"30194","88669946","71487357"
"30195","88669946","99973012"
"30196","88669946","80127578"
"30197","88669946","104173136"
"30198","88671670","69500547"
"30199","88672832","103086449"
"30200","88673090","92256515"
"30201","88673122","88626711"
"30202","88673122","103343641"
"30203","88673377","88625651"
"30204","88673377","71488068"
"30205","88673566","88621134"
"30206","88673566","103086426"
"30207","88676343","78890302"
"30208","88677752","65803278"
"30209","92250242","65799334"
"30210","92250242","72817376"
"30211","92250242","67696249"
"30212","92250242","67695341"
"30213","92250242","71489817"
"30214","92251966","80128139"
"30215","92253128","99973418"
"30216","92253386","92256786"
"30217","92253418","103492165"
"30218","92253418","96090674"
"30219","92253673","78891819"
"30220","92253673","94198516"
"30221","92253862","97748181"
"30222","92253862","96096078"
"30223","92256639","96091363"
"30224","92258048","88624073"
"30225","92439449","78894896"
"30226","92440858","78890763"
"30227","92443635","67695043"
"30228","92443635","86685240"
"30229","92443824","99976791"
"30230","92443824","92256398"
"30231","92444079","86684745"
"30232","92444079","97747197"
"30233","92444111","92253174"
"30234","92444369","67693280"
"30235","92445531","103494542"
"30236","92447255","94198091"
"30237","92447255","80121160"
"30238","92447255","103494430"
"30239","92447255","99972467"
"30240","92447255","99974537"
"30241","94195675","88619127"
"30242","94195675","104174016"
"30243","94195675","88618617"
"30244","94195675","99973563"
"30245","94195675","86686585"
"30246","94195675","88671575"
"30247","94197398","94201956"
"30248","94198560","80129639"
"30249","94198818","88622765"
"30250","94198850","69505259"
"30251","94198850","62962047"
"30252","94199105","104177570"
"30253","94199105","71485773"
"30254","94199294","71486633"
"30255","94199294","80125096"
"30256","94202071","103086755"
"30257","94203480","67693771"
"30258","96091367","65802223"
"30259","96091519","97747365"
"30260","96091519","103494438"
"30261","96091540","103337713"
"30262","96091540","92439444"
"30263","96091578","62958805"
"30264","96091578","99979487"
"30265","96092137","80128454"
"30266","96092197","80127155"
"30267","96092463","88619541"
"30268","96096842","103338602"
"30269","96096842","71488150"
"30270","96096884","88676781"
"30271","96096884","88676176"
"30272","96097243","88680346"
"30273","96097701","88672267"
"30274","96097701","94198792"
"30275","96097791","78888311"
"30276","96097791","103081331"
"30277","96097791","94201395"
"30278","96098181","92255975"
"30279","97746885","96091844"
"30280","97747275","92441056"
"30281","97747275","103494071"
"30282","97747275","86684733"
"30283","97747365","97753521"
"30284","97747365","88621022"
"30285","97747823","88619739"
"30286","97748181","67690148"
"30287","97748181","80126048"
"30288","97748223","92252632"
"30289","97748223","92256550"
"30290","97752601","78889986"
"30291","97752866","92441478"
"30292","97752926","65800169"
"30293","97753483","104178567"
"30294","97753483","88676335"
"30295","97753521","96097846"
"30296","97753521","103504266"
"30297","97753542","97754629"
"30298","97753542","103491957"
"30299","97753694","103085856"
"30300","99972075","92256042"
"30301","99972465","99973440"
"30302","99972465","104176596"
"30303","99972465","103085872"
"30304","99972555","92251630"
"30305","99972555","62959521"
"30306","99973013","92253586"
"30307","99973371","96092577"
"30308","99973371","86684226"
"30309","99973413","67694885"
"30310","99973413","103342938"
"30311","99977791","103081571"
"30312","99978056","97748117"
"30313","99978116","86686693"
"30314","99978673","69507189"
"30315","99978673","92252498"
"30316","99978711","88620433"
"30317","99978711","99974701"
"30318","99978732","88624353"
"30319","99978732","67690720"
"30320","99978884","103341483"
"30321","103081883","103336327"
"30322","103086418","88620113"
"30323","103086419","92250285"
"30324","103086421","86684711"
"30325","103086422","78896180"
"30326","103087960","88620416"
"30327","103336953","67697339"
"30328","103341488","96096760"
"30329","103341489","103492426"
"30330","103341491","62959505"
"30331","103341492","92256471"
"30332","103343030","103491608"
"30333","103492252","71487830"
"30334","103494425","92256397"
"30335","103494426","92442695"
"30336","103494428","96098078"
"30337","103494429","80123248"
"30338","103495398","78888224"
"30339","104172027","72766499"
"30340","104176562","86684790"
"30341","104176563","92256966"
"30342","104176565","71487852"
"30343","104176566","80129840"
"30344","104178104","92441130"
"30345","64910412","86680339"
"30346","64912062","71485875"
"30347","64914275","64983611"
"30348","64914276","99976764"
"30349","64914278","69505245"
"30350","64914279","103087399"
"30351","64914340","86681676"
"30352","64916589","67692826"
"30353","65797732","103086413"
"30354","65801733","72766500"
"30355","65801734","96096815"
"30356","65801736","103494963"
"30357","65801737","67692817"
"30358","65983307","96090901"
"30359","65987184","99978116"
"30360","65987185","88622159"
"30361","65987187","97752279"
"30362","65987188","78894642"
"30363","67690624","103501342"
"30364","67690678","103341511"
"30365","67694848","80125079"
"30366","67694849","103083616"
"30367","67694851","65802691"
"30368","67694852","64914311"
"30369","69500378","96091341"
"30370","69500432","104176571"
"30371","69504653","97752485"
"30372","69504654","96092101"
"30373","69504656","92440702"
"30374","69504657","71487355"
"30375","71483043","99975028"
"30376","71483097","96092439"
"30377","71487335","71489890"
"30378","71487336","94202208"
"30379","71487338","92257214"
"30380","71487339","80121911"
"30381","78890086","78896461"
"30382","78894624","97748375"
"30383","78894625","71484961"
"30384","78894627","64915128"
"30385","78894628","92258747"
"30386","78896169","103495799"
"30387","80121711","97754744"
"30388","80123252","92257097"
"30389","80123253","78890762"
"30390","80123255","96099531"
"30391","80123256","103083357"
"30392","80127794","99974512"
"30393","86680215","78899006"
"30394","86684752","92258048"
"30395","86684753","88674385"
"30396","86684755","88625610"
"30397","86684756","65801176"
"30398","86686297","88676172"
"30399","88618906","88626779"
"30400","88620447","103493009"
"30401","88620448","65797186"
"30402","88620450","80128390"
"30403","88620451","104173435"
"30404","88624988","103086004"
"30405","88671669","78892868"
"30406","88676206","103085894"
"30407","88676207","94202072"
"30408","88676209","103491525"
"30409","88676210","86685228"
"30410","88677751","78896001"
"30411","92251965","104176041"
"30412","92256502","97752569"
"30413","92256503","104174723"
"30414","92256505","71488207"
"30415","92256506","80124964"
"30416","92258047","88624435"
"30417","92439450","92251622"
"30418","92440991","78890701"
"30419","92440992","103493637"
"30420","92440994","99973421"
"30421","92440995","96097700"
"30422","92445532","71486058"
"30423","94197397","65983307"
"30424","94201934","99978910"
"30425","94201935","94197015"
"30426","94201937","103342405"
"30427","94201938","99976812"
"30428","94203479","103080084"
"30429","96091341","71485771"
"30430","96092184","103336858"
"30431","96092199","103493414"
"30432","96098119","96095574"
"30433","96098119","80125544"
"30434","97746947","94201368"
"30435","97746947","69502295"
"30436","97752864","92256037"
"30437","97752879","67695727"
"30438","97753720","103088253"
"30439","99972137","88619074"
"30440","99972137","71485300"
"30441","99978054","86683052"
"30442","99978069","104171416"
"30443","99978910","69722535"
"30444","64914338","65801738"
"30445","96090801","92440654"
"30446","96090810","104173759"
"30447","96090817","69507129"
"30448","96091509","103342144"
"30449","96091526","78895336"
"30450","96095211","88671018"
"30451","96095767","78894604"
"30452","96097237","92441460"
"30453","96097496","99974537"
"30454","96097496","80126051"
"30455","96097550","71488362"
"30456","96097744","103338068"
"30457","96097744","67694869"
"30458","96097744","88673130"
"30459","97747322","80121599"
"30460","97747322","99977273"
"30461","97747322","69722460"
"30462","97747516","71489802"
"30463","97747570","88672239"
"30464","97747570","80121944"
"30465","97747829","103494374"
"30466","97749854","103490449"
"30467","97753535","99974557"
"30468","97753552","92256046"
"30469","97754242","94199294"
"30470","97754249","69505259"
"30471","97754258","103492862"
"30472","99972512","94199622"
"30473","99972512","94195561"
"30474","99972512","65800982"
"30475","99972706","103339182"
"30476","99972760","94201410"
"30477","99972760","86686828"
"30478","99973019","99974179"
"30479","99975044","64914481"
"30480","99978725","92251341"
"30481","99978742","103492270"
"30482","99979432","104176567"
"30483","99979439","78895331"
"30484","99979448","99974165"
"30485","99979452","65800613"
"30486","96092720","88619819"
"30487","96097238","78891773"
"30488","96097238","103493361"
"30489","97747828","78891100"
"30490","97747828","92439138"
"30491","97752344","78894971"
"30492","99973018","88623027"
"30493","99973018","99972162"
"30494","99977534","64914340"
"30495","103081544","92254679"
"30496","103081764","104171697"
"30497","103083768","97752611"
"30498","103083768","64914233"
"30499","103083768","71490366"
"30500","103086282","88623872"
"30501","103336614","67689987"
"30502","103336834","104177894"
"30503","103338838","69500430"
"30504","103338838","96093496"
"30505","103338838","86681945"
"30506","103341352","80128133"
"30507","103491913","103088765"
"30508","103492133","97748372"
"30509","103502244","71487117"
"30510","103504281","67694803"
"30511","103504281","99977286"
"30512","103504281","96097783"
"30513","104171688","78896452"
"30514","104171908","88672364"
"30515","104173912","103086429"
"30516","104173912","97752879"
"30517","104173912","99974512"
"30518","104176426","88623579"
"30519","57824035","67694048"
"30520","58144320","69505666"
"30521","58280783","92447578"
"30522","59213429","104172238"
"30523","59665188","94200234"
"30524","61581057","96099295"
"30525","61685882","97747041"
"30526","61773776","71486633"
"30527","62957180","72815293"
"30528","64911957","103502179"
"30529","64913239","97748366"
"30530","64916687","71486728"
"30531","64979736","86679880"
"30532","65799282","99977799"
"30533","65799705","86683055"
"30534","65802700","65986037"
"30535","65802700","71486189"
"30536","65804169","103084112"
"30537","65984857","104171926"
"30538","67692389","71484849"
"30539","67692813","92250285"
"30540","67695839","69504679"
"30541","67695839","94197992"
"30542","67697333","88675667"
"30543","69502176","103504456"
"30544","69502601","86684378"
"30545","69505647","103341493"
"30546","69505647","96096337"
"30547","69507193","103085898"
"30548","71484849","86685409"
"30549","71485277","104171302"
"30550","71488330","94201887"
"30551","71488330","88623974"
"30552","71489892","103490547"
"30553","78889747","92442823"
"30554","78889967","104171387"
"30555","78891972","103081379"
"30556","78891972","104176102"
"30557","78891972","65799342"
"30558","78894488","94196661"
"30559","80123392","103081495"
"30560","80125908","94196602"
"30561","80125908","88623613"
"30562","80125908","86678522"
"30563","80127913","97753971"
"30564","80128133","94196733"
"30565","86679876","69503598"
"30566","86680096","94196761"
"30567","86682101","88618439"
"30568","86682101","103338338"
"30569","86682101","99973513"
"30570","86684616","86679492"
"30571","88620587","103086548"
"30572","88623102","96092607"
"30573","88623102","69505376"
"30574","88623102","96095513"
"30575","88625107","103502421"
"30576","88625327","103493752"
"30577","88671330","104176419"
"30578","88671550","104173775"
"30579","88673555","103334948"
"30580","88673555","57821962"
"30581","88673555","80122098"
"30582","88676070","103086432"
"30583","92251626","78895450"
"30584","92251846","99973379"
"30585","92253851","103338428"
"30586","92253851","96096841"
"30587","92253851","88625635"
"30588","92256366","78890680"
"30589","92441131","103501612"
"30590","92443646","92253655"
"30591","92443646","103343052"
"30592","92443646","92439443"
"30593","92445651","103492202"
"30594","92445871","64916703"
"30595","94197058","88673609"
"30596","94197278","103491843"
"30597","94199283","69503172"
"30598","94199283","97748721"
"30599","94199283","88619849"
"30600","94201798","65983357"
"30601","96092140","65797032"
"30602","96092146","94201401"
"30603","96093053","69503531"
"30604","96096795","103342862"
"30605","97748270","71483422"
"30606","97752011","78895089"
"30607","97752917","92446190"
"30608","97752923","80129472"
"30609","99973460","92251423"
"30610","99977201","103081472"
"30611","99978107","103338361"
"30612","99978113","92256454"
"30613","103081213","88680345"
"30614","103081213","104177014"
"30615","103081213","99977791"
"30616","103081213","103341607"
"30617","103081213","103088024"
"30618","103081213","86678378"
"30619","103081213","103081765"
"30620","103081213","103082354"
"30621","103081213","103343030"
"30622","103081593","65987160"
"30623","103081593","99976817"
"30624","103081593","61680794"
"30625","103082069","94198058"
"30626","103082069","71482581"
"30627","103082069","103492845"
"30628","103082069","86684616"
"30629","103082073","97752490"
"30630","103082073","92257653"
"30631","103082073","96098168"
"30632","103082077","59669899"
"30633","103082077","96093331"
"30634","103082077","67692864"
"30635","103083611","103492913"
"30636","103083611","104176902"
"30637","103083611","103083874"
"30638","103084560","96097448"
"30639","103084560","94203963"
"30640","103084560","86686996"
"30641","103084706","96099097"
"30642","103084717","86684647"
"30643","103087297","92447578"
"30644","103087306","65800317"
"30645","103087312","103492824"
"30646","103087318","104176043"
"30647","103087321","71484801"
"30648","103087702","88625333"
"30649","103087757","99978069"
"30650","103087758","88623567"
"30651","103087759","96092882"
"30652","103087955","71489829"
"30653","103087955","94196773"
"30654","103087955","97753712"
"30655","103087956","103341492"
"30656","103087956","99977675"
"30657","103088061","103494725"
"30658","103088061","104177274"
"30659","103088062","103495596"
"30660","103336283","86682018"
"30661","103336283","88675661"
"30662","103336283","88625602"
"30663","103336283","103344445"
"30664","103336283","88623624"
"30665","103336283","97751728"
"30666","103336283","103502336"
"30667","103336283","69500751"
"30668","103336283","67695453"
"30669","103336663","80123802"
"30670","103336663","88623159"
"30671","103336663","104173242"
"30672","103337139","94198056"
"30673","103337139","103087129"
"30674","103337139","92253955"
"30675","103337139","96095476"
"30676","103337143","78889968"
"30677","103337143","94201905"
"30678","103337143","96098062"
"30679","103337147","99976854"
"30680","103337147","99972803"
"30681","103337147","78895964"
"30682","103338681","103337507"
"30683","103338681","78888218"
"30684","103338681","92444835"
"30685","103339630","78895969"
"30686","103339630","94196695"
"30687","103339630","69502534"
"30688","103339776","92258059"
"30689","103339787","80123330"
"30690","103342367","104173734"
"30691","103342376","65802501"
"30692","103342382","103336316"
"30693","103342388","103086833"
"30694","103342391","88618904"
"30695","103342772","94205988"
"30696","103342827","88625151"
"30697","103342828","88619533"
"30698","103342829","71489828"
"30699","103343025","103341760"
"30700","103343025","80123941"
"30701","103343025","97748247"
"30702","103343026","92255975"
"30703","103343026","69505243"
"30704","103343131","69503128"
"30705","103343131","96092645"
"30706","103343132","88619738"
"30707","103491582","86681954"
"30708","103491582","97755034"
"30709","103491582","92440363"
"30710","103491582","92254806"
"30711","103491582","96091896"
"30712","103491582","64914299"
"30713","103491582","103337711"
"30714","103491582","65987159"
"30715","103491582","65802217"
"30716","103491962","92445875"
"30717","103491962","88618906"
"30718","103491962","103503453"
"30719","103492438","71486984"
"30720","103492438","92440979"
"30721","103492438","71489900"
"30722","103492438","62959504"
"30723","103492442","104176034"
"30724","103492442","103081243"
"30725","103492442","96099321"
"30726","103492446","103343116"
"30727","103492446","78889501"
"30728","103492446","86680213"
"30729","103495394","92441012"
"30730","103495394","78890294"
"30731","103495420","80123779"
"30732","103495420","104173923"
"30733","103501776","92252826"
"30734","103501777","92258183"
"30735","103501778","69502294"
"30736","103501805","103494657"
"30737","103501852","86680888"
"30738","103501855","65987187"
"30739","103501861","104173918"
"30740","103501867","97748197"
"30741","103501876","103495091"
"30742","103503332","78894093"
"30743","103503343","88623285"
"30744","103503489","69505528"
"30745","103503489","104173390"
"30746","103503489","104176880"
"30747","103504438","97754000"
"30748","103504438","103338426"
"30749","103504438","92446202"
"30750","104171357","80123399"
"30751","104171357","103341626"
"30752","104171357","80122167"
"30753","104171357","103336539"
"30754","104171357","92445626"
"30755","104171357","103085935"
"30756","104171357","92256465"
"30757","104171357","94201395"
"30758","104171357","71482621"
"30759","104171737","78889702"
"30760","104171737","103341478"
"30761","104171737","92445633"
"30762","104172213","103086896"
"30763","104172213","88671276"
"30764","104172213","78889351"
"30765","104172213","92252181"
"30766","104172217","71483200"
"30767","104172217","99972388"
"30768","104172217","62955706"
"30769","104172221","103083621"
"30770","104172221","80126780"
"30771","104172221","96096775"
"30772","104173755","103085961"
"30773","104173755","88620317"
"30774","104173755","92441574"
"30775","104174704","103335305"
"30776","104174704","92444416"
"30777","104174704","97749491"
"30778","104174850","99974791"
"30779","104174861","103502419"
"30780","104177441","88618802"
"30781","104177450","86682193"
"30782","104177456","80123709"
"30783","104177462","92444962"
"30784","104177465","88673033"
"30785","104177846","86684761"
"30786","104177901","103088270"
"30787","104177902","62959867"
"30788","104177903","69505383"
"30789","104178099","104171483"
"30790","104178099","99977679"
"30791","104178099","97752864"
"30792","104178100","57824035"
"30793","104178100","71485825"
"30794","104178205","99977629"
"30795","104178205","71482416"
"30796","104178206","103491595"
"30797","104178206","104173662"
"30798","59669899","103491957"
"30799","59670418","104172639"
"30800","61584982","71488170"
"30801","61585525","92251631"
"30802","61680793","103491914"
"30803","61680793","92444461"
"30804","61681332","78889493"
"30805","61683057","103338784"
"30806","61768697","94202917"
"30807","61769236","88677359"
"30808","62960627","80127201"
"30809","62961217","72817751"
"30810","64912035","103495568"
"30811","64912810","67695052"
"30812","64912810","86678536"
"30813","64912810","97749219"
"30814","64913253","80127125"
"30815","64915230","67695696"
"30816","64915852","103495604"
"30817","64916633","80129430"
"30818","64916635","104171402"
"30819","64916636","96092970"
"30820","64983549","104175983"
"30821","64984093","88677755"
"30822","65800241","99973465"
"30823","65802690","88626824"
"30824","65802849","92440960"
"30825","65803332","94198869"
"30826","65804115","94199390"
"30827","65804117","67693828"
"30828","65804118","86679494"
"30829","65988139","67695648"
"30830","65988761","103502417"
"30831","67692864","92438946"
"30832","67692864","61585530"
"30833","67693352","103494146"
"30834","67693352","103502419"
"30835","67693356","69505211"
"30836","67693360","104176138"
"30837","67695690","69502260"
"30838","67695829","103086440"
"30839","67695992","103341523"
"30840","67696446","94195626"
"30841","67697279","88623535"
"30842","67697279","99975046"
"30843","67697281","78889461"
"30844","67697282","103503452"
"30845","67697283","80123720"
"30846","69500462","69499907"
"30847","69500468","69507137"
"30848","69502652","69505178"
"30849","69502652","103336865"
"30850","69502652","103492889"
"30851","69503140","97753050"
"30852","69503140","65805332"
"30853","69503140","103086694"
"30854","69503140","92254800"
"30855","69503144","69505241"
"30856","69503144","96096835"
"30857","69503144","97754740"
"30858","69503148","97751775"
"30859","69503148","86682004"
"30860","69503148","88619582"
"30861","69505451","65987206"
"30862","69505453","88676159"
"30863","69505454","80122246"
"30864","69505455","104178715"
"30865","69505496","94202944"
"30866","69505637","92256495"
"30867","69505813","97751575"
"30868","69506272","99973615"
"30869","69507139","96091059"
"30870","69507139","96097792"
"30871","69507141","67693893"
"30872","69507142","94201355"
"30873","69507143","86686409"
"30874","71483127","104177774"
"30875","71483133","86683044"
"30876","71484921","96096068"
"30877","71485329","92443626"
"30878","71485329","103337587"
"30879","71485329","88622763"
"30880","71485821","103503328"
"30881","71485821","92440814"
"30882","71485821","103341855"
"30883","71485821","78888402"
"30884","71485825","99977310"
"30885","71485825","96091455"
"30886","71485825","92251341"
"30887","71485829","80123236"
"30888","71485829","72817724"
"30889","71485829","69504858"
"30890","71488130","62958897"
"30891","71488133","69499994"
"30892","71488135","92252177"
"30893","71488136","104176105"
"30894","71488137","72817748"
"30895","71488178","103340943"
"30896","71488320","103082455"
"30897","71488501","103490250"
"30898","71488963","96096884"
"30899","71489838","69503631"
"30900","71489838","92255964"
"30901","71489840","65800571"
"30902","71489841","103087017"
"30903","71489842","104178302"
"30904","78889416","92249888"
"30905","78889416","94203477"
"30906","78889416","103086399"
"30907","78889796","92257484"
"30908","78889796","80123780"
"30909","78889796","69502283"
"30910","78890272","97753888"
"30911","78890272","69504689"
"30912","78890272","103504424"
"30913","78890272","67697341"
"30914","78890276","69502308"
"30915","78890276","97746871"
"30916","78890276","104171400"
"30917","78890280","97754192"
"30918","78890280","92439113"
"30919","78890280","78888040"
"30920","78891815","67692806"
"30921","78891815","67690622"
"30922","78892765","88677580"
"30923","78892911","71487336"
"30924","78892922","97753479"
"30925","78895504","103490453"
"30926","78895513","65801710"
"30927","78895519","78895089"
"30928","78895525","99972178"
"30929","78895528","88620158"
"30930","78895966","92256935"
"30931","78895967","99970767"
"30932","78895968","71483149"
"30933","78896164","94196737"
"30934","78896270","99976799"
"30935","80121609","97751574"
"30936","80121610","96093481"
"30937","80121610","99976746"
"30938","80121716","69504576"
"30939","80121912","65801689"
"30940","80121913","103503937"
"30941","80121914","88671582"
"30942","80121969","99973561"
"30943","80122352","96097714"
"30944","80122355","69722581"
"30945","80122361","80127135"
"30946","80122367","94202687"
"30947","80122376","103495814"
"30948","80124958","86678169"
"30949","80124969","80126227"
"30950","80125115","80128496"
"30951","80125115","96097689"
"30952","80126065","88621030"
"30953","80126065","88619977"
"30954","80127600","92251414"
"30955","80127600","92252601"
"30956","80127600","88622159"
"30957","80127604","103491700"
"30958","80127604","88620970"
"30959","80127604","99974922"
"30960","80127608","97749341"
"30961","80127608","88625038"
"30962","80127608","67698500"
"30963","80127608","103087182"
"30964","80128084","86686607"
"30965","80128084","80122841"
"30966","80128084","99976769"
"30967","80128464","99973875"
"30968","80128464","103081492"
"30969","80128464","88676477"
"30970","80128464","78890087"
"30971","80128464","88672424"
"30972","80128464","69503140"
"30973","80128464","103501733"
"30974","80128464","94202277"
"30975","86679545","99974749"
"30976","86679545","92438746"
"30977","86679545","94197297"
"30978","86679545","103492804"
"30979","86679545","69504574"
"30980","86679545","96091266"
"30981","86679545","67695862"
"30982","86679545","78896368"
"30983","86679545","92255978"
"30984","86679925","103493368"
"30985","86679925","103337568"
"30986","86679925","92440106"
"30987","86680401","78891816"
"30988","86680401","88673408"
"30989","86680401","86683055"
"30990","86680401","96096699"
"30991","86680405","61685837"
"30992","86680405","86681229"
"30993","86680405","71487142"
"30994","86680409","99972507"
"30995","86680409","71484764"
"30996","86680409","103490601"
"30997","86681944","88623258"
"30998","86681944","103494619"
"30999","86682893","88623917"
"31000","86682893","62959866"
"31001","86683039","88620324"
"31002","86683050","103088467"
"31003","86685632","104176568"
"31004","86685641","92440983"
"31005","86685647","96098163"
"31006","86685653","99972476"
"31007","86685656","103341492"
"31008","86686039","92252600"
"31009","86686094","103491524"
"31010","86686095","94201365"
"31011","86686096","94201972"
"31012","86686292","104171435"
"31013","86686292","94196725"
"31014","86686293","92439341"
"31015","86686398","92439604"
"31016","86686398","88624326"
"31017","86686399","103086421"
"31018","86686399","103081156"
"31019","88618805","97746894"
"31020","88618911","69503089"
"31021","88619107","92440813"
"31022","88619108","88672832"
"31023","88619109","94203387"
"31024","88619164","80128403"
"31025","88619547","103079848"
"31026","88619550","78896167"
"31027","88619556","69502607"
"31028","88619562","72766520"
"31029","88619571","67695612"
"31030","88622153","103085849"
"31031","88622164","88672283"
"31032","88622310","103335148"
"31033","88623259","97747299"
"31034","88623259","92251413"
"31035","88624794","99978057"
"31036","88624794","96091716"
"31037","88624794","80127031"
"31038","88624798","88619239"
"31039","88624798","92445844"
"31040","88624798","94202211"
"31041","88624802","92439552"
"31042","88624802","99972283"
"31043","88624802","88678449"
"31044","88624802","69500535"
"31045","88625278","67690774"
"31046","88625278","88618208"
"31047","88625278","94196262"
"31048","88625658","65800177"
"31049","88625658","99974674"
"31050","88625658","69500493"
"31051","88625658","72817709"
"31052","88625658","104169986"
"31053","88625658","88622275"
"31054","88625658","94202803"
"31055","88625658","97745610"
"31056","88625658","103494656"
"31057","88670999","71485224"
"31058","88670999","71486315"
"31059","88670999","65801924"
"31060","88670999","69507102"
"31061","88670999","96091593"
"31062","88670999","88619533"
"31063","88670999","86685638"
"31064","88670999","103494598"
"31065","88670999","80126430"
"31066","88671379","104178931"
"31067","88671379","78896173"
"31068","88671379","103341064"
"31069","88671855","88677293"
"31070","88671855","88675660"
"31071","88671855","88620869"
"31072","88671855","94202396"
"31073","88671859","96090968"
"31074","88671859","69502596"
"31075","88671859","69503573"
"31076","88671863","99972556"
"31077","88671863","92257578"
"31078","88671863","69503601"
"31079","88673398","104178015"
"31080","88673398","69505427"
"31081","88674347","65800571"
"31082","88674347","86686995"
"31083","88674347","67693745"
"31084","88674493","80126005"
"31085","88674504","71491116"
"31086","88677086","65800227"
"31087","88677095","80127130"
"31088","88677101","92256839"
"31089","88677107","103501770"
"31090","88677110","71487231"
"31091","88677493","65986078"
"31092","88677548","88676221"
"31093","88677549","67694769"
"31094","88677550","94197950"
"31095","88677746","96093455"
"31096","88677746","61768794"
"31097","88677747","78891986"
"31098","88677852","88618615"
"31099","88677852","80128464"
"31100","88677853","103501844"
"31101","88677853","62960747"
"31102","92251295","80121805"
"31103","92251295","69505262"
"31104","92251295","103341481"
"31105","92251295","65989611"
"31106","92251295","96098172"
"31107","92251295","94195723"
"31108","92251295","92440991"
"31109","92251295","92256539"
"31110","92251295","71483097"
"31111","92251675","88620446"
"31112","92251675","103503489"
"31113","92251675","97753454"
"31114","92252151","80128453"
"31115","92252151","62959547"
"31116","92252151","97747820"
"31117","92252151","64914882"
"31118","92252155","103080730"
"31119","92252155","92258243"
"31120","92252155","78890858"
"31121","92252159","96097867"
"31122","92252159","88618905"
"31123","92252159","103492916"
"31124","92253694","99978113"
"31125","92253694","104172578"
"31126","92254643","69505450"
"31127","92254643","80125080"
"31128","92254789","88672282"
"31129","92254800","88622765"
"31130","92257382","104174720"
"31131","92257391","94196695"
"31132","92257397","86684294"
"31133","92257403","88623610"
"31134","92257406","103343731"
"31135","92257789","65799705"
"31136","92257844","99972652"
"31137","92257845","92444691"
"31138","92257846","103082896"
"31139","92258042","99976544"
"31140","92258042","103493859"
"31141","92258042","88674508"
"31142","92258043","99971155"
"31143","92258043","86681964"
"31144","92258148","86685667"
"31145","92258148","99978991"
"31146","92258149","86679513"
"31147","92439349","96093289"
"31148","92439651","88624785"
"31149","92439652","104176743"
"31150","92439653","99972470"
"31151","92440091","92255972"
"31152","92440094","94196805"
"31153","92440115","96095710"
"31154","92442697","97753129"
"31155","92442708","88677110"
"31156","92442854","97752419"
"31157","92443803","80121215"
"31158","92443803","92257263"
"31159","92445338","80123291"
"31160","92445338","103337013"
"31161","92445338","86685513"
"31162","92445342","96092000"
"31163","92445342","99977387"
"31164","92445342","103337624"
"31165","92445346","65801737"
"31166","92445346","94197167"
"31167","92445346","86684217"
"31168","92445346","104176581"
"31169","92445822","92257251"
"31170","92445822","80128417"
"31171","92445822","99974796"
"31172","92446202","97753479"
"31173","92446202","88674493"
"31174","92446202","94196749"
"31175","92446202","71488320"
"31176","92446202","71485947"
"31177","92446202","86681946"
"31178","92446202","96095545"
"31179","92446202","86679877"
"31180","92446202","86680888"
"31181","94196727","96095721"
"31182","94196727","104176570"
"31183","94196727","97745931"
"31184","94196727","65798033"
"31185","94196727","96091455"
"31186","94196727","69505268"
"31187","94196727","88625584"
"31188","94196727","104171908"
"31189","94196727","94202369"
"31190","94197107","103492865"
"31191","94197107","92258546"
"31192","94197107","99978669"
"31193","94197583","88673144"
"31194","94197583","80123829"
"31195","94197583","103338687"
"31196","94197583","97751611"
"31197","94197587","71490698"
"31198","94197587","92440812"
"31199","94197587","103344059"
"31200","94197591","103336629"
"31201","94197591","92257391"
"31202","94197591","67694944"
"31203","94199126","94202061"
"31204","94199126","103336331"
"31205","94200075","78895536"
"31206","94200075","103491580"
"31207","94200075","92443632"
"31208","94200075","103087670"
"31209","94200221","97748188"
"31210","94200232","80121577"
"31211","94202814","80125921"
"31212","94202823","99972414"
"31213","94202829","92443802"
"31214","94202835","88678459"
"31215","94202838","104176097"
"31216","94203221","88620018"
"31217","94203276","103338969"
"31218","94203277","92445517"
"31219","94203278","96094399"
"31220","94203474","69503530"
"31221","94203474","80126933"
"31222","94203474","78892916"
"31223","94203475","99979819"
"31224","94203475","103336314"
"31225","94203580","103341762"
"31226","94203580","97749347"
"31227","94203580","67692304"
"31228","94203581","99978043"
"31229","94203581","86685514"
"31230","96091052","92440094"
"31231","96091270","103503489"
"31232","96091270","92253978"
"31233","96091377","88676478"
"31234","96091377","80127670"
"31235","96091573","65797692"
"31236","96091574","99972088"
"31237","96091575","80127197"
"31238","96092013","71487541"
"31239","96092016","104172532"
"31240","96092022","80125085"
"31241","96092028","71482371"
"31242","96092031","103084125"
"31243","96092037","103085956"
"31244","96095724","104172724"
"31245","96095724","71485777"
"31246","96095725","80121239"
"31247","96095725","67692461"
"31248","96097477","99978646"
"31249","96097792","69505525"
"31250","96097798","103341806"
"31251","97747268","71486232"
"31252","97747274","86686007"
"31253","97747589","103336540"
"31254","97749340","96091038"
"31255","97749340","92445695"
"31256","97749340","78895039"
"31257","97749341","80123252"
"31258","97749341","92252577"
"31259","97753026","92440091"
"31260","97753032","62960627"
"31261","97753035","103490247"
"31262","97753041","96098156"
"31263","97753047","88621004"
"31264","97753050","103491591"
"31265","97753486","97747225"
"31266","97753487","99978960"
"31267","97753488","65802262"
"31268","97754009","103087050"
"31269","99972458","80128178"
"31270","99972464","96096090"
"31271","99972779","71485350"
"31272","99974530","92440667"
"31273","99974530","99973597"
"31274","99974530","94198761"
"31275","99974531","78891565"
"31276","99974531","103083629"
"31277","99978216","92446145"
"31278","99978222","86684800"
"31279","99978225","96093443"
"31280","99978231","99970982"
"31281","99978237","69503597"
"31282","99978240","99972210"
"31283","99978676","64914312"
"31284","99978677","88624435"
"31285","99978678","88619556"
"31286","99979199","103086283"
"31287","103087302","103336345"
"31288","103087305","88620484"
"31289","103087311","78895657"
"31290","103087314","92258381"
"31291","103087320","78895275"
"31292","103342372","88675754"
"31293","103342375","103085897"
"31294","103342381","64914312"
"31295","103342384","65987193"
"31296","103342390","92438851"
"31297","103501853","103081898"
"31298","103501859","64984871"
"31299","103501862","88677546"
"31300","103501868","71486172"
"31301","103501871","80126333"
"31302","104177446","103502417"
"31303","104177449","104171355"
"31304","104177455","86681851"
"31305","104177458","88677204"
"31306","104177464","96091058"
"31307","64912069","65797733"
"31308","64912069","86680918"
"31309","64914469","96092883"
"31310","67695602","96092550"
"31311","67695603","103336006"
"31312","67695605","104178110"
"31313","67695606","104177294"
"31314","67695607","65988761"
"31315","69505408","92440876"
"31316","69505409","92441455"
"31317","69505411","86680216"
"31318","69505412","78894896"
"31319","69505413","103491224"
"31320","71488090","103341023"
"31321","71488091","71487312"
"31322","71488093","96092340"
"31323","71488094","67696249"
"31324","71488095","103343031"
"31325","78895509","92256525"
"31326","78895512","78894096"
"31327","78895518","103080247"
"31328","78895521","103502437"
"31329","78895527","69502262"
"31330","80122353","103087013"
"31331","80122359","92251380"
"31332","80122362","94200226"
"31333","80122368","94198465"
"31334","80122371","88625579"
"31335","86685637","86684183"
"31336","86685640","71487948"
"31337","86685646","104176905"
"31338","86685649","88619546"
"31339","86685655","88672628"
"31340","88619548","69508000"
"31341","88619554","65803976"
"31342","88619557","103083762"
"31343","88619563","65800590"
"31344","88619566","103504260"
"31345","88677091","99972113"
"31346","88677094","99974681"
"31347","88677100","104177139"
"31348","88677103","94201969"
"31349","88677109","80127093"
"31350","92257387","104171976"
"31351","92257390","103494407"
"31352","92257396","67692461"
"31353","92257399","96095437"
"31354","92257405","69503613"
"31355","92440092","103338947"
"31356","92440098","103504255"
"31357","92440101","103492849"
"31358","92440107","71482615"
"31359","92440110","103494407"
"31360","94202819","88622294"
"31361","94202822","78896176"
"31362","94202828","99972155"
"31363","94202831","92257575"
"31364","94202837","69502255"
"31365","96092014","78889423"
"31366","96092020","94205974"
"31367","96092023","69506272"
"31368","96092029","67693703"
"31369","96092032","96096818"
"31370","96092038","78890849"
"31371","96092443","97746948"
"31372","96094757","99972138"
"31373","97750308","103341623"
"31374","97752621","86686145"
"31375","97753025","88620180"
"31376","97753031","103336231"
"31377","97753034","67695829"
"31378","97753040","96093710"
"31379","97753043","62959591"
"31380","97753049","97747622"
"31381","99975498","92257512"
"31382","99977811","99978680"
"31383","99978215","94199277"
"31384","99978221","96098195"
"31385","99978224","103084720"
"31386","99978230","86680096"
"31387","99978233","71482378"
"31388","99978239","92253865"
"31389","103082952","96090841"
"31390","103338022","65797426"
"31391","103493321","99974273"
"31392","104173096","86680874"
"31393","64912362","103491617"
"31394","64913650","94197948"
"31395","65801088","92441528"
"31396","65986559","88671009"
"31397","67694203","104177457"
"31398","69504007","103086401"
"31399","71486689","97749360"
"31400","78891156","71487538"
"31401","80126724","94198062"
"31402","86681285","78889485"
"31403","88623918","92440875"
"31404","88672739","96096335"
"31405","92253035","67690128"
"31406","92444462","103086429"
"31407","94198467","71485335"
"31408","96091515","67693043"
"31409","96092722","103082579"
"31410","97752342","92253958"
"31411","97753546","88625075"
"31412","99977532","71486689"
"31413","99978736","104171237"
"31414","103081137","97749355"
"31415","103081137","94202987"
"31416","103088047","88623712"
"31417","103336207","69506547"
"31418","103336207","78890707"
"31419","103338116","88622274"
"31420","103340889","97754164"
"31421","103340889","88620442"
"31422","103343117","92257079"
"31423","103491506","64914082"
"31424","103491506","97752742"
"31425","103495417","88672242"
"31426","104171281","88625689"
"31427","104171281","88619110"
"31428","104173190","92257565"
"31429","104175963","67694851"
"31430","104175963","104173479"
"31431","104175963","78889474"
"31432","104178191","103340942"
"31433","64909982","88623076"
"31434","64915271","78895431"
"31435","64915271","94196808"
"31436","64915281","78894648"
"31437","65799258","103082477"
"31438","67690249","97752447"
"31439","67692365","96095230"
"31440","69502152","94196674"
"31441","71482633","97754683"
"31442","71484825","92440860"
"31443","78889340","97752614"
"31444","78896256","97752184"
"31445","80121624","99980037"
"31446","80128540","103491587"
"31447","86679469","88672683"
"31448","86686384","80123205"
"31449","88618819","69505128"
"31450","88625734","80123784"
"31451","88670923","88675660"
"31452","88670923","65800329"
"31453","88677838","99976877"
"31454","92251219","65803337"
"31455","92251219","92253121"
"31456","92258134","69505662"
"31457","92439363","92441036"
"31458","92446278","104174850"
"31459","94196651","103083616"
"31460","94196651","65800477"
"31461","94201335","65801709"
"31462","94201335","99977631"
"31463","94203566","78894583"
"31464","96091285","88619555"
"31465","96092958","96093608"
"31466","96093763","69505660"
"31467","96096079","92257159"
"31468","97748986","64914251"
"31469","97751301","104172041"
"31470","97752106","65801689"
"31471","97753776","64914252"
"31472","99974176","67697293"
"31473","99976491","86685044"
"31474","99977296","92439370"
"31475","99978966","65802228"
"31476","103081632","88622150"
"31477","103081632","65802561"
"31478","103081632","88624409"
"31479","103081632","96096757"
"31480","103082431","88671045"
"31481","103082431","94201266"
"31482","103082431","86686378"
"31483","103082431","103492948"
"31484","103082431","96095846"
"31485","103082470","92252872"
"31486","103082470","65802584"
"31487","103082470","80123266"
"31488","103082470","94202398"
"31489","103082470","80119140"
"31490","103082702","99974630"
"31491","103082789","71483215"
"31492","103082844","94203761"
"31493","103082954","69505496"
"31494","103082954","104176580"
"31495","103082997","97747643"
"31496","103083151","88676225"
"31497","103083151","96099315"
"31498","103083157","92440648"
"31499","103083157","103082082"
"31500","103086998","88620984"
"31501","103086999","103337147"
"31502","103087816","86685101"
"31503","103087816","62961217"
"31504","103088241","78892802"
"31505","103088241","80121863"
"31506","103336702","99970797"
"31507","103336702","78894577"
"31508","103336702","88618891"
"31509","103336702","88675660"
"31510","103337501","86679607"
"31511","103337501","71489767"
"31512","103337501","86686997"
"31513","103337501","92440973"
"31514","103337501","88677405"
"31515","103337540","67694805"
"31516","103337540","103340914"
"31517","103337540","104178216"
"31518","103337540","61773777"
"31519","103337540","88671551"
"31520","103337772","80128105"
"31521","103337859","71482633"
"31522","103337914","92255923"
"31523","103338024","65797680"
"31524","103338024","78894099"
"31525","103338067","67694289"
"31526","103338221","97751455"
"31527","103338221","92255975"
"31528","103338227","78894762"
"31529","103338227","96092453"
"31530","103342068","65802849"
"31531","103342069","71484889"
"31532","103342886","65987185"
"31533","103342886","86680431"
"31534","103343311","88625315"
"31535","103343311","78890798"
"31536","103492001","88627073"
"31537","103492001","103343420"
"31538","103492001","92441457"
"31539","103492001","103502336"
"31540","103492800","69502249"
"31541","103492800","103343117"
"31542","103492800","99973499"
"31543","103492800","65802496"
"31544","103492800","67694853"
"31545","103492839","94195553"
"31546","103492839","80123781"
"31547","103492839","72763952"
"31548","103492839","88620438"
"31549","103492839","88624777"
"31550","103493071","88672682"
"31551","103493158","71487191"
"31552","103493213","104177473"
"31553","103493323","103339790"
"31554","103493323","88675834"
"31555","103493366","103492468"
"31556","103493520","86680970"
"31557","103493520","99979441"
"31558","103493526","92439620"
"31559","103494815","92256552"
"31560","103494816","88672280"
"31561","103495438","78896025"
"31562","103495438","88622763"
"31563","103501723","88619141"
"31564","103501723","99975029"
"31565","104171776","92251865"
"31566","104171776","71489255"
"31567","104171776","78896479"
"31568","104171776","92256524"
"31569","104172575","69503631"
"31570","104172575","86680794"
"31571","104172575","80122100"
"31572","104172575","97749087"
"31573","104172575","80127225"
"31574","104172614","103083628"
"31575","104172614","80123360"
"31576","104172614","96099142"
"31577","104172614","86684228"
"31578","104172614","80127583"
"31579","104172846","88673570"
"31580","104172846","103492463"
"31581","104172933","97747004"
"31582","104172988","103501242"
"31583","104173098","99978107"
"31584","104173098","103081160"
"31585","104173141","92440989"
"31586","104173295","88672633"
"31587","104173295","96098453"
"31588","104173301","103081219"
"31589","104173301","80127097"
"31590","104177142","103340909"
"31591","104177143","96095436"
"31592","104177960","78895713"
"31593","104177960","103337172"
"31594","104178385","88623050"
"31595","104178385","97748250"
"31596","57824024","104172028"
"31597","58144309","67695720"
"31598","64911997","92257101"
"31599","64913129","96093100"
"31600","64913129","103492963"
"31601","64913129","88622739"
"31602","64913168","104172887"
"31603","64913168","99972489"
"31604","64913168","92257089"
"31605","64913400","80123774"
"31606","64913652","97747613"
"31607","64913652","65801766"
"31608","64913738","104172699"
"31609","64913855","80121599"
"31610","64914085","103336538"
"31611","64914086","78895373"
"31612","65799322","96095904"
"31613","65799895","99973372"
"31614","65799895","103081782"
"31615","65799895","96097783"
"31616","65800567","67690260"
"31617","65800567","103088072"
"31618","65800567","96092450"
"31619","65800567","69503548"
"31620","65800606","99977306"
"31621","65800606","103342397"
"31622","65800606","78892922"
"31623","65800606","71487258"
"31624","65800980","78895046"
"31625","65801090","67697295"
"31626","65801090","103336353"
"31627","65801287","88622164"
"31628","65801287","94197363"
"31629","65801293","103342862"
"31630","65801523","97747283"
"31631","65801524","103502462"
"31632","65986034","92440178"
"31633","65986034","92251307"
"31634","65986073","67693428"
"31635","65986073","80121399"
"31636","65986561","97752043"
"31637","65986561","97752583"
"31638","65986994","103081473"
"31639","65986995","78890658"
"31640","67692429","96096041"
"31641","67692429","88677226"
"31642","67693006","96093704"
"31643","67693006","104178117"
"31644","67693006","103503940"
"31645","67693682","71485779"
"31646","67693682","88671052"
"31647","67693682","65987184"
"31648","67693682","92439067"
"31649","67693682","96097439"
"31650","67693721","69722454"
"31651","67693721","97745786"
"31652","67693721","67690185"
"31653","67693721","103088427"
"31654","67693721","103495435"
"31655","67694095","103336539"
"31656","67694205","88623115"
"31657","67694205","99975025"
"31658","67694402","65797174"
"31659","67694402","65800875"
"31660","67694408","69503507"
"31661","67694638","71487839"
"31662","67694639","67693269"
"31663","67696759","103492839"
"31664","69502216","86680766"
"31665","69502216","103084717"
"31666","69502794","103502430"
"31667","69502794","103492911"
"31668","69502794","96096885"
"31669","69503486","104177544"
"31670","69503486","88676660"
"31671","69503486","88623437"
"31672","69503486","94196700"
"31673","69503486","99978350"
"31674","69503525","103492800"
"31675","69503525","78894618"
"31676","69503525","80127892"
"31677","69503525","97752043"
"31678","69503525","103502464"
"31679","69503899","71487335"
"31680","69504009","65988761"
"31681","69504009","104176586"
"31682","69504206","97745577"
"31683","69504206","80127036"
"31684","69504212","96096045"
"31685","69504212","103082954"
"31686","69504442","103501893"
"31687","69504443","96095560"
"31688","69506553","67697333"
"31689","71484889","59215053"
"31690","71484889","65802347"
"31691","71485472","80126830"
"31692","71485472","88670934"
"31693","71485472","65802293"
"31694","71486168","92256453"
"31695","71486168","96092453"
"31696","71486168","88671618"
"31697","71486168","65987209"
"31698","71486168","103337914"
"31699","71486207","96091934"
"31700","71486207","71489242"
"31701","71486207","88669802"
"31702","71486207","94196745"
"31703","71486207","88675640"
"31704","71486439","97749846"
"31705","71486581","92440083"
"31706","71486691","88620990"
"31707","71486691","97747788"
"31708","71486734","96097797"
"31709","71486888","65805350"
"31710","71486888","96091176"
"31711","71486894","94201362"
"31712","71486894","92436492"
"31713","71487124","103337547"
"31714","71487125","94195553"
"31715","71489242","65799258"
"31716","71489242","99971863"
"31717","78889835","97747277"
"31718","78889835","103338562"
"31719","78889835","65802701"
"31720","78890635","88672431"
"31721","78890635","99973423"
"31722","78890635","99972389"
"31723","78890635","103503329"
"31724","78890635","69505834"
"31725","78890674","71486895"
"31726","78890674","78894097"
"31727","78890674","97752761"
"31728","78890674","78890052"
"31729","78890674","80127199"
"31730","78890906","65987217"
"31731","78891048","80128423"
"31732","78891158","96092292"
"31733","78891158","78892062"
"31734","78891201","71488211"
"31735","78891355","97747837"
"31736","78891355","96095437"
"31737","78891361","94201524"
"31738","78891361","103085953"
"31739","78895204","86685097"
"31740","78895205","80127090"
"31741","78896025","69507201"
"31742","78896025","67696759"
"31743","78896450","78889425"
"31744","78896450","64911958"
"31745","80121430","96097982"
"31746","80121430","92441042"
"31747","80121855","71484769"
"31748","80121855","96098189"
"31749","80122675","96095889"
"31750","80122676","80127243"
"31751","80126519","99971121"
"31752","80126519","67690801"
"31753","80126525","71482661"
"31754","80126525","92440868"
"31755","80126679","64915857"
"31756","80126722","94203844"
"31757","80126722","103494145"
"31758","80126832","88623113"
"31759","80126974","86682199"
"31760","80127206","97751623"
"31761","80127206","64910727"
"31762","80127206","103088272"
"31763","80127206","92446184"
"31764","80127206","65987204"
"31765","80127245","92251653"
"31766","80127245","78894055"
"31767","80127245","103336294"
"31768","80127245","104176903"
"31769","80127245","103086314"
"31770","80128045","103340945"
"31771","80128045","88621042"
"31772","80128045","62959520"
"31773","86679964","103086993"
"31774","86679964","99972567"
"31775","86679964","104177463"
"31776","86679964","71483215"
"31777","86680764","94198010"
"31778","86680764","88623255"
"31779","86680764","97746949"
"31780","86680764","99977201"
"31781","86680764","88676187"
"31782","86680803","80126416"
"31783","86680803","78890655"
"31784","86680803","92251971"
"31785","86680803","92439114"
"31786","86680803","80126685"
"31787","86681035","61770028"
"31788","86681122","67693284"
"31789","86681177","67695377"
"31790","86681287","103491843"
"31791","86681287","88673055"
"31792","86681330","92252159"
"31793","86681484","103343638"
"31794","86681484","67694146"
"31795","86681490","69502671"
"31796","86685332","103081221"
"31797","86685333","88677749"
"31798","86686153","61681337"
"31799","86686153","103341431"
"31800","86686578","94197587"
"31801","86686578","99975045"
"31802","88618625","64911997"
"31803","88618625","86678373"
"31804","88619050","92252183"
"31805","88619050","103492228"
"31806","88619870","88677837"
"31807","88619871","92253770"
"31808","88623713","99978711"
"31809","88623713","103342496"
"31810","88623719","103504281"
"31811","88623719","94196736"
"31812","88623873","65799306"
"31813","88623916","92258591"
"31814","88623916","104176543"
"31815","88624026","103337590"
"31816","88624168","94197865"
"31817","88624400","65801623"
"31818","88624400","69722476"
"31819","88624400","92444961"
"31820","88624400","97752865"
"31821","88624400","86678546"
"31822","88624439","92444939"
"31823","88624439","88622153"
"31824","88624439","94196842"
"31825","88624439","92253340"
"31826","88624439","71485749"
"31827","88625239","71485359"
"31828","88625239","104178906"
"31829","88625239","64915232"
"31830","88671418","104174004"
"31831","88671418","92440531"
"31832","88671418","94196780"
"31833","88671418","88669584"
"31834","88672218","71487290"
"31835","88672218","96098143"
"31836","88672218","88676878"
"31837","88672218","88620461"
"31838","88672218","71485392"
"31839","88672257","88671339"
"31840","88672257","96099175"
"31841","88672257","94202509"
"31842","88672257","92444944"
"31843","88672257","92251303"
"31844","88672489","104171457"
"31845","88672576","99973273"
"31846","88672631","103491716"
"31847","88672741","103081553"
"31848","88672741","99972194"
"31849","88672784","80127032"
"31850","88672938","88624436"
"31851","88672938","69504100"
"31852","88672944","103342383"
"31853","88676786","67695414"
"31854","88676787","96092443"
"31855","88677607","61683080"
"31856","88677607","88620976"
"31857","88678032","99973479"
"31858","88678032","96092550"
"31859","92251714","86685187"
"31860","92251714","96093486"
"31861","92251714","71484961"
"31862","92251714","88672363"
"31863","92252514","104175997"
"31864","92252514","88673425"
"31865","92252514","104177968"
"31866","92252514","86686431"
"31867","92252514","80125801"
"31868","92252553","94199108"
"31869","92252553","92446099"
"31870","92252553","94202206"
"31871","92252553","92445531"
"31872","92252553","88673935"
"31873","92252785","103087130"
"31874","92252872","92258051"
"31875","92252927","92255933"
"31876","92253037","65802749"
"31877","92253037","88624335"
"31878","92253080","96095516"
"31879","92253234","96098126"
"31880","92253234","92251623"
"31881","92253240","92439061"
"31882","92257082","94202069"
"31883","92257083","71483146"
"31884","92257903","92253082"
"31885","92257903","61585530"
"31886","92258328","88675746"
"31887","92258328","69500531"
"31888","92439169","88619074"
"31889","92439169","103338945"
"31890","92439594","103086412"
"31891","92439594","78889361"
"31892","92440414","97747322"
"31893","92440415","92252979"
"31894","92444257","88673044"
"31895","92444263","99977914"
"31896","92444263","97753468"
"31897","92444417","103493660"
"31898","92444460","103336297"
"31899","92444460","103494865"
"31900","92444570","71486172"
"31901","92444712","92257847"
"31902","92444944","97754193"
"31903","92444944","103087422"
"31904","92444944","96098436"
"31905","92444944","62959848"
"31906","92444944","96092887"
"31907","92444983","99974176"
"31908","92444983","104170222"
"31909","92444983","88623040"
"31910","92444983","92256536"
"31911","92444983","103087150"
"31912","92445783","99978158"
"31913","92445783","103082559"
"31914","92445783","80124964"
"31915","92445783","99978231"
"31916","94197146","94201366"
"31917","94197146","86686295"
"31918","94197146","103337961"
"31919","94197146","69505488"
"31920","94197946","71488103"
"31921","94197946","104171416"
"31922","94197946","97753801"
"31923","94197946","103335302"
"31924","94197946","88671336"
"31925","94197985","104176998"
"31926","94197985","103337505"
"31927","94197985","80122912"
"31928","94197985","103082546"
"31929","94197985","94199128"
"31930","94198217","86685339"
"31931","94198304","86681851"
"31932","94198359","67695571"
"31933","94198469","99973018"
"31934","94198469","71488039"
"31935","94198512","103085895"
"31936","94198666","86681601"
"31937","94198666","97752012"
"31938","94198672","92256640"
"31939","94198672","88623920"
"31940","94202514","92441511"
"31941","94202515","99974522"
"31942","94203335","88675640"
"31943","94203335","97754386"
"31944","94203760","80125921"
"31945","94203760","65987158"
"31946","96091508","86680787"
"31947","96091524","86680114"
"31948","96091766","92444917"
"31949","96095224","99972706"
"31950","96095231","78894607"
"31951","96095231","65797312"
"31952","96095231","103342122"
"31953","96096885","88618528"
"31954","96096885","103495597"
"31955","97748180","92256468"
"31956","97748180","104171623"
"31957","97749834","64914832"
"31958","97749834","69505261"
"31959","97749834","96093400"
"31960","97749841","58144319"
"31961","97753537","97752123"
"31962","97753553","96093603"
"31963","99973370","92251931"
"31964","99973370","96099125"
"31965","99975024","94197946"
"31966","99975024","103081593"
"31967","99975024","104176911"
"31968","99975031","97746876"
"31969","99978727","94202750"
"31970","99978743","94199625"
"31971","103080224","67692434"
"31972","103080224","80121430"
"31973","103080224","99975855"
"31974","103081132","71485821"
"31975","103081153","103494441"
"31976","103082067","78895964"
"31977","103082068","80125799"
"31978","103082071","88676793"
"31979","103082071","103491907"
"31980","103082072","64909883"
"31981","103082075","104176100"
"31982","103082076","86680254"
"31983","103082430","92252587"
"31984","103082469","67692366"
"31985","103082540","103492945"
"31986","103082540","71485299"
"31987","103082540","103087964"
"31988","103082661","103494444"
"31989","103082661","96096090"
"31990","103082661","88677860"
"31991","103082661","65799352"
"31992","103082788","92253601"
"31993","103082796","92258362"
"31994","103082837","97754981"
"31995","103082837","103335899"
"31996","103082951","94201384"
"31997","103082951","88676950"
"31998","103083090","103493891"
"31999","103083096","94205730"
"32000","103083292","99977936"
"32001","103083296","88624276"
"32002","103083296","103502437"
"32003","103083301","64910751"
"32004","103083301","88618824"
"32005","103083307","103086704"
"32006","103083334","103336623"
"32007","103083413","103502463"
"32008","103083413","103504143"
"32009","103083610","88618800"
"32010","103083610","88625715"
"32011","103083795","96091524"
"32012","103085747","94197991"
"32013","103085748","71487294"
"32014","103085749","88621120"
"32015","103085820","78892100"
"32016","103085820","104178702"
"32017","103085826","80128450"
"32018","103086949","88625577"
"32019","103087001","103344002"
"32020","103087154","96092571"
"32021","103087991","92258745"
"32022","103088027","104173933"
"32023","103088240","78890659"
"32024","103088273","103501864"
"32025","103088273","92255013"
"32026","103088275","94203491"
"32027","103088352","103501611"
"32028","103088352","94203644"
"32029","103088353","94199392"
"32030","103088353","94199283"
"32031","103335294","71486212"
"32032","103335294","64914882"
"32033","103335294","67693727"
"32034","103335294","64914106"
"32035","103335301","103493670"
"32036","103336202","96095421"
"32037","103336202","86679601"
"32038","103336223","65802691"
"32039","103337137","94199125"
"32040","103337138","103086398"
"32041","103337141","80126408"
"32042","103337141","80122835"
"32043","103337142","103501792"
"32044","103337145","94197070"
"32045","103337146","65987191"
"32046","103337500","94203279"
"32047","103337539","88618399"
"32048","103337610","103491910"
"32049","103337610","86685669"
"32050","103337610","78894619"
"32051","103337731","88673290"
"32052","103337731","67693991"
"32053","103337731","96096593"
"32054","103337731","64912362"
"32055","103337858","103341497"
"32056","103337866","103503330"
"32057","103337907","97749161"
"32058","103337907","103501695"
"32059","103338021","103337137"
"32060","103338021","71487586"
"32061","103338160","86682122"
"32062","103338166","103491685"
"32063","103338362","94199079"
"32064","103338366","88676211"
"32065","103338366","103338161"
"32066","103338371","92256507"
"32067","103338371","92439825"
"32068","103338377","103503453"
"32069","103338404","72766478"
"32070","103338483","78895155"
"32071","103338483","96097865"
"32072","103338680","103338741"
"32073","103338680","80128403"
"32074","103338865","86681483"
"32075","103340817","94203561"
"32076","103340818","99977372"
"32077","103340819","96091855"
"32078","103340890","97753771"
"32079","103340890","104172151"
"32080","103340896","96092964"
"32081","103342019","88675785"
"32082","103342071","103087306"
"32083","103342224","64913535"
"32084","103343061","67695551"
"32085","103343097","86681964"
"32086","103343310","88676345"
"32087","103343343","69502152"
"32088","103343343","96097841"
"32089","103343345","65800982"
"32090","103343422","103501860"
"32091","103343422","92253033"
"32092","103343423","65800199"
"32093","103343423","69503901"
"32094","103490593","104176700"
"32095","103490593","103086400"
"32096","103491501","96092958"
"32097","103491522","103495400"
"32098","103492436","67695444"
"32099","103492437","103338687"
"32100","103492440","61771604"
"32101","103492440","103491616"
"32102","103492441","65799262"
"32103","103492444","69503893"
"32104","103492445","103081580"
"32105","103492799","94203490"
"32106","103492838","94201472"
"32107","103492909","65986653"
"32108","103492909","96096045"
"32109","103492909","88676325"
"32110","103493030","103087479"
"32111","103493030","71489890"
"32112","103493157","94202515"
"32113","103493165","88673892"
"32114","103493206","103491665"
"32115","103493206","92447221"
"32116","103493320","67690240"
"32117","103493320","92253865"
"32118","103493459","65796982"
"32119","103493465","99974743"
"32120","103493661","92440408"
"32121","103493665","67695460"
"32122","103493665","80121398"
"32123","103493670","99976810"
"32124","103493670","92252544"
"32125","103493676","99977232"
"32126","103493703","99974530"
"32127","103493782","104170202"
"32128","103493782","78890679"
"32129","103494056","103338949"
"32130","103494057","94199334"
"32131","103494058","78894589"
"32132","103494118","104177164"
"32133","103494118","67691075"
"32134","103494124","80122491"
"32135","103494766","103344075"
"32136","103494818","103340949"
"32137","103494967","92444368"
"32138","103495400","92446179"
"32139","103495412","92440258"
"32140","103495437","96095231"
"32141","103495469","92446255"
"32142","103495469","64913167"
"32143","103495471","64912914"
"32144","103495476","103081621"
"32145","103495497","99977518"
"32146","103495497","103491628"
"32147","103495498","92257826"
"32148","103504254","103341499"
"32149","103504439","92439450"
"32150","103504439","103082518"
"32151","104170368","88672833"
"32152","104170368","67694767"
"32153","104170368","103501547"
"32154","104170368","103341452"
"32155","104170368","80121711"
"32156","104170375","65800240"
"32157","104171276","99977683"
"32158","104171276","71485853"
"32159","104171297","92440414"
"32160","104172211","96091091"
"32161","104172212","104176020"
"32162","104172215","88622218"
"32163","104172215","103081764"
"32164","104172216","92256508"
"32165","104172219","71487343"
"32166","104172220","103343097"
"32167","104172574","99979476"
"32168","104172613","94198896"
"32169","104172684","92253129"
"32170","104172684","80122430"
"32171","104172684","65803277"
"32172","104172805","69505459"
"32173","104172805","88625734"
"32174","104172805","88619125"
"32175","104172805","80126832"
"32176","104172805","78895841"
"32177","104172932","104172574"
"32178","104172940","80128510"
"32179","104172981","92256851"
"32180","104172981","80123243"
"32181","104173095","86686103"
"32182","104173095","92256521"
"32183","104173234","80123790"
"32184","104173240","64984098"
"32185","104173436","67695051"
"32186","104173440","104170224"
"32187","104173440","80126879"
"32188","104173445","94205754"
"32189","104173445","99971755"
"32190","104173451","69505150"
"32191","104173478","80126725"
"32192","104173557","97752116"
"32193","104173557","94203485"
"32194","104173754","104171421"
"32195","104173754","96097235"
"32196","104173939","103342886"
"32197","104175891","78894643"
"32198","104175892","88620433"
"32199","104175893","71483197"
"32200","104175964","88620157"
"32201","104175964","103336207"
"32202","104175970","99972477"
"32203","104177093","103338160"
"32204","104177145","88672284"
"32205","104177298","67695458"
"32206","104178135","88675636"
"32207","104178171","67694531"
"32208","104178384","103086999"
"32209","104178417","71483515"
"32210","104178417","104173829"
"32211","104178419","67695645"
"32212","104178496","103083503"
"32213","104178496","69504675"
"32214","104178497","104176575"
"32215","104178497","103502419"
"32216","64909862","92249920"
"32217","64909864","78895227"
"32218","64909868","92439649"
"32219","64909870","88618500"
"32220","64909874","94195321"
"32221","64909876","65802347"
"32222","64909882","92444760"
"32223","64909884","104176002"
"32224","64909887","96094738"
"32225","64909889","88620989"
"32226","64909892","94202514"
"32227","64909894","103340928"
"32228","64910686","69500354"
"32229","64910686","103087005"
"32230","64910686","65801741"
"32231","64910686","71489838"
"32232","64910686","80126780"
"32233","64910686","99978054"
"32234","64910686","103088353"
"32235","64910686","61773776"
"32236","64910686","94201883"
"32237","64911981","65983308"
"32238","64911984","103082504"
"32239","64911984","99972555"
"32240","64911996","67695453"
"32241","64912003","103336232"
"32242","64912009","97752423"
"32243","64912009","94203149"
"32244","64912017","80127127"
"32245","64912527","104178110"
"32246","64912637","99975498"
"32247","64912728","103086881"
"32248","64912728","97753593"
"32249","64912728","86686408"
"32250","64912745","97748225"
"32251","64912745","97752746"
"32252","64912745","92441099"
"32253","64912746","96097280"
"32254","64912746","103502433"
"32255","64912746","92257655"
"32256","64912747","103341909"
"32257","64912747","99972142"
"32258","64912747","86679676"
"32259","64912766","92440093"
"32260","64912769","104177447"
"32261","64912808","96097691"
"32262","64912809","78889427"
"32263","64912812","80127576"
"32264","64912813","88673458"
"32265","64912816","88618572"
"32266","64912817","86680432"
"32267","64912876","86679968"
"32268","64913128","69504301"
"32269","64913149","80128451"
"32270","64913167","92441525"
"32271","64913191","67693793"
"32272","64913238","86686097"
"32273","64913394","104177161"
"32274","64913394","94202649"
"32275","64913486","94200112"
"32276","64913535","80125887"
"32277","64913535","96098119"
"32278","64913649","80122549"
"32279","64913649","92443306"
"32280","64913689","80123783"
"32281","64913689","104173938"
"32282","64913689","71487924"
"32283","64913737","65805321"
"32284","64913737","69505844"
"32285","64913794","96096776"
"32286","64913848","65989651"
"32287","64913848","103087476"
"32288","64913978","78889345"
"32289","64914062","78895607"
"32290","64914088","97751601"
"32291","64914195","103338951"
"32292","64914321","71488103"
"32293","64914321","104173451"
"32294","64914368","92250301"
"32295","64914370","92251703"
"32296","64914466","78896365"
"32297","64914767","103086377"
"32298","64914857","103344538"
"32299","64914857","94196672"
"32300","64914857","103082846"
"32301","64914858","104178438"
"32302","64914858","78890658"
"32303","64914858","64914975"
"32304","64914858","103086238"
"32305","64914858","103502427"
"32306","64914858","103089122"
"32307","64914858","78889835"
"32308","64914858","88623773"
"32309","64915065","67695696"
"32310","64915782","99974779"
"32311","64915788","86681626"
"32312","64915798","69504489"
"32313","64917430","94206276"
"32314","64917431","92445344"
"32315","65797763","86686088"
"32316","65799245","103343579"
"32317","65799250","92251635"
"32318","65799261","97753144"
"32319","65799321","99972642"
"32320","65800200","104178185"
"32321","65800239","103343497"
"32322","65800240","92441452"
"32323","65800243","80127182"
"32324","65800244","88621134"
"32325","65800247","97754390"
"32326","65800248","65802347"
"32327","65800566","71485669"
"32328","65800605","94197411"
"32329","65800676","64979690"
"32330","65800676","67694823"
"32331","65800924","80128376"
"32332","65800932","94198786"
"32333","65800973","88620996"
"32334","65800973","103338639"
"32335","65801087","94201924"
"32336","65801087","97749836"
"32337","65801232","71487587"
"32338","65801500","96097799"
"32339","65801526","88676500"
"32340","65801604","80127601"
"32341","65801620","71484812"
"32342","65801653","86680404"
"32343","65801779","65801288"
"32344","65801779","94202117"
"32345","65803263","86679506"
"32346","65803263","94195714"
"32347","65803266","103087280"
"32348","65805322","103337584"
"32349","65985712","104171933"
"32350","65985713","103492155"
"32351","65985716","88621244"
"32352","65985717","88673143"
"32353","65985720","103085962"
"32354","65985721","103343028"
"32355","65986033","92444979"
"32356","65986072","97751604"
"32357","65986395","65801654"
"32358","65986444","78889990"
"32359","65986444","65802462"
"32360","65986558","67693704"
"32361","65986558","103341764"
"32362","65986703","65797181"
"32363","65986971","80127199"
"32364","67690710","103336853"
"32365","67691059","80128517"
"32366","67692352","67695460"
"32367","67692357","103084720"
"32368","67692368","67698498"
"32369","67692428","88624437"
"32370","67693311","65801771"
"32371","67693311","103337500"
"32372","67693313","64912528"
"32373","67693350","86681933"
"32374","67693351","88669976"
"32375","67693354","97745931"
"32376","67693355","103491633"
"32377","67693358","103341064"
"32378","67693359","94198808"
"32379","67693419","104176582"
"32380","67693681","65796979"
"32381","67693720","78895959"
"32382","67693791","97752424"
"32383","67693791","92254208"
"32384","67694039","88618437"
"32385","67694047","99974482"
"32386","67694088","96096881"
"32387","67694088","65802547"
"32388","67694202","92441666"
"32389","67694202","80125900"
"32390","67694347","92443539"
"32391","67694615","97749835"
"32392","67694615","92439546"
"32393","67694641","103086427"
"32394","67694719","80125816"
"32395","67694735","104176932"
"32396","67694739","103490432"
"32397","67694768","97753539"
"32398","67694894","64914832"
"32399","67694894","64914279"
"32400","67696413","86686608"
"32401","67696416","69503602"
"32402","67698499","94202212"
"32403","69500465","88623185"
"32404","69500828","92442691"
"32405","69502139","69504677"
"32406","69502155","92251342"
"32407","69502215","99972388"
"32408","69503099","103341526"
"32409","69503099","80127097"
"32410","69503101","104178715"
"32411","69503138","92257812"
"32412","69503139","64912882"
"32413","69503142","97752497"
"32414","69503143","96096837"
"32415","69503146","94197398"
"32416","69503147","64910465"
"32417","69503209","103083877"
"32418","69503485","64913849"
"32419","69503524","64911940"
"32420","69503595","86684173"
"32421","69503595","88620824"
"32422","69503595","103494713"
"32423","69503843","88622993"
"32424","69503851","97753036"
"32425","69503892","88625723"
"32426","69503892","104176527"
"32427","69504006","64914371"
"32428","69504006","103081282"
"32429","69504151","88677516"
"32430","69504365","80121396"
"32431","69504419","92440120"
"32432","69504419","104177338"
"32433","69504445","92256078"
"32434","69504524","67690717"
"32435","69504534","71485770"
"32436","69504540","80122352"
"32437","69504544","86685332"
"32438","69504573","88676196"
"32439","69504699","71487171"
"32440","69504699","103501984"
"32441","69506239","92256964"
"32442","69506239","78894104"
"32443","69506239","96091455"
"32444","69506242","80123739"
"32445","69508367","69505834"
"32446","69722083","64912766"
"32447","69722083","103504172"
"32448","69722083","92258058"
"32449","69722083","103341942"
"32450","69722083","97753987"
"32451","69722083","92252588"
"32452","71483104","78891472"
"32453","71483130","88625650"
"32454","71483137","92254789"
"32455","71483499","92258746"
"32456","71484812","103494057"
"32457","71484812","103083847"
"32458","71484828","69505268"
"32459","71484888","92258109"
"32460","71485780","67694685"
"32461","71485780","99974707"
"32462","71485782","103492824"
"32463","71485819","65987187"
"32464","71485820","65800459"
"32465","71485823","80123939"
"32466","71485823","103088044"
"32467","71485824","99979276"
"32468","71485827","88669622"
"32469","71485828","88619562"
"32470","71485890","72817743"
"32471","71486167","65987163"
"32472","71486206","71486526"
"32473","71486277","97747454"
"32474","71486277","67692373"
"32475","71486277","80127098"
"32476","71486398","92256774"
"32477","71486525","96092966"
"32478","71486533","94197613"
"32479","71486574","78889773"
"32480","71486574","92251243"
"32481","71486688","94202555"
"32482","71486688","88676924"
"32483","71486833","96090828"
"32484","71487045","103083671"
"32485","71487047","92253986"
"32486","71487101","92253949"
"32487","71487101","88676490"
"32488","71487107","88676913"
"32489","71487127","67693359"
"32490","71487206","88673120"
"32491","71487216","88620016"
"32492","71487222","94197977"
"32493","71487226","103082007"
"32494","71487255","103491841"
"32495","71487381","103336336"
"32496","71487381","71488189"
"32497","71488930","92251632"
"32498","71488930","104172824"
"32499","71488930","69506997"
"32500","71488933","99972138"
"32501","71491071","80127225"
"32502","72766870","88623087"
"32503","72766870","94200113"
"32504","72766870","97751578"
"32505","72766870","97754156"
"32506","72766870","92446107"
"32507","72766870","103085887"
"32508","72817783","65797237"
"32509","72817783","103342194"
"32510","72817783","88677188"
"32511","72817783","65800308"
"32512","72817783","80127779"
"32513","72817783","94197086"
"32514","78888385","104176511"
"32515","78888385","103338431"
"32516","78889335","103082838"
"32517","78889335","65802529"
"32518","78889356","94201391"
"32519","78889356","104171622"
"32520","78890270","96096775"
"32521","78890271","99977288"
"32522","78890274","96095718"
"32523","78890274","86679889"
"32524","78890275","103490251"
"32525","78890278","94197970"
"32526","78890279","97749355"
"32527","78890634","103492133"
"32528","78890673","86684757"
"32529","78890744","61683075"
"32530","78890744","69499952"
"32531","78890744","64913486"
"32532","78890865","103494937"
"32533","78890865","78895201"
"32534","78890865","92252553"
"32535","78890992","96092210"
"32536","78891000","97747282"
"32537","78891041","65800241"
"32538","78891041","67693415"
"32539","78891155","94203189"
"32540","78891155","97747385"
"32541","78891300","92442478"
"32542","78891496","65800611"
"32543","78891500","92441541"
"32544","78891505","99972162"
"32545","78891511","64913695"
"32546","78891538","103493799"
"32547","78891617","67695723"
"32548","78891617","92443539"
"32549","78891814","65800455"
"32550","78891814","103081274"
"32551","78891999","92443824"
"32552","78893953","88626825"
"32553","78893954","80129841"
"32554","78893955","103504267"
"32555","78894026","99975495"
"32556","78894026","78890725"
"32557","78894032","92439140"
"32558","78895155","71482658"
"32559","78895207","58144309"
"32560","78895361","65800973"
"32561","78896200","94203978"
"32562","78896236","71487100"
"32563","78896449","96097550"
"32564","78896482","69504653"
"32565","78896482","92441545"
"32566","78896484","69502200"
"32567","78896561","103504506"
"32568","78896561","71486214"
"32569","80121319","65801416"
"32570","80121319","96092338"
"32571","80121391","80123787"
"32572","80121396","92251553"
"32573","80121398","103493323"
"32574","80121398","92251877"
"32575","80121431","103491941"
"32576","80121644","97748685"
"32577","80121680","103341622"
"32578","80122519","78891875"
"32579","80122673","94199640"
"32580","80122725","71488063"
"32581","80123848","64914470"
"32582","80123854","80129839"
"32583","80123854","86682931"
"32584","80123925","104178216"
"32585","80123926","80121010"
"32586","80123927","103341924"
"32587","80125881","67695720"
"32588","80126066","71487120"
"32589","80126066","71487247"
"32590","80126263","103494043"
"32591","80126263","80126993"
"32592","80126342","88618896"
"32593","80126369","96097784"
"32594","80126375","103081236"
"32595","80126380","80128419"
"32596","80126384","65801088"
"32597","80126580","86681926"
"32598","80126586","86684229"
"32599","80126725","92444154"
"32600","80126725","69504659"
"32601","80126839","99979288"
"32602","80126839","103343111"
"32603","80126880","88677752"
"32604","80126888","86682930"
"32605","80127015","99977303"
"32606","80127015","67693744"
"32607","80127015","88673892"
"32608","80127136","94198782"
"32609","80127136","103087702"
"32610","80127136","99973765"
"32611","80127207","69503143"
"32612","80127246","97753047"
"32613","80127601","69503218"
"32614","80127602","92252514"
"32615","80127605","78893842"
"32616","80127606","86686700"
"32617","80127606","92257530"
"32618","80127609","61684641"
"32619","80127610","64914282"
"32620","80128524","78889370"
"32621","80128524","92440972"
"32622","80128545","99979346"
"32623","80128545","92252661"
"32624","80129495","67690142"
"32625","80129495","88673569"
"32626","86678514","97749505"
"32627","86678514","97752113"
"32628","86679464","64916633"
"32629","86679464","71485769"
"32630","86679485","86686103"
"32631","86680399","103493160"
"32632","86680400","92440658"
"32633","86680403","103081144"
"32634","86680403","92253770"
"32635","86680404","88627037"
"32636","86680407","103501850"
"32637","86680408","80123126"
"32638","86680763","88626682"
"32639","86680802","71489693"
"32640","86680873","88623607"
"32641","86680873","88676101"
"32642","86680873","92442693"
"32643","86680994","88619708"
"32644","86680994","80126107"
"32645","86680994","103504167"
"32646","86681121","80129569"
"32647","86681129","96096842"
"32648","86681170","92258042"
"32649","86681170","69502697"
"32650","86681284","104172596"
"32651","86681284","69503067"
"32652","86681423","97747322"
"32653","86681429","94203872"
"32654","86681625","65799695"
"32655","86681629","64984093"
"32656","86681629","88670598"
"32657","86681634","69499650"
"32658","86681634","103086408"
"32659","86681640","104177936"
"32660","86681667","103336642"
"32661","86681746","92255966"
"32662","86681746","88677546"
"32663","86681943","103086702"
"32664","86681943","88673412"
"32665","86682128","69724993"
"32666","86684081","94201365"
"32667","86684082","71485384"
"32668","86684083","103083158"
"32669","86684154","64981357"
"32670","86684154","57824034"
"32671","86684160","92257893"
"32672","86685283","94199110"
"32673","86685335","88675668"
"32674","86685489","104176148"
"32675","86686328","86680873"
"32676","86686364","94198152"
"32677","86686577","96096545"
"32678","86686610","92446138"
"32679","86686610","61680795"
"32680","86686612","97748249"
"32681","86686617","80127206"
"32682","86686689","78896250"
"32683","86686689","69499971"
"32684","88618514","97751574"
"32685","88618514","99979348"
"32686","88618591","104171254"
"32687","88618593","99978238"
"32688","88618593","92253673"
"32689","88618626","96096840"
"32690","88618839","94201343"
"32691","88618875","92440982"
"32692","88619714","97746953"
"32693","88619868","97753026"
"32694","88619920","86684379"
"32695","88621043","80127604"
"32696","88621049","94200123"
"32697","88621049","92257371"
"32698","88621120","86678169"
"32699","88621121","104173727"
"32700","88621122","86686403"
"32701","88623075","64915232"
"32702","88623260","88620556"
"32703","88623260","96098078"
"32704","88623457","88620165"
"32705","88623457","96092315"
"32706","88623536","103341760"
"32707","88623563","104176045"
"32708","88623569","88672263"
"32709","88623574","103336555"
"32710","88623578","99978222"
"32711","88623774","103344538"
"32712","88623780","103336295"
"32713","88623919","104173737"
"32714","88623919","69500472"
"32715","88624033","67694857"
"32716","88624033","78891773"
"32717","88624074","99974674"
"32718","88624082","67691062"
"32719","88624209","88672339"
"32720","88624209","99974532"
"32721","88624209","97753970"
"32722","88624330","78889425"
"32723","88624330","103341114"
"32724","88624330","103086785"
"32725","88624401","103495488"
"32726","88624440","71482359"
"32727","88624795","97747037"
"32728","88624796","86684183"
"32729","88624799","65804105"
"32730","88624800","99973910"
"32731","88624800","103082679"
"32732","88624803","65987388"
"32733","88624804","92256685"
"32734","88625718","64915128"
"32735","88625739","88625327"
"32736","88625739","71488532"
"32737","88626689","71488065"
"32738","88626689","69500831"
"32739","88669968","86681121"
"32740","88669968","71486317"
"32741","88669968","103342886"
"32742","88670918","86682203"
"32743","88670918","92443785"
"32744","88670939","103338682"
"32745","88671853","80123675"
"32746","88671854","65800187"
"32747","88671857","64909658"
"32748","88671857","67694911"
"32749","88671858","103085960"
"32750","88671861","103086881"
"32751","88671862","97747019"
"32752","88672217","103085875"
"32753","88672256","80128408"
"32754","88672327","65804007"
"32755","88672327","64911984"
"32756","88672327","103490610"
"32757","88672448","59213430"
"32758","88672448","88673607"
"32759","88672448","88618618"
"32760","88672575","71484930"
"32761","88672583","65800982"
"32762","88672624","78894045"
"32763","88672624","86681170"
"32764","88672738","65988198"
"32765","88672738","103492444"
"32766","88672877","78894050"
"32767","88672883","103338116"
"32768","88673079","94196869"
"32769","88673083","88673657"
"32770","88673083","94198848"
"32771","88673088","104177282"
"32772","88673088","92255833"
"32773","88673094","97747092"
"32774","88673121","88676243"
"32775","88673200","94196735"
"32776","88673200","92256493"
"32777","88673397","67697279"
"32778","88673397","67695999"
"32779","88673582","92256778"
"32780","88675535","86684765"
"32781","88675536","88677279"
"32782","88675537","99976763"
"32783","88675608","88671016"
"32784","88675608","88623248"
"32785","88675614","88673359"
"32786","88676737","88673232"
"32787","88676789","103081219"
"32788","88676943","92258054"
"32789","88677782","78894251"
"32790","88677818","99973556"
"32791","88678031","88623563"
"32792","88678064","80126104"
"32793","88678064","88671853"
"32794","88678066","86682163"
"32795","88678071","88623115"
"32796","88678143","96093706"
"32797","88678143","92257267"
"32798","92250264","67695459"
"32799","92250264","71486688"
"32800","92250264","99977284"
"32801","92250264","92253700"
"32802","92251214","94205732"
"32803","92251235","78895775"
"32804","92252149","69503844"
"32805","92252150","88625639"
"32806","92252153","71486833"
"32807","92252153","88677860"
"32808","92252154","80122669"
"32809","92252157","94202513"
"32810","92252158","92251318"
"32811","92252513","103341547"
"32812","92252552","96092005"
"32813","92252623","78890726"
"32814","92252623","103343136"
"32815","92252623","103495573"
"32816","92252744","69502605"
"32817","92252744","92253037"
"32818","92252744","103494545"
"32819","92252871","86681171"
"32820","92252879","92445338"
"32821","92252920","86684756"
"32822","92252920","96092547"
"32823","92253034","86684891"
"32824","92253034","92253704"
"32825","92253173","92257413"
"32826","92253179","72766517"
"32827","92253375","103081283"
"32828","92253379","80128041"
"32829","92253379","103088156"
"32830","92253384","103341441"
"32831","92253384","69502261"
"32832","92253390","69503698"
"32833","92253417","86680892"
"32834","92253496","71487946"
"32835","92253496","86686384"
"32836","92253693","92440984"
"32837","92253693","88673383"
"32838","92253878","99979075"
"32839","92255831","103089168"
"32840","92255832","103338061"
"32841","92255833","92252560"
"32842","92255904","92256367"
"32843","92255904","99979658"
"32844","92255910","88673686"
"32845","92257033","103492867"
"32846","92257085","103342108"
"32847","92257239","88671022"
"32848","92258078","64912910"
"32849","92258114","96092633"
"32850","92258327","92251293"
"32851","92258360","96091061"
"32852","92258360","86678166"
"32853","92258362","103081548"
"32854","92258367","78895091"
"32855","92258439","80126058"
"32856","92258439","88673415"
"32857","92439058","65800193"
"32858","92439058","94201410"
"32859","92439130","99976651"
"32860","92439135","99977202"
"32861","92439137","88676484"
"32862","92439137","80122964"
"32863","92439170","65799250"
"32864","92439383","103336341"
"32865","92439419","78896465"
"32866","92440258","103504424"
"32867","92440412","104169986"
"32868","92440464","64915372"
"32869","92441587","86686611"
"32870","92441593","92251552"
"32871","92441593","78891496"
"32872","92441664","92445532"
"32873","92441665","92439446"
"32874","92441666","88624413"
"32875","92443619","64914251"
"32876","92443804","103340942"
"32877","92443804","88623916"
"32878","92444001","71482537"
"32879","92444001","67690185"
"32880","92444080","97752440"
"32881","92444107","71491082"
"32882","92444113","99977308"
"32883","92444113","94197869"
"32884","92444118","104177814"
"32885","92444122","103504437"
"32886","92444318","67692870"
"32887","92444324","103336289"
"32888","92444463","92256935"
"32889","92444463","97752749"
"32890","92444577","94197581"
"32891","92444577","67695830"
"32892","92444618","94198411"
"32893","92444626","88672884"
"32894","92444753","65985722"
"32895","92444753","78898740"
"32896","92444874","99976687"
"32897","92444874","103084109"
"32898","92444874","103083047"
"32899","92444945","67692813"
"32900","92444984","103503328"
"32901","92445339","104171619"
"32902","92445340","78889840"
"32903","92445343","92446113"
"32904","92445344","65799329"
"32905","92445344","67694855"
"32906","92445347","92441531"
"32907","92445348","103495470"
"32908","92446262","94201470"
"32909","92447233","88625612"
"32910","94195697","96095229"
"32911","94195697","92440218"
"32912","94195697","71488059"
"32913","94196646","65802284"
"32914","94196667","69503634"
"32915","94197581","96099122"
"32916","94197582","67693702"
"32917","94197585","67697341"
"32918","94197585","78889747"
"32919","94197586","97747267"
"32920","94197589","97748373"
"32921","94197590","103492830"
"32922","94197945","96093097"
"32923","94197984","99977280"
"32924","94198055","99977302"
"32925","94198055","80128456"
"32926","94198055","96095818"
"32927","94198176","88672739"
"32928","94198176","88618572"
"32929","94198176","92250194"
"32930","94198303","67691062"
"32931","94198311","65800879"
"32932","94198352","86680120"
"32933","94198352","103341502"
"32934","94198466","94197302"
"32935","94198466","78896067"
"32936","94198605","92257714"
"32937","94198611","103341526"
"32938","94198807","103493782"
"32939","94198811","88671357"
"32940","94198811","94198772"
"32941","94198816","104177310"
"32942","94198816","65804124"
"32943","94198822","103341461"
"32944","94198849","71484974"
"32945","94198928","103495272"
"32946","94198928","88673306"
"32947","94199125","104171439"
"32948","94199125","64910412"
"32949","94199310","97754096"
"32950","94201263","88671060"
"32951","94201264","78894167"
"32952","94201265","104171807"
"32953","94201336","94201913"
"32954","94201336","86686301"
"32955","94201342","88672365"
"32956","94202465","103494142"
"32957","94202517","69503097"
"32958","94202671","103081236"
"32959","94203510","78896559"
"32960","94203546","64912800"
"32961","94203759","94196760"
"32962","94203792","86684648"
"32963","94203792","65986697"
"32964","94203794","67689917"
"32965","94203799","104170389"
"32966","94203871","94202073"
"32967","94203871","92257951"
"32968","94203872","103493704"
"32969","96090980","71484850"
"32970","96090980","64914166"
"32971","96091288","64912813"
"32972","96091522","97749344"
"32973","96092315","103081226"
"32974","96092318","65987158"
"32975","96094758","103502422"
"32976","96096089","103504427"
"32977","96096338","104174855"
"32978","96096338","78894761"
"32979","96096338","86679491"
"32980","96096338","92253851"
"32981","96096675","103087436"
"32982","96096675","88678351"
"32983","96096675","86680829"
"32984","96096843","86682445"
"32985","96096843","99975045"
"32986","96098176","103339662"
"32987","96098177","80127156"
"32988","96098177","103338832"
"32989","96099106","64909823"
"32990","97746001","92253845"
"32991","97746889","103081885"
"32992","97746889","88673356"
"32993","97746890","104178909"
"32994","97748222","97746928"
"32995","97748222","92443289"
"32996","97748390","92446170"
"32997","97748390","103086422"
"32998","97748727","69502659"
"32999","97748727","64910356"
"33000","97748727","103087309"
"33001","97748727","94198872"
"33002","97748976","94203284"
"33003","97750307","94203871"
"33004","97752746","64911939"
"33005","97752749","80123710"
"33006","97753539","103491615"
"33007","97753773","103504421"
"33008","97754081","71486833"
"33009","97754081","86686631"
"33010","99971191","67690000"
"33011","99972079","92251313"
"33012","99972079","71483041"
"33013","99972080","104176840"
"33014","99973412","94199361"
"33015","99973412","78895199"
"33016","99973580","78893141"
"33017","99973580","64912758"
"33018","99973580","94202367"
"33019","99973917","104176599"
"33020","99973917","92256510"
"33021","99973917","92253036"
"33022","99973917","65797312"
"33023","99974166","94196698"
"33024","99975497","80123129"
"33025","99977936","99978547"
"33026","99977939","92443646"
"33027","99978729","65987143"
"33028","99978963","80128128"
"33029","99979271","103088504"
"33030","99979271","88673582"
"33031","103080244","71486171"
"33032","103081217","92440085"
"33033","103081217","103336641"
"33034","103086420","88626657"
"33035","103086544","92252150"
"33036","103086953","92440647"
"33037","103087191","103082433"
"33038","103087191","80123249"
"33039","103087191","64914313"
"33040","103087191","99977385"
"33041","103087863","88677123"
"33042","103087863","92439445"
"33043","103335314","69505525"
"33044","103336287","97749353"
"33045","103336287","103088656"
"33046","103341490","96093291"
"33047","103341614","67697166"
"33048","103342023","99972259"
"33049","103342261","104172935"
"33050","103342261","86684293"
"33051","103342261","65800304"
"33052","103342261","103089270"
"33053","103342933","103494716"
"33054","103342933","94202234"
"33055","103490613","78890722"
"33056","103491586","80128464"
"33057","103491586","65800924"
"33058","103494427","96092571"
"33059","103494532","97752098"
"33060","103494770","86680215"
"33061","103495383","88623457"
"33062","103495383","71486476"
"33063","103501981","71487202"
"33064","103501981","99979164"
"33065","103501981","78894099"
"33066","103501981","103086453"
"33067","104170388","92256128"
"33068","104171361","97752433"
"33069","104171361","104177368"
"33070","104176564","103087483"
"33071","104176688","103503489"
"33072","104177097","96091260"
"33073","104177335","67698473"
"33074","104177335","78890744"
"33075","104177335","80122277"
"33076","104177335","88673408"
"33077","104178007","94198961"
"33078","104178007","80121397"
"33079","62959548","62959521"
"33080","64914277","88622151"
"33081","64914386","69503128"
"33082","64914386","71485827"
"33083","64914386","69502276"
"33084","64917767","78894169"
"33085","64917767","97746950"
"33086","64917768","99975031"
"33087","64917770","88619972"
"33088","64917771","78894093"
"33089","65797401","88676188"
"33090","65799358","104175892"
"33091","65799358","86679980"
"33092","65801735","88626711"
"33093","65801844","71487313"
"33094","65802356","94201478"
"33095","65802356","96099227"
"33096","65802356","103085732"
"33097","65802356","99977813"
"33098","65805294","103086424"
"33099","65805294","97752759"
"33100","65805295","69503601"
"33101","65805297","69725003"
"33102","65805298","86684704"
"33103","65987186","80125897"
"33104","65990677","103504456"
"33105","65990677","103335306"
"33106","65990678","78891798"
"33107","65990680","86684873"
"33108","65990681","97754708"
"33109","67692465","94197605"
"33110","67692465","92441537"
"33111","67693571","97747353"
"33112","67694850","92440984"
"33113","67694959","92253035"
"33114","67695471","92440958"
"33115","67695471","88618839"
"33116","67695471","80127888"
"33117","67695471","96097424"
"33118","67698471","92256088"
"33119","67698471","88618895"
"33120","67698472","69503139"
"33121","67698474","103342220"
"33122","67698475","71486206"
"33123","69502252","104173920"
"33124","69502252","67693312"
"33125","69503375","65986991"
"33126","69504655","97746009"
"33127","69504764","88675638"
"33128","69504845","69508412"
"33129","69505277","88673569"
"33130","69505277","103493992"
"33131","69505277","99974409"
"33132","69505277","103501845"
"33133","69508339","103086399"
"33134","69508339","92256516"
"33135","69508340","92446241"
"33136","69508342","71486633"
"33137","69508343","80123786"
"33138","71482737","94195607"
"33139","71484925","99974794"
"33140","71484925","88669620"
"33141","71486056","92253958"
"33142","71487337","80122984"
"33143","71487446","71489762"
"33144","71487527","69503090"
"33145","71487959","96093479"
"33146","71487959","67697347"
"33147","71487959","103491605"
"33148","71487959","103088297"
"33149","71491042","64909870"
"33150","71491042","78891617"
"33151","71491043","69503078"
"33152","71491045","103083292"
"33153","71491046","80121705"
"33154","78888405","88671418"
"33155","78889420","103088429"
"33156","78889420","97751621"
"33157","78894626","104172665"
"33158","78894750","103340803"
"33159","78895159","94197586"
"33160","78895398","78891001"
"33161","78895398","86679876"
"33162","78895398","103336626"
"33163","78895398","88672135"
"33164","78896072","104171325"
"33165","78896524","92447307"
"33166","78896524","92439130"
"33167","78896525","88671424"
"33168","78896527","64914739"
"33169","78896528","96092037"
"33170","80121352","103088658"
"33171","80121353","88670928"
"33172","80121355","69504632"
"33173","80121356","78892870"
"33174","80121356","99977613"
"33175","80121808","67693745"
"33176","80121808","97753537"
"33177","80121808","94202846"
"33178","80122482","88623917"
"33179","80122482","78892074"
"33180","80122482","99977674"
"33181","80122482","65990679"
"33182","80122721","80128463"
"33183","80123130","67695831"
"33184","80123254","103083611"
"33185","80128460","88677123"
"33186","80128460","94201401"
"33187","80129475","88673605"
"33188","86678534","103493057"
"33189","86679549","80123274"
"33190","86679549","103343561"
"33191","86684754","97753361"
"33192","86684878","62962047"
"33193","86685287","65801688"
"33194","86685526","103080261"
"33195","86685526","88620979"
"33196","86685526","88671356"
"33197","86685526","94197004"
"33198","86686200","92256505"
"33199","86686200","94196698"
"33200","86686200","86685098"
"33201","86686652","104176562"
"33202","86686652","97746593"
"33203","86686653","71491112"
"33204","86686655","103080080"
"33205","86686656","92256641"
"33206","88618547","96091999"
"33207","88618548","92444979"
"33208","88618550","92252632"
"33209","88618551","78894168"
"33210","88618551","94196700"
"33211","88619003","78891815"
"33212","88619003","103088762"
"33213","88619003","103337590"
"33214","88619677","71488184"
"33215","88619677","65801769"
"33216","88619677","78892311"
"33217","88619677","103087958"
"33218","88619916","67695701"
"33219","88620325","78896451"
"33220","88620449","103087961"
"33221","88625654","92256128"
"33222","88625654","88672267"
"33223","88626669","92252586"
"33224","88669988","69504565"
"33225","88671003","64910822"
"33226","88671003","103088066"
"33227","88676208","99978884"
"33228","88676332","99973474"
"33229","88676741","97747269"
"33230","88676980","104172841"
"33231","88676980","88676212"
"33232","88676980","80127117"
"33233","88676980","71489724"
"33234","88677654","97748312"
"33235","88677654","103336724"
"33236","88677654","92441532"
"33237","88678106","65800181"
"33238","88678106","86681950"
"33239","88678107","86681918"
"33240","88678109","104173096"
"33241","88678110","69502139"
"33242","92250284","64910443"
"33243","92251299","80122274"
"33244","92251299","104176584"
"33245","92256504","103494902"
"33246","92256628","78894057"
"33247","92257037","88678048"
"33248","92257276","64914321"
"33249","92257276","96097781"
"33250","92257276","103338917"
"33251","92257276","104173766"
"33252","92257950","64912760"
"33253","92257950","92439165"
"33254","92258402","67695621"
"33255","92258402","103083518"
"33256","92258403","78889351"
"33257","92258405","78892081"
"33258","92258406","71486257"
"33259","92439091","94202838"
"33260","92439092","97752866"
"33261","92439094","88675742"
"33262","92439095","64915124"
"33263","92439095","92251620"
"33264","92439547","92440103"
"33265","92440221","94203889"
"33266","92440221","103504287"
"33267","92440221","104171299"
"33268","92440221","88620865"
"33269","92440460","65986558"
"33270","92440869","96091766"
"33271","92440993","103086393"
"33272","92446198","78896175"
"33273","92446198","80122354"
"33274","92447213","71485210"
"33275","94195717","103083569"
"33276","94196731","94200234"
"33277","94196731","92256461"
"33278","94201936","67696413"
"33279","94202060","103081355"
"33280","94202469","99976654"
"33281","94202708","69502221"
"33282","94202708","103341029"
"33283","94202708","96096079"
"33284","94202708","104177037"
"33285","94203382","71488342"
"33286","94203382","69499957"
"33287","94203834","97751605"
"33288","94203834","78891050"
"33289","94203835","94202281"
"33290","94203837","103338755"
"33291","94203838","103081474"
"33292","96091013","86680229"
"33293","96091014","103081554"
"33294","96091016","88625089"
"33295","96091017","86686652"
"33296","96091017","64909715"
"33297","96091018","103338403"
"33298","96091018","69504448"
"33299","96092143","65801544"
"33300","96092143","99976770"
"33301","96092143","92255957"
"33302","96092143","86689196"
"33303","96092791","103089054"
"33304","97752273","92256502"
"33305","97752920","92257406"
"33306","97752920","96095431"
"33307","97752920","97748078"
"33308","97752920","78889485"
"33309","99977463","80122962"
"33310","99978110","67694760"
"33311","99978110","94199137"
"33312","99978110","99971735"
"33313","99978110","97754384"
"33314","103081543","92441175"
"33315","103081543","71487795"
"33316","103087114","65800566"
"33317","103336613","80129873"
"33318","103336613","103494822"
"33319","103342184","86681601"
"33320","103491912","103083776"
"33321","103491912","92441574"
"33322","103494927","99976916"
"33323","104171687","103502417"
"33324","104171687","103082455"
"33325","104177258","104176138"
"33326","62959637","65985714"
"33327","64914315","92446273"
"33328","65799704","86684203"
"33329","65799704","80125078"
"33330","65801773","92447253"
"33331","65987224","104178135"
"33332","67692812","92443619"
"33333","67692812","104172798"
"33334","67694888","86680826"
"33335","69502600","96092579"
"33336","69502600","96096796"
"33337","69504693","80126375"
"33338","71485276","80121916"
"33339","71485276","64913855"
"33340","71487375","88618908"
"33341","78889746","92444519"
"33342","78889746","65800678"
"33343","78895321","104176701"
"33344","80122559","92441568"
"33345","80128134","80126780"
"33346","80128134","104173240"
"33347","86679875","103494541"
"33348","86679875","71488113"
"33349","86685449","104177716"
"33350","88619754","99972499"
"33351","88625328","97753803"
"33352","88625328","64916624"
"33353","88671329","69505381"
"33354","88671329","86685089"
"33355","88676903","69503489"
"33356","92251625","99978886"
"33357","92251625","103082068"
"33358","92257199","69503595"
"33359","92440298","88621004"
"33360","92445872","71486374"
"33361","92445872","71483057"
"33362","94197057","88619680"
"33363","94197057","65798007"
"33364","94202631","92445358"
"33365","96091840","92446113"
"33366","96091842","88676573"
"33367","96096540","65797187"
"33368","96096796","103336663"
"33369","96096796","69499677"
"33370","96097800","86686383"
"33371","96097800","103336613"
"33372","96097800","88677551"
"33373","96097800","88625651"
"33374","97747266","72764036"
"33375","97747266","99972833"
"33376","97747266","69508380"
"33377","97747266","88623075"
"33378","97748269","65804222"
"33379","97748269","96096752"
"33380","97748525","94198012"
"33381","97753220","92444981"
"33382","97753222","80127608"
"33383","99972456","88673570"
"33384","99972456","69505386"
"33385","99972456","86685966"
"33386","99972456","99976800"
"33387","99973459","94201520"
"33388","99973459","88676543"
"33389","99973459","78895516"
"33390","99973715","86685473"
"33391","103088154","94201366"
"33392","103088154","88619141"
"33393","103088154","61770029"
"33394","103343224","86684772"
"33395","103343224","104178494"
"33396","103343224","78896178"
"33397","103495430","71488108"
"33398","103495430","103341034"
"33399","103495430","65798132"
"33400","104178298","103338698"
"33401","104178298","92256049"
"33402","104178298","97752112"
"33403","65799267","99973013"
"33404","67692374","64914754"
"33405","69502161","92446187"
"33406","71484834","92440100"
"33407","78896363","94202962"
"33408","80121517","80126780"
"33409","80121517","94199627"
"33410","86686491","99973422"
"33411","86686491","88676331"
"33412","86686491","96092174"
"33413","88618712","103342068"
"33414","88618712","67692429"
"33415","88677945","94196727"
"33416","88677945","103080730"
"33417","88677945","92256502"
"33418","92258241","94203839"
"33419","92258241","86680802"
"33420","92258241","92445578"
"33421","92439256","88620459"
"33422","92439256","88674383"
"33423","94203673","88672284"
"33424","94203673","88676943"
"33425","94203673","88621025"
"33426","96091374","97751601"
"33427","96097745","103342249"
"33428","96099300","103086411"
"33429","96099300","96092028"
"33430","97745807","103341809"
"33431","97745807","64909829"
"33432","97747321","80123273"
"33433","97747321","92444626"
"33434","97753687","104171765"
"33435","99970997","88624373"
"33436","99970997","96096816"
"33437","99972511","80122982"
"33438","99978877","67694913"
"33439","103081631","69504363"
"33440","103081631","103082105"
"33441","103083587","71488162"
"33442","103083587","62956021"
"33443","103083587","92441048"
"33444","103083587","99972490"
"33445","103083587","103334951"
"33446","103088034","94199385"
"33447","103336701","88625333"
"33448","103336701","86680764"
"33449","103338657","96094760"
"33450","103338657","69506242"
"33451","103338657","92439618"
"33452","103338657","88624814"
"33453","103338657","78894052"
"33454","103343104","78890845"
"33455","103492000","97749516"
"33456","103492000","92253418"
"33457","103501558","86687000"
"33458","103504462","86684758"
"33459","103504462","104170405"
"33460","103504462","86685615"
"33461","103504462","96097866"
"33462","104171775","103337613"
"33463","104171775","92257365"
"33464","104173731","104177323"
"33465","104173731","99972388"
"33466","104173731","99977623"
"33467","104173731","103084706"
"33468","104173731","86680808"
"33469","104178178","61681332"
"33470","64912525","88618625"
"33471","65799894","99976964"
"33472","65985427","99973815"
"33473","67693005","80128430"
"33474","67693005","80128526"
"33475","69502793","103338377"
"33476","69502793","88677838"
"33477","71485471","65990678"
"33478","71485471","80123925"
"33479","71489759","92446246"
"33480","71489821","86685641"
"33481","78889834","80128450"
"33482","78889834","103495471"
"33483","78896243","103336401"
"33484","80121637","96092975"
"33485","80126089","86686994"
"33486","80126089","104173737"
"33487","80126089","71482646"
"33488","80126089","88671340"
"33489","80128046","103088555"
"33490","80128046","96095723"
"33491","86679963","67690624"
"33492","86679963","92441016"
"33493","86681920","96097767"
"33494","86681920","80126839"
"33495","86681920","71491084"
"33496","86681920","86681286"
"33497","86681920","97752329"
"33498","86686371","64912747"
"33499","88618832","92254659"
"33500","88623283","96096655"
"33501","88623283","67690676"
"33502","88623283","78890699"
"33503","88623283","104173782"
"33504","88625240","88670999"
"33505","88625240","99978790"
"33506","88671417","86681687"
"33507","88671417","92445314"
"33508","88673374","103341028"
"33509","88673374","103338560"
"33510","88673374","92440460"
"33511","88673374","96092580"
"33512","88673374","103343033"
"33513","88677825","64912922"
"33514","92251713","103341417"
"33515","92251713","65799322"
"33516","92253670","99972953"
"33517","92253670","88673418"
"33518","92253670","96092981"
"33519","92253670","65799264"
"33520","92253670","80123783"
"33521","92258121","88675689"
"33522","92439376","67693728"
"33523","92443827","58142247"
"33524","92443827","78895091"
"33525","92443827","103336967"
"33526","92445784","92258360"
"33527","92445784","71487446"
"33528","94197145","86680433"
"33529","94197145","104171362"
"33530","94199102","80126996"
"33531","94199102","97749855"
"33532","94199102","69508341"
"33533","94199102","80125858"
"33534","94199102","103088241"
"33535","94203553","103088456"
"33536","96091298","99976550"
"33537","96095749","86685657"
"33538","96095749","88673387"
"33539","96095749","96091038"
"33540","96095749","71488159"
"33541","96095749","99979277"
"33542","96098120","96098218"
"33543","96098124","94199620"
"33544","96098124","103503332"
"33545","96098124","67690679"
"33546","96098124","80129475"
"33547","96098124","88618516"
"33548","96098124","71487922"
"33549","96098124","78896303"
"33550","96098124","97751580"
"33551","96098124","96093485"
"33552","97746942","104177039"
"33553","97746942","92253173"
"33554","97746942","104178497"
"33555","97746942","97748520"
"33556","97746942","94202820"
"33557","97746942","88620587"
"33558","97746942","99976812"
"33559","97746942","96093488"
"33560","97746942","92257215"
"33561","97746946","86681934"
"33562","97749316","88673561"
"33563","97749316","103342309"
"33564","97749316","71484957"
"33565","97749316","104178727"
"33566","97753763","88625381"
"33567","99972132","88675782"
"33568","99972132","92446197"
"33569","99972132","78894908"
"33570","99972132","104171715"
"33571","99972132","104176034"
"33572","99972132","69505263"
"33573","99972132","103082101"
"33574","99972132","103339789"
"33575","99972132","88625543"
"33576","99972136","92256505"
"33577","99974506","69504658"
"33578","99974506","80127894"
"33579","99974506","103340960"
"33580","99974506","71487826"
"33581","99978953","65802462"
"33582","103086598","97749553"
"33583","103086598","69505657"
"33584","103341668","97753155"
"33585","103341668","104171292"
"33586","103494586","92257717"
"33587","103494586","103337106"
"33588","104176742","64910360"
"33589","104176742","88619196"
"33590","65801981","104177314"
"33591","65801981","103337565"
"33592","67695096","103492872"
"33593","67695096","92253901"
"33594","69504901","86678166"
"33595","69504901","92440418"
"33596","71487583","88671037"
"33597","71487583","86684889"
"33598","78894804","96093441"
"33599","78894804","86684935"
"33600","80123076","96092152"
"33601","80123076","99980170"
"33602","86684932","103501087"
"33603","86684932","86685095"
"33604","88620271","92441565"
"33605","88620271","103080202"
"33606","88676386","78889422"
"33607","88676386","80129516"
"33608","92256682","92254803"
"33609","92256682","88672741"
"33610","92440815","71487829"
"33611","92440815","69500072"
"33612","94202114","103493264"
"33613","94202114","104178106"
"33614","96091064","71491094"
"33615","96091064","97747570"
"33616","96091064","99978225"
"33617","96091064","92251378"
"33618","96091339","64913495"
"33619","96091339","88618708"
"33620","96091371","104173772"
"33621","96091372","92440132"
"33622","96092496","104171434"
"33623","96092496","80125993"
"33624","96095557","86684226"
"33625","96095557","78895238"
"33626","96095746","103341952"
"33627","96095746","92250118"
"33628","96095993","67695719"
"33629","96096001","67695693"
"33630","96096001","97754023"
"33631","96096044","80127600"
"33632","96096901","92443632"
"33633","97748206","99971179"
"33634","97749021","67692465"
"33635","97749064","104171363"
"33636","97749064","80122044"
"33637","97749072","88676185"
"33638","97749319","103337592"
"33639","97749319","96097500"
"33640","97749508","67694885"
"33641","97749508","69500860"
"33642","97752568","104173097"
"33643","97752568","103493673"
"33644","97753689","99976811"
"33645","97753690","88623579"
"33646","97753722","92440283"
"33647","97753722","78893953"
"33648","97753997","88620994"
"33649","97753997","92443289"
"33650","97753997","103081217"
"33651","99973354","97750336"
"33652","99973396","103081236"
"33653","99974211","67694805"
"33654","99974254","94196987"
"33655","99974254","88620994"
"33656","99974262","103336329"
"33657","99974509","103492087"
"33658","99974509","65802692"
"33659","99974698","71488146"
"33660","99974698","97752490"
"33661","99977758","96091014"
"33662","99977758","92251295"
"33663","99978879","92251429"
"33664","99978880","88623578"
"33665","99978912","88623096"
"33666","99978912","99976801"
"33667","99979187","64912796"
"33668","99979187","99974707"
"33669","99979187","86684783"
"33670","96097102","94203950"
"33671","97747963","65804169"
"33672","99973153","80121680"
"33673","103087184","103501331"
"33674","103087184","62955707"
"33675","103087184","96095714"
"33676","103087184","103501784"
"33677","103342254","80126675"
"33678","103342254","94202301"
"33679","103342254","99979873"
"33680","103342254","64912749"
"33681","103501988","65799362"
"33682","103501988","86679558"
"33683","103501988","65988694"
"33684","103501988","88623075"
"33685","104177328","88678161"
"33686","104177328","65988694"
"33687","104177328","104170346"
"33688","104177328","99973419"
"33689","67695469","88673400"
"33690","67695469","69506546"
"33691","67695469","86681635"
"33692","67695469","86686202"
"33693","69505275","104173436"
"33694","69505275","103086702"
"33695","69505275","99973920"
"33696","69505275","104176552"
"33697","71487957","64913239"
"33698","71487957","71488107"
"33699","71487957","103341501"
"33700","71487957","71489707"
"33701","78895391","78890272"
"33702","78895391","88671044"
"33703","78895391","103504168"
"33704","78895391","94201993"
"33705","80122489","97749322"
"33706","80122489","92253943"
"33707","80122489","103341471"
"33708","80122489","88624803"
"33709","86685519","94201263"
"33710","86685519","86684871"
"33711","86685519","92441657"
"33712","86685519","96095988"
"33713","88619684","97748275"
"33714","88619684","96095222"
"33715","88619684","96088869"
"33716","88619684","99978890"
"33717","88676973","97748284"
"33718","88676973","97752120"
"33719","88676973","88676506"
"33720","88676973","97747631"
"33721","92257269","92440487"
"33722","92257269","92444919"
"33723","92257269","65801759"
"33724","92257269","103501881"
"33725","92440228","92446194"
"33726","92440228","103086369"
"33727","92440228","88672433"
"33728","92440228","71483098"
"33729","94202701","99976763"
"33730","94202701","104174021"
"33731","94202701","80127220"
"33732","94202701","69503057"
"33733","96092150","71487046"
"33734","96092150","103086756"
"33735","96092150","99979576"
"33736","96092150","104176984"
"33737","96097793","65803278"
"33738","97747273","86678546"
"33739","97752913","94203510"
"33740","97752913","78894910"
"33741","97752913","67698475"
"33742","97752913","72817690"
"33743","99972463","94198304"
"33744","99978103","78895513"
"33745","99978103","64916590"
"33746","99978103","92441522"
"33747","99978103","67692870"
"33748","96091065","88620975"
"33749","96092497","80128449"
"33750","97752567","88620082"
"33751","97752567","97746988"
"33752","97753996","97747578"
"33753","99977757","65803332"
"33754","99979186","96091935"
"33755","103081537","103491529"
"33756","103081537","92440077"
"33757","103081537","78894606"
"33758","103081537","71484737"
"33759","103081592","103338166"
"33760","103081592","99974349"
"33761","103083349","97748520"
"33762","103083349","103338894"
"33763","103084931","92439650"
"33764","103086542","71489246"
"33765","103086542","80128516"
"33766","103087195","78894624"
"33767","103336607","92439157"
"33768","103336607","71486738"
"33769","103336607","78895525"
"33770","103336607","94198818"
"33771","103336662","103081593"
"33772","103336662","80126263"
"33773","103338419","80123713"
"33774","103338419","96099224"
"33775","103340001","64914893"
"33776","103341612","103341383"
"33777","103341612","88618875"
"33778","103342265","88625637"
"33779","103491906","92250242"
"33780","103491906","78890697"
"33781","103491906","69503230"
"33782","103491906","67693706"
"33783","103491961","92444896"
"33784","103491961","67693749"
"33785","103493718","71483500"
"33786","103493718","80128338"
"33787","103493892","92441368"
"33788","103494530","86681634"
"33789","103494530","71487926"
"33790","103501977","71487533"
"33791","104171681","64915372"
"33792","104171681","96096043"
"33793","104171681","88621021"
"33794","104171681","62959628"
"33795","104171736","104176513"
"33796","104171736","80123075"
"33797","104173493","97753770"
"33798","104173493","88671046"
"33799","104175075","69500484"
"33800","104176686","71483259"
"33801","104176686","80123305"
"33802","104177339","69722454"
"33803","62959852","92440085"
"33804","64909975","103087808"
"33805","64909975","64916598"
"33806","64912358","99979374"
"33807","64912358","92251713"
"33808","64912358","80121713"
"33809","64912422","86682115"
"33810","64913979","69502671"
"33811","64914465","71487256"
"33812","64914876","67695644"
"33813","65797294","92439363"
"33814","65799690","88678144"
"33815","65799690","103336368"
"33816","65801417","86680829"
"33817","65801923","67689928"
"33818","65801923","94201934"
"33819","65802336","69506061"
"33820","65987374","94197053"
"33821","67690242","86686653"
"33822","67690242","88625524"
"33823","67692798","103081849"
"33824","67692798","67693308"
"33825","67692798","103494943"
"33826","67692863","103491908"
"33827","67692863","78895199"
"33828","67694532","80128402"
"33829","67695038","103086557"
"33830","67695038","104177895"
"33831","67695451","86684331"
"33832","69499964","97752492"
"33833","69502586","88621050"
"33834","69502586","80127181"
"33835","69502586","94199105"
"33836","69502651","92250942"
"33837","69502651","88624988"
"33838","69504336","104171618"
"33839","69504843","94203760"
"33840","69504843","64912766"
"33841","69505257","64917768"
"33842","71482626","103491724"
"33843","71482626","103490605"
"33844","71485262","65987208"
"33845","71485262","86679626"
"33846","71485262","88623010"
"33847","71485328","99972421"
"33848","71485328","67695463"
"33849","71487018","99972056"
"33850","71487525","104176702"
"33851","71487525","71486316"
"33852","71487939","64912898"
"33853","78889740","97753687"
"33854","78889740","103082523"
"33855","78889740","86682191"
"33856","78889795","71482615"
"33857","78889795","99973001"
"33858","78891553","99979898"
"33859","78891553","67694738"
"33860","78893136","88620471"
"33861","78894748","94203869"
"33862","78894748","65798119"
"33863","78895402","92256660"
"33864","80122478","104178126"
"33865","80123132","96093523"
"33866","80123132","103495597"
"33867","80124744","92440274"
"33868","80126327","62955781"
"33869","80126327","71488106"
"33870","80128085","92441013"
"33871","80128085","97747197"
"33872","80128140","80128121"
"33873","80128140","78890660"
"33874","80128140","64913978"
"33875","86679869","78896866"
"33876","86679869","88670063"
"33877","86679869","94199109"
"33878","86679869","65800980"
"33879","86679924","97749576"
"33880","86679924","65799894"
"33881","86681682","103501695"
"33882","86681682","94201360"
"33883","86683264","86679609"
"33884","86684876","86680873"
"33885","86684876","97747790"
"33886","86685530","96092002"
"33887","88619673","104171418"
"33888","88620327","99979193"
"33889","88620327","69500433"
"33890","88621939","94195709"
"33891","88623521","96097974"
"33892","88623521","64914465"
"33893","88625279","64914297"
"33894","88625279","62959249"
"33895","88625334","103335301"
"33896","88625334","92252538"
"33897","88625334","94197020"
"33898","88671323","67690134"
"33899","88671323","104171442"
"33900","88671323","80126045"
"33901","88671323","94197585"
"33902","88671378","80123780"
"33903","88671378","103337127"
"33904","88673136","104176108"
"33905","88673136","96096734"
"33906","88674718","86679903"
"33907","88676330","104171909"
"33908","88676330","69505431"
"33909","88676984","69500072"
"33910","92251619","92251344"
"33911","92251619","104178104"
"33912","92251619","94196656"
"33913","92251619","71487120"
"33914","92251674","86680873"
"33915","92251674","96095723"
"33916","92253432","96097301"
"33917","92253432","88680518"
"33918","92255014","97749077"
"33919","92256626","67695575"
"33920","92256626","99973153"
"33921","92257280","86680425"
"33922","92440217","64914773"
"33923","92440871","96090660"
"33924","92440871","103085849"
"33925","92442483","78895519"
"33926","92444065","96091889"
"33927","92444065","78891560"
"33928","92445823","69502658"
"33929","92445823","103494426"
"33930","92445878","104172599"
"33931","92445878","103492470"
"33932","92445878","88625083"
"33933","92445878","69507191"
"33934","94197051","86682950"
"33935","94197051","103501610"
"33936","94197051","78895970"
"33937","94197051","88620447"
"33938","94197106","92438752"
"33939","94197106","69503258"
"33940","94198864","99980199"
"33941","94198864","99971068"
"33942","94200446","92441015"
"33943","94202058","67695618"
"33944","94202058","78890750"
"33945","94202712","92440013"
"33946","96092138","92257123"
"33947","96092139","69505269"
"33948","96092149","65987220"
"33949","96093341","104176019"
"33950","96097281","92440277"
"33951","96097282","65986080"
"33952","96097706","96092542"
"33953","96097849","92251551"
"33954","96098200","80121208"
"33955","97746866","78894606"
"33956","97747217","103502417"
"33957","97747360","86679545"
"33958","97747784","94196759"
"33959","97747785","69499873"
"33960","97751723","67693360"
"33961","97752914","103337139"
"33962","97752924","69503901"
"33963","97752925","92440216"
"33964","99972056","80126830"
"33965","99972407","103494042"
"33966","99972407","65799261"
"33967","99972550","80126104"
"33968","99972974","69504859"
"33969","99972975","69504536"
"33970","99976913","92445767"
"33971","99978104","71483095"
"33972","99978114","96094400"
"33973","99978115","69504007"
"33974","103088033","64914162"
"33975","103337541","80123226"
"33976","103343103","88671623"
"33977","103501559","104171367"
"33978","104172615","99972646"
"33979","104178177","67694296"
"33980","57824022","97753997"
"33981","57824023","69504690"
"33982","58144307","69503100"
"33983","58144308","92444121"
"33984","71489820","92251621"
"33985","78896242","71485262"
"33986","80121638","71491095"
"33987","86686370","103083150"
"33988","88618833","99978960"
"33989","88677824","103342402"
"33990","92258120","88678107"
"33991","92439377","62960629"
"33992","94203552","92439685"
"33993","96091299","97749854"
"33994","96092343","69503600"
"33995","96097707","88669832"
"33996","96097804","88675664"
"33997","97747262","78892800"
"33998","97747359","104173436"
"33999","97752721","97751614"
"34000","97753762","104172577"
"34001","99972452","67695719"
"34002","99972549","92255974"
"34003","99977911","103081258"
"34004","99978952","104172981"
"34005","103081533","69504656"
"34006","103083332","104171692"
"34007","103083636","64913215"
"34008","103083636","97748183"
"34009","103083636","104171411"
"34010","103083636","104176531"
"34011","103083636","88622765"
"34012","103083636","69507137"
"34013","103083636","65801981"
"34014","103083636","92258054"
"34015","103083636","88618586"
"34016","103083636","103082470"
"34017","103083735","78889340"
"34018","103083735","103338022"
"34019","103084736","99973464"
"34020","103084736","96092260"
"34021","103084736","104177476"
"34022","103084736","92443309"
"34023","103084736","88675633"
"34024","103084736","86678440"
"34025","103084736","80123219"
"34026","103084736","103080080"
"34027","103087100","97749589"
"34028","103087810","103502023"
"34029","103088037","92444060"
"34030","103088039","94202349"
"34031","103088295","88624778"
"34032","103336603","80126107"
"34033","103338402","99972805"
"34034","103338706","103081544"
"34035","103338706","65987204"
"34036","103338706","69506553"
"34037","103338706","103085848"
"34038","103338706","88623000"
"34039","103338706","62959628"
"34040","103338706","104171325"
"34041","103338706","103085880"
"34042","103338706","96095547"
"34043","103338706","92258047"
"34044","103338706","97753689"
"34045","103338805","92444113"
"34046","103338805","96095223"
"34047","103339806","92446073"
"34048","103339806","78895159"
"34049","103339806","103493362"
"34050","103339806","92251652"
"34051","103339806","58336217"
"34052","103339806","71488137"
"34053","103339806","94203838"
"34054","103339806","103495469"
"34055","103342170","104176562"
"34056","103342880","99974739"
"34057","103343107","96091365"
"34058","103343109","97752624"
"34059","103343365","92443783"
"34060","103491902","104176017"
"34061","103493701","103082075"
"34062","103494913","94201947"
"34063","103501368","104170028"
"34064","103501554","88670997"
"34065","103501556","92444369"
"34066","103501729","94199196"
"34067","103503313","103336229"
"34068","103503313","103494714"
"34069","103503313","64916741"
"34070","103503313","92444962"
"34071","103503313","97748323"
"34072","103503313","71484975"
"34073","103503313","67692798"
"34074","103503313","71482662"
"34075","103504314","103502433"
"34076","103504314","103339630"
"34077","103504413","94199622"
"34078","103504413","65990145"
"34079","103504413","92256366"
"34080","103504413","78895700"
"34081","103504413","94199362"
"34082","103504413","64913167"
"34083","103504413","78891042"
"34084","103504413","86686349"
"34085","104171677","103341384"
"34086","104173476","78888241"
"34087","104173780","103083333"
"34088","104173780","92445628"
"34089","104173780","67695463"
"34090","104173780","71487927"
"34091","104173780","96090905"
"34092","104173780","103342362"
"34093","104173780","86680883"
"34094","104173780","94201870"
"34095","104173780","71484771"
"34096","104173780","80123132"
"34097","104173780","88619008"
"34098","104173780","96095742"
"34099","104173879","99974166"
"34100","104173879","88619105"
"34101","104174880","80123218"
"34102","104174880","78889416"
"34103","104174880","103336691"
"34104","104174880","103088372"
"34105","104174880","92444001"
"34106","104174880","88676155"
"34107","104174880","96092015"
"34108","104174880","88622149"
"34109","104177244","80122490"
"34110","104177954","103335800"
"34111","104178181","99973474"
"34112","104178183","97750321"
"34113","104178439","80126045"
"34114","58336022","103341383"
"34115","62959526","92441519"
"34116","62961908","96091076"
"34117","62961908","96091365"
"34118","62961908","97751723"
"34119","62962499","88619714"
"34120","62962499","69507094"
"34121","64912353","97749484"
"34122","64914193","99979351"
"34123","64914255","103491709"
"34124","64915799","65802501"
"34125","64915799","65985713"
"34126","64916595","67693444"
"34127","64916601","71488134"
"34128","64916601","71485281"
"34129","64916601","103494544"
"34130","64916601","69505427"
"34131","64916601","92253953"
"34132","64916601","88677542"
"34133","64916601","64912010"
"34134","64916601","80124956"
"34135","64917235","97751601"
"34136","64917235","97749322"
"34137","65799685","92441783"
"34138","65801651","92250284"
"34139","65801713","103088556"
"34140","65803280","99976806"
"34141","65804076","71486214"
"34142","65804082","96099498"
"34143","65804082","62961146"
"34144","65804082","65801691"
"34145","65804082","92441367"
"34146","65804082","103081144"
"34147","65804082","71486690"
"34148","65804082","71487125"
"34149","65804082","61770028"
"34150","65804208","96095549"
"34151","65804723","69503266"
"34152","65804723","103491659"
"34153","65804723","97753698"
"34154","65987102","103335272"
"34155","65987164","62962048"
"34156","65989511","67693414"
"34157","65989511","99972618"
"34158","65989511","72817648"
"34159","65989511","99974819"
"34160","65989511","103088271"
"34161","65990145","88625637"
"34162","67692793","103338741"
"34163","67694766","69507759"
"34164","67694828","65798026"
"34165","67696755","80123253"
"34166","67697240","71489847"
"34167","67697246","78889690"
"34168","67697246","103491596"
"34169","67697246","103086423"
"34170","67697246","88672243"
"34171","67697246","94197145"
"34172","67697246","88673578"
"34173","67697246","92254208"
"34174","67697246","80126722"
"34175","67697364","88625723"
"34176","67697897","67695719"
"34177","67697897","96093441"
"34178","67697897","103085845"
"34179","69502581","78890947"
"34180","69504571","71485781"
"34181","69504633","97754082"
"34182","69506549","103337650"
"34183","69507100","96093459"
"34184","69507106","96093433"
"34185","69507106","94199143"
"34186","69507106","92446193"
"34187","69507106","69502260"
"34188","69507106","92257789"
"34189","69507106","99978885"
"34190","69507106","103339776"
"34191","69507106","96092484"
"34192","69507225","80127197"
"34193","69507759","78891820"
"34194","69507759","97747197"
"34195","69507759","88623287"
"34196","71485257","64913168"
"34197","71487253","88625223"
"34198","71487315","67695690"
"34199","71489238","103338330"
"34200","71489799","103082517"
"34201","71489805","69505380"
"34202","71489805","103081798"
"34203","71489805","62959550"
"34204","71489805","104176565"
"34205","71489805","99977753"
"34206","71489805","65803332"
"34207","71489805","86686306"
"34208","71489805","80123826"
"34209","71489924","92442703"
"34210","71490455","88676228"
"34211","71490460","65986033"
"34212","71490460","103086455"
"34213","71490460","86679549"
"34214","71490460","92258403"
"34215","78889736","104172642"
"34216","78891536","88620311"
"34217","78891840","103083869"
"34218","78891840","94203480"
"34219","78891840","80126580"
"34220","78891840","103341032"
"34221","78891840","67695439"
"34222","78891939","94198353"
"34223","78891939","92446114"
"34224","78892941","78894910"
"34225","78892941","69505676"
"34226","78892941","96096834"
"34227","78892941","97751605"
"34228","78892941","103336607"
"34229","78892941","86685627"
"34230","78892941","92445822"
"34231","78892941","59213382"
"34232","78895307","92256397"
"34233","78896019","103341310"
"34234","78896246","67695830"
"34235","78896504","88625333"
"34236","80121376","97746973"
"34237","80121634","64912874"
"34238","80121861","99972074"
"34239","80122573","78889834"
"34240","80124939","103501612"
"34241","80124939","88620906"
"34242","80124939","69504093"
"34243","80124939","86681596"
"34244","80124939","103339806"
"34245","80124939","65797027"
"34246","80124939","67693287"
"34247","80124939","71489236"
"34248","80125941","104170917"
"34249","80125941","80128361"
"34250","80126040","92440084"
"34251","80126040","94198055"
"34252","80126040","97747449"
"34253","80126040","69507201"
"34254","80126040","78896481"
"34255","80126040","61772587"
"34256","80126040","103342350"
"34257","80126344","97748077"
"34258","80128144","71486314"
"34259","86679865","96090760"
"34260","86681665","92441015"
"34261","86681969","92257512"
"34262","86681969","94199126"
"34263","86681969","103501829"
"34264","86681969","69506549"
"34265","86681969","96096177"
"34266","86681969","103493801"
"34267","86681969","65801089"
"34268","86682068","88677782"
"34269","86682068","78896072"
"34270","86683069","92445502"
"34271","86683069","96099321"
"34272","86683069","92257079"
"34273","86683069","103338361"
"34274","86683069","80124956"
"34275","86683069","96095211"
"34276","86683069","97748314"
"34277","86683069","69507256"
"34278","86685435","94202809"
"34279","86686147","80128443"
"34280","86686374","71485748"
"34281","86686632","61769241"
"34282","88618571","67698544"
"34283","88618829","86680162"
"34284","88619056","64912817"
"34285","88619768","67695646"
"34286","88622134","78895534"
"34287","88622134","99977615"
"34288","88622134","80123802"
"34289","88622134","71487017"
"34290","88622134","92444777"
"34291","88622134","103088955"
"34292","88622134","103492821"
"34293","88622134","94202849"
"34294","88623135","103082494"
"34295","88623135","69505270"
"34296","88623234","94197053"
"34297","88623234","88672305"
"34298","88623234","71488963"
"34299","88623234","97747273"
"34300","88623234","86681921"
"34301","88623234","86681957"
"34302","88623234","103085880"
"34303","88623538","103081160"
"34304","88625338","99974737"
"34305","88671319","88675832"
"34306","88673119","94203591"
"34307","88673423","103342063"
"34308","88673423","78892312"
"34309","88673423","88625279"
"34310","88673423","97753553"
"34311","88673423","65800245"
"34312","88673423","99971667"
"34313","88673423","96096793"
"34314","88673423","67694824"
"34315","88673423","80125895"
"34316","88673522","103343311"
"34317","88673522","80123098"
"34318","88674523","96091540"
"34319","88674523","103494586"
"34320","88674523","88678086"
"34321","88674523","97747366"
"34322","88674523","96097791"
"34323","88674523","103082837"
"34324","88674523","88675792"
"34325","88674523","65801755"
"34326","88676889","69505261"
"34327","88677601","92256622"
"34328","88677828","94203794"
"34329","88678086","103087765"
"34330","92251615","67692746"
"34331","92253415","78890782"
"34332","92253719","104171615"
"34333","92253719","88677758"
"34334","92253719","80126061"
"34335","92253719","96098119"
"34336","92253719","104172722"
"34337","92253719","92252544"
"34338","92253719","86685099"
"34339","92253818","104172788"
"34340","92253818","88675615"
"34341","92254819","97751687"
"34342","92254819","80123233"
"34343","92254819","92443590"
"34344","92254819","69503532"
"34345","92254819","86684746"
"34346","92254819","103493465"
"34347","92254819","61682131"
"34348","92254819","88680348"
"34349","92257185","103343345"
"34350","92257897","88624189"
"34351","92258124","71488038"
"34352","92258382","71491043"
"34353","92439115","92440084"
"34354","92439373","88675661"
"34355","92439600","88619262"
"34356","92440312","65801920"
"34357","92442678","99975031"
"34358","92442678","65987185"
"34359","92442678","92444921"
"34360","92442678","97750305"
"34361","92442678","71488157"
"34362","92442678","94195312"
"34363","92442678","97749400"
"34364","92442678","67693355"
"34365","92443679","94203335"
"34366","92443679","99977613"
"34367","92443778","94203835"
"34368","92443778","92441450"
"34369","92443778","78889463"
"34370","92443778","67697364"
"34371","92444082","97752623"
"34372","92445882","96091607"
"34373","94197047","67695723"
"34374","94198847","78894200"
"34375","94199151","67691105"
"34376","94199151","99973603"
"34377","94199151","92251703"
"34378","94199151","97747798"
"34379","94199151","103087179"
"34380","94199151","78888392"
"34381","94199151","99972193"
"34382","94199250","94199623"
"34383","94199250","92439655"
"34384","94200251","86685283"
"34385","94200251","88620451"
"34386","94200251","69503382"
"34387","94200251","97746993"
"34388","94200251","88676226"
"34389","94200251","103084112"
"34390","94200251","99978237"
"34391","94200251","92446179"
"34392","94202617","80123236"
"34393","94203329","71490452"
"34394","94203556","103085847"
"34395","94203814","78895510"
"34396","96091037","88671669"
"34397","96091039","103343164"
"34398","96091178","86683970"
"34399","96091178","94200232"
"34400","96091295","92253426"
"34401","96091630","67693769"
"34402","96092048","65800925"
"34403","96092048","104173557"
"34404","96094600","71488100"
"34405","96094600","71489939"
"34406","96094600","88625690"
"34407","96094600","103338861"
"34408","96094600","96090823"
"34409","96094600","78889774"
"34410","96095541","103343423"
"34411","96095700","88676841"
"34412","96095700","103086044"
"34413","96095700","103501796"
"34414","96095700","92251595"
"34415","96095700","65797763"
"34416","96095700","88676967"
"34417","96095700","78894082"
"34418","96095726","94197054"
"34419","96095726","92251243"
"34420","96096002","86681604"
"34421","96096033","88675680"
"34422","96096035","88676254"
"34423","96096035","92441788"
"34424","96096794","92439594"
"34425","96096794","86678138"
"34426","96096860","97753776"
"34427","96096861","103343727"
"34428","96096866","69502176"
"34429","96096866","92253768"
"34430","96096866","104176024"
"34431","96096867","92445784"
"34432","96097260","99972539"
"34433","96097260","69503092"
"34434","96097260","67697287"
"34435","96097264","103501610"
"34436","96097264","103087318"
"34437","96097264","99973561"
"34438","96097268","96096539"
"34439","96097268","99972752"
"34440","96097268","86684213"
"34441","96097268","99976854"
"34442","97747798","67693707"
"34443","97747798","72815279"
"34444","97747798","88672740"
"34445","97747798","96093609"
"34446","97747802","78891999"
"34447","97747802","80122677"
"34448","97747802","97746968"
"34449","97747806","86688936"
"34450","97747806","94197065"
"34451","97747806","92252720"
"34452","97748198","103495448"
"34453","97748199","64915128"
"34454","97748199","99974550"
"34455","97748199","61680890"
"34456","97748204","103491913"
"34457","97748205","92444892"
"34458","97748271","94202220"
"34459","97748271","67692459"
"34460","97749030","69505528"
"34461","97749030","96091377"
"34462","97749032","69507129"
"34463","97749063","99972452"
"34464","97749339","78890635"
"34465","97749339","99976813"
"34466","97749365","97754900"
"34467","97749365","92251340"
"34468","97749365","92258361"
"34469","97749365","86685459"
"34470","97749365","103337530"
"34471","97749365","94201265"
"34472","97749365","71486296"
"34473","97749365","86686631"
"34474","97749524","88624225"
"34475","97750465","86682445"
"34476","97750465","103492438"
"34477","97750465","86684690"
"34478","97750465","97751869"
"34479","97750465","86686612"
"34480","97750465","103494415"
"34481","97753015","65804076"
"34482","97753015","69499997"
"34483","97753431","65801939"
"34484","97753766","92257220"
"34485","97753768","71485277"
"34486","97753883","97752185"
"34487","97753883","71487923"
"34488","97754022","65986034"
"34489","97754024","65802489"
"34490","99972988","103502429"
"34491","99972988","103087761"
"34492","99972988","104173912"
"34493","99972988","78896561"
"34494","99972992","65797678"
"34495","99972992","88676140"
"34496","99972992","103087328"
"34497","99972996","86682249"
"34498","99972996","78891825"
"34499","99972996","69503262"
"34500","99973388","64912525"
"34501","99973389","99978246"
"34502","99973389","78894631"
"34503","99973389","71487941"
"34504","99973394","96094757"
"34505","99973395","86686201"
"34506","99973461","71484750"
"34507","99973461","92440945"
"34508","99974220","97752875"
"34509","99974220","99979497"
"34510","99974222","86683050"
"34511","99974253","92443545"
"34512","99974529","71488135"
"34513","99974529","92444071"
"34514","99974555","65800612"
"34515","99974555","64916603"
"34516","99974555","80128451"
"34517","99974555","99979851"
"34518","99974555","86685489"
"34519","99974555","97746808"
"34520","99974555","80121910"
"34521","99974555","103086689"
"34522","99974555","88623607"
"34523","99974555","104178415"
"34524","99974714","103087332"
"34525","99975655","104176043"
"34526","99975655","97748730"
"34527","99975655","96089145"
"34528","99975655","92444837"
"34529","99975655","71484958"
"34530","99975655","80126586"
"34531","99978205","103492158"
"34532","99978205","94203585"
"34533","99978621","88625710"
"34534","99978956","92251430"
"34535","99978958","104178149"
"34536","99979073","64912426"
"34537","99979073","67693038"
"34538","99979212","71485756"
"34539","99979214","99976809"
"34540","103082232","69506272"
"34541","103082232","94202053"
"34542","103082232","103338849"
"34543","103337302","92255831"
"34544","103337302","78891099"
"34545","103337302","96095548"
"34546","103337302","96091526"
"34547","103492601","65799709"
"34548","103492601","88624417"
"34549","103492601","80122277"
"34550","104172376","67697285"
"34551","104172376","103491659"
"34552","104172376","103494147"
"34553","104172376","88676483"
"34554","64911978","97745974"
"34555","64911978","80122523"
"34556","64911978","88626835"
"34557","65799303","99979930"
"34558","65799303","97748454"
"34559","65799303","104175074"
"34560","67692410","88619871"
"34561","67692410","78891475"
"34562","67692410","96098089"
"34563","78890436","92254819"
"34564","80127444","86688892"
"34565","80127444","96093021"
"34566","86680565","92255935"
"34567","86680565","78894644"
"34568","86680565","69502295"
"34569","86680565","92446253"
"34570","88624638","103342886"
"34571","88624638","67690129"
"34572","88624638","88676070"
"34573","88672019","80122985"
"34574","88672019","94196695"
"34575","88672019","69505268"
"34576","88672019","103502179"
"34577","92252315","80123906"
"34578","92252315","71488178"
"34579","92252315","92444868"
"34580","92445182","97749021"
"34581","92445182","103337546"
"34582","92445182","94201407"
"34583","94197747","64911946"
"34584","94197747","64912756"
"34585","94197747","64910372"
"34586","96097104","88676534"
"34587","96097104","88625239"
"34588","96097104","96091290"
"34589","97747961","103343833"
"34590","97747961","96097330"
"34591","97747961","104173412"
"34592","99973151","88672256"
"34593","99973151","67695615"
"34594","99973151","96096788"
"34595","103083894","97747199"
"34596","103083894","103502244"
"34597","103083894","96097864"
"34598","103083894","103087437"
"34599","103086838","67696016"
"34600","103086838","71484746"
"34601","103338964","71483550"
"34602","103338964","65800180"
"34603","103338964","67697138"
"34604","103338964","97747020"
"34605","103341908","103088294"
"34606","103341908","103336834"
"34607","103494681","96090965"
"34608","103494681","94201388"
"34609","103504155","103491839"
"34610","103504155","97749400"
"34611","103504155","97747786"
"34612","103504155","69503261"
"34613","104174038","71491042"
"34614","104174038","88673899"
"34615","104174038","103504439"
"34616","104174038","103491907"
"34617","104176982","103338691"
"34618","104176982","86685349"
"34619","62960174","80121716"
"34620","62960174","86680935"
"34621","64912361","78890270"
"34622","64914797","99977802"
"34623","64914797","86682115"
"34624","65799693","104176983"
"34625","65802255","86686147"
"34626","65802255","103341510"
"34627","65802255","88671007"
"34628","65802255","96096840"
"34629","65987706","80126408"
"34630","65987706","67695459"
"34631","67692801","78896450"
"34632","67692801","103504438"
"34633","67695370","86686379"
"34634","67695370","103083621"
"34635","67695370","78892781"
"34636","67695370","67693042"
"34637","69502589","64909790"
"34638","69502589","96093455"
"34639","69505176","103343136"
"34640","69505176","103085636"
"34641","69505176","69507155"
"34642","69505176","67694901"
"34643","71485265","71489237"
"34644","71485265","88675637"
"34645","71487858","65802272"
"34646","71487858","71488106"
"34647","71487858","99973460"
"34648","71487858","96096652"
"34649","78892099","103494967"
"34650","78892099","80122972"
"34651","78892099","103336953"
"34652","78892099","64909668"
"34653","78895044","97752111"
"34654","78895044","92444625"
"34655","80122836","92441520"
"34656","80122836","92443743"
"34657","80125781","104178648"
"34658","80125781","88672633"
"34659","80125781","88676919"
"34660","80125781","67692365"
"34661","86682227","92438840"
"34662","86682227","88618825"
"34663","86682227","80126341"
"34664","86682227","103337540"
"34665","86685172","92253586"
"34666","86685172","72766152"
"34667","88620031","99973354"
"34668","88620031","80125781"
"34669","88622976","97752184"
"34670","88622976","65803979"
"34671","88622976","65801174"
"34672","88622976","86679595"
"34673","88673681","88674347"
"34674","88673681","88624251"
"34675","88673681","103501805"
"34676","88673681","92439683"
"34677","88676626","92438840"
"34678","88676626","92446060"
"34679","92253977","103342878"
"34680","92253977","97753041"
"34681","92253977","67694941"
"34682","92253977","67694852"
"34683","92256922","103493459"
"34684","92256922","103492927"
"34685","92440575","71491047"
"34686","92440575","65799250"
"34687","92443520","99973206"
"34688","92443520","88621025"
"34689","92443520","99974187"
"34690","92443520","97753994"
"34691","94199409","88671025"
"34692","94199409","92443626"
"34693","94199409","103341345"
"34694","94199409","92441519"
"34695","94202354","96098190"
"34696","94202354","88675656"
"34697","96091066","88618800"
"34698","96091066","103504254"
"34699","96091066","78894626"
"34700","96091067","88678453"
"34701","96095442","80121354"
"34702","96095442","80122507"
"34703","96095442","94202274"
"34704","96095442","78894745"
"34705","96097540","94198411"
"34706","96097794","78889746"
"34707","96097794","104173815"
"34708","96098127","94202306"
"34709","96098127","92445920"
"34710","97746939","88624816"
"34711","97746939","67690678"
"34712","97747272","88620978"
"34713","97747272","92251330"
"34714","97747526","97748226"
"34715","97749623","92441537"
"34716","97749623","78894520"
"34717","97749623","99978943"
"34718","97749623","64915059"
"34719","97753994","96091308"
"34720","97753995","80126106"
"34721","97753995","94200094"
"34722","97753995","97750308"
"34723","99972129","78896169"
"34724","99972129","86680400"
"34725","99972462","96095700"
"34726","99972462","88622756"
"34727","99972716","96093452"
"34728","99974813","71487510"
"34729","99974813","96089122"
"34730","99974813","92444143"
"34731","99974813","88619698"
"34732","99979184","92253964"
"34733","99979185","104172245"
"34734","99979185","103336543"
"34735","99979185","103342391"
"34736","103081552","97747267"
"34737","103081552","99972077"
"34738","103336622","65797200"
"34739","103336622","88672624"
"34740","103491921","92443594"
"34741","103491921","103491917"
"34742","104171696","69505426"
"34743","104171696","88624225"
"34744","62957804","92444937"
"34745","65799713","99977385"
"34746","67692821","99978679"
"34747","67692821","92255934"
"34748","69502609","67692389"
"34749","69502609","64909702"
"34750","71485285","96090892"
"34751","71485285","104172988"
"34752","78889755","97749854"
"34753","78889755","78889360"
"34754","80128125","86686129"
"34755","80128125","88671572"
"34756","86679884","86686406"
"34757","86679884","104178008"
"34758","88625319","97749524"
"34759","88625319","97752011"
"34760","88671338","103491839"
"34761","88671338","88619441"
"34762","92251634","78894627"
"34763","92251634","103086434"
"34764","92445863","103341469"
"34765","92445863","99977201"
"34766","94197066","80127174"
"34767","94197066","78895057"
"34768","96097261","103491838"
"34769","96097262","97751365"
"34770","96097265","94201362"
"34771","96097266","88625380"
"34772","96097266","97749354"
"34773","96097269","97754185"
"34774","96097270","99978877"
"34775","96097548","103504434"
"34776","97747518","65800313"
"34777","97747796","92253754"
"34778","97747797","78891475"
"34779","97747800","99979192"
"34780","97747800","103338964"
"34781","97747801","103340818"
"34782","97747804","80126635"
"34783","97747805","94196738"
"34784","99972708","104172646"
"34785","99972986","88619588"
"34786","99972987","78891875"
"34787","99972990","99976770"
"34788","99972990","71487931"
"34789","99972991","88671319"
"34790","99972994","65802856"
"34791","99972995","94203814"
"34792","96093374","92253862"
"34793","96093374","104174039"
"34794","96093374","69502262"
"34795","96093374","59671170"
"34796","96093374","78895542"
"34797","96095601","78892070"
"34798","96095601","94197990"
"34799","97749464","65801708"
"34800","97749464","97746923"
"34801","97751690","88625319"
"34802","97751690","96090828"
"34803","97751690","65799695"
"34804","97751690","69504630"
"34805","97751690","86684754"
"34806","99974654","86684726"
"34807","99974654","92252560"
"34808","99976880","80128138"
"34809","99976880","69502619"
"34810","99976880","96097868"
"34811","99976880","71485343"
"34812","99976880","64910364"
"34813","103080233","96090896"
"34814","103080233","88678302"
"34815","103082539","96090869"
"34816","103082539","97748374"
"34817","103083599","94201395"
"34818","103083599","103086313"
"34819","103084929","78892051"
"34820","103086834","92440242"
"34821","103086834","67692290"
"34822","103335303","88620982"
"34823","103335303","78891041"
"34824","103337609","99972540"
"34825","103337609","97753518"
"34826","103338669","104177029"
"34827","103338669","103085732"
"34828","103339999","92439060"
"34829","103341904","103081220"
"34830","103341904","99978725"
"34831","103490602","99978345"
"34832","103490602","103336294"
"34833","103492908","88623115"
"34834","103492908","65801226"
"34835","103493890","103336293"
"34836","103494680","103343344"
"34837","103494680","99974702"
"34838","103504450","88676224"
"34839","103504450","80129656"
"34840","104170377","86681122"
"34841","104170377","88671133"
"34842","104172683","71489890"
"34843","104172683","92441525"
"34844","104173743","88678349"
"34845","104173743","103492908"
"34846","104175073","88673290"
"34847","104176978","96097744"
"34848","104176978","103492948"
"34849","58280733","103342826"
"34850","59213380","96097268"
"34851","59665063","99977519"
"34852","61581007","78891507"
"34853","61685832","92440981"
"34854","61773726","86686380"
"34855","62957128","78889989"
"34856","62957557","104171618"
"34857","64912360","103336726"
"34858","64913024","103336321"
"34859","64913024","104171616"
"34860","64913237","103336281"
"34861","64913237","71487951"
"34862","64913977","65987184"
"34863","64916511","64914769"
"34864","64916511","92441454"
"34865","64979686","64912455"
"34866","65799692","71489236"
"34867","65800454","64913979"
"34868","65800454","92441566"
"34869","65800675","103336213"
"34870","65800675","67690349"
"34871","65801415","86685024"
"34872","65803992","103494417"
"34873","65803992","103081786"
"34874","65985929","103501717"
"34875","67692800","80125914"
"34876","67692800","103502460"
"34877","67693569","71484741"
"34878","67693569","99973474"
"34879","67693790","67695456"
"34880","67693790","104178565"
"34881","67694530","69504456"
"34882","67697151","86681823"
"34883","67697151","80129486"
"34884","69502588","86678130"
"34885","69502588","67695338"
"34886","69503373","97753064"
"34887","69503373","104172691"
"34888","69503594","103088491"
"34889","69503594","96091753"
"34890","69504334","92440871"
"34891","69507013","80129840"
"34892","69507013","94199250"
"34893","71485264","67695437"
"34894","71485264","86680803"
"34895","71486054","69505426"
"34896","71486054","97747093"
"34897","71486276","78896558"
"34898","71486276","86681969"
"34899","71487016","103082646"
"34900","71489709","80121009"
"34901","71489709","96094756"
"34902","78888394","103491917"
"34903","78888394","97745569"
"34904","78890743","92251299"
"34905","78890743","104178099"
"34906","78891803","88625628"
"34907","78891803","99972490"
"34908","78893134","103083613"
"34909","78895040","96091670"
"34910","78895040","64914276"
"34911","80122840","78894630"
"34912","80122840","67695614"
"34913","80124746","92440711"
"34914","80126077","97751576"
"34915","80126077","94195709"
"34916","80127137","71486298"
"34917","80127137","78891158"
"34918","80129486","99973154"
"34919","80129486","103504145"
"34920","86678523","103336296"
"34921","86678523","80121847"
"34922","86680872","97753766"
"34923","86680872","80127134"
"34924","86681932","80121865"
"34925","86681932","99977313"
"34926","86683262","103339776"
"34927","86685168","103501847"
"34928","86685168","64913536"
"34929","88620035","97746903"
"34930","88620035","65797827"
"34931","88621941","78894079"
"34932","88623271","71487018"
"34933","88623271","80123290"
"34934","88624331","97751614"
"34935","88624331","69504848"
"34936","88626680","104177450"
"34937","88626680","103080154"
"34938","88669977","104178635"
"34939","88669977","103493213"
"34940","88672326","99976758"
"34941","88672326","103491651"
"34942","88673386","92446181"
"34943","88673386","92440977"
"34944","88674716","78889757"
"34945","88676622","92445783"
"34946","88676622","96092785"
"34947","92250273","94201830"
"34948","92250273","88618593"
"34949","92252622","64915132"
"34950","92252622","104171162"
"34951","92253682","96091468"
"34952","92253682","96090774"
"34953","92255012","88625625"
"34954","92256918","78896664"
"34955","92256918","92257077"
"34956","92440579","103082544"
"34957","92440579","104174855"
"34958","92442485","97752580"
"34959","92443815","97749024"
"34960","92443815","94201477"
"34961","92444875","78889967"
"34962","92444875","58280784"
"34963","92447224","103490613"
"34964","92447224","80122381"
"34965","94195706","92256019"
"34966","94195706","88624400"
"34967","94198054","104176569"
"34968","94198054","65800248"
"34969","94199114","96093489"
"34970","94199114","104171681"
"34971","94200444","92440080"
"34972","94202350","92442478"
"34973","94202350","88676718"
"34974","96093376","94202218"
"34975","96095737","88620934"
"34976","96095737","92445360"
"34977","96097549","80125908"
"34978","97747517","92439594"
"34979","97747517","103081788"
"34980","97749328","80127621"
"34981","97749328","103342698"
"34982","97751688","80129879"
"34983","99972707","103491183"
"34984","99972707","104178501"
"34985","99974518","104172697"
"34986","99974518","88678108"
"34987","99976878","103088071"
"34988","103083266","86684213"
"34989","103087752","103339789"
"34990","103087752","88620133"
"34991","103087752","97748270"
"34992","103087752","78891249"
"34993","103087993","97749030"
"34994","103087993","80122482"
"34995","103087993","71487130"
"34996","103087994","67695999"
"34997","103088264","97751578"
"34998","103088264","92257077"
"34999","103088277","94203304"
"35000","103338336","97749523"
"35001","103342822","104177593"
"35002","103342822","88673681"
"35003","103342822","86680795"
"35004","103342822","97747317"
"35005","103343063","64916741"
"35006","103343063","65986994"
"35007","103343063","99977993"
"35008","103343064","80118947"
"35009","103343334","72766493"
"35010","103343334","61681332"
"35011","103343347","104173487"
"35012","103493635","86680873"
"35013","103495460","80123824"
"35014","103495460","103081258"
"35015","103495473","99974549"
"35016","103501583","71483208"
"35017","103501584","65985717"
"35018","103501584","80125818"
"35019","103501584","58144320"
"35020","103501783","103494394"
"35021","103501783","92439116"
"35022","103501783","78890992"
"35023","103501783","64915231"
"35024","104173410","69722536"
"35025","104177896","97753315"
"35026","104177896","88625621"
"35027","104177896","97747200"
"35028","104177896","92436718"
"35029","104178137","103082434"
"35030","104178137","69507110"
"35031","104178137","92443896"
"35032","104178138","92440987"
"35033","104178408","86681593"
"35034","104178408","97751556"
"35035","104178421","88624192"
"35036","62961202","88673088"
"35037","64915837","103336662"
"35038","64915837","104177478"
"35039","64915837","99977914"
"35040","64915837","103083618"
"35041","65803317","88625334"
"35042","65803317","62961143"
"35043","65803317","96095223"
"35044","65803317","71482433"
"35045","65804108","69503485"
"35046","65988746","97749604"
"35047","65988746","88622976"
"35048","67694758","96095724"
"35049","67696430","92256522"
"35050","67696430","96099224"
"35051","67696430","69505262"
"35052","67696430","92252539"
"35053","67697259","103493987"
"35054","67697272","99977714"
"35055","67697272","80126631"
"35056","67697272","88618911"
"35057","69503103","88621019"
"35058","69504563","65804222"
"35059","69506255","65802555"
"35060","69506255","103491452"
"35061","69506255","94203343"
"35062","69506255","62959548"
"35063","69507119","103494437"
"35064","69507132","103495601"
"35065","69507132","104178213"
"35066","69507132","94202388"
"35067","71485775","104174850"
"35068","71485784","86686364"
"35069","71485784","67697259"
"35070","71487245","88623249"
"35071","71488946","78896173"
"35072","71488946","97754233"
"35073","71488946","64914770"
"35074","71488946","65798076"
"35075","71489818","92441534"
"35076","71489831","104178500"
"35077","71489831","103083585"
"35078","71489831","86682893"
"35079","78891470","71486379"
"35080","78895961","69504904"
"35081","78895961","88618523"
"35082","78895961","71488413"
"35083","78895961","86684584"
"35084","78896202","104174249"
"35085","78896202","103083260"
"35086","78896202","65985428"
"35087","78896203","96097757"
"35088","78896473","103495396"
"35089","78896486","103502430"
"35090","80121394","97748452"
"35091","80121394","86684213"
"35092","80121407","80122339"
"35093","80121407","97746939"
"35094","80121677","78896525"
"35095","80121678","88672256"
"35096","80121678","92441449"
"35097","80121678","104171677"
"35098","80121919","86680851"
"35099","80121919","92256481"
"35100","80121919","71487338"
"35101","80121919","80123245"
"35102","80126410","80122676"
"35103","86681599","80124049"
"35104","86686089","71485508"
"35105","86686089","94203558"
"35106","86686089","88677746"
"35107","86686089","78889335"
"35108","86686330","78889429"
"35109","86686330","64916687"
"35110","86686330","92252183"
"35111","86686331","88627067"
"35112","86686601","67695851"
"35113","86686601","88672329"
"35114","86686614","71486259"
"35115","88618589","94195675"
"35116","88618602","92443540"
"35117","88618602","71485759"
"35118","88618872","88619536"
"35119","88618873","99972283"
"35120","88618873","96092007"
"35121","88618873","94195723"
"35122","88619114","96092782"
"35123","88619114","80127032"
"35124","88619114","71485329"
"35125","88619114","103081223"
"35126","88623604","92446197"
"35127","88673053","65799174"
"35128","88677543","88676959"
"35129","88677543","71489242"
"35130","88677543","97752195"
"35131","88677543","103335294"
"35132","88677784","99979272"
"35133","88677784","92441564"
"35134","88677784","69507240"
"35135","88677785","67693990"
"35136","88678055","94203325"
"35137","88678055","71487144"
"35138","88678068","96092438"
"35139","92253349","69502795"
"35140","92257839","88619984"
"35141","92257839","88671338"
"35142","92257839","88624229"
"35143","92257839","88672239"
"35144","92258080","94203948"
"35145","92258080","72764073"
"35146","92258080","92441523"
"35147","92258081","99977677"
"35148","92258351","103339177"
"35149","92258351","65987143"
"35150","92258364","67694048"
"35151","92439133","94196808"
"35152","92439146","94203087"
"35153","92439146","92445408"
"35154","92439416","103503944"
"35155","92439417","78891505"
"35156","92439417","80127609"
"35157","92439417","97747800"
"35158","92439658","80127219"
"35159","92439658","103341615"
"35160","92439658","69503951"
"35161","92439658","86678368"
"35162","92444148","78889335"
"35163","94198781","103087038"
"35164","94203271","88623879"
"35165","94203271","92253375"
"35166","94203271","103343139"
"35167","94203271","88624287"
"35168","94203512","67693483"
"35169","94203512","103086539"
"35170","94203512","103340957"
"35171","94203513","65801737"
"35172","94203783","103081227"
"35173","94203783","62959547"
"35174","94203796","92441419"
"35175","96091055","96092137"
"35176","96091068","69507095"
"35177","96091068","103081537"
"35178","96091338","97745578"
"35179","96091376","103495468"
"35180","96091580","64914132"
"35181","96091580","104171677"
"35182","96091580","69502296"
"35183","96092024","97753597"
"35184","96092334","103082479"
"35185","96095923","104177933"
"35186","96096179","88624778"
"35187","96096179","80121906"
"35188","96096339","78890751"
"35189","96096492","103349331"
"35190","96096499","88677418"
"35191","96096499","88674509"
"35192","96096634","80128188"
"35193","96097440","103082541"
"35194","97747626","65990682"
"35195","97748431","86679543"
"35196","97748566","96091064"
"35197","97748566","80127794"
"35198","97748573","99970999"
"35199","97748726","88672322"
"35200","97748886","99974536"
"35201","97749142","103083307"
"35202","97752730","86680831"
"35203","97753039","96097766"
"35204","97753481","97750319"
"35205","97753481","65804129"
"35206","97753481","88673351"
"35207","97753685","69503100"
"35208","97753723","80127156"
"35209","97753993","94204179"
"35210","97753993","78892941"
"35211","97754006","96093376"
"35212","99972816","94197066"
"35213","99973621","97753056"
"35214","99973756","65987210"
"35215","99973756","80121426"
"35216","99973763","96099298"
"35217","99973916","71486391"
"35218","99974076","88619576"
"35219","99974076","94196646"
"35220","99974332","69502257"
"35221","99977920","94200226"
"35222","99978229","86684753"
"35223","99978671","99979278"
"35224","99978671","80128446"
"35225","99978671","103502418"
"35226","99978875","71485268"
"35227","99978913","69502581"
"35228","99979183","99972093"
"35229","99979183","103504229"
"35230","99979196","65801770"
"35231","103082234","88676550"
"35232","103337304","88620972"
"35233","103492603","99975495"
"35234","104172378","103337524"
"35235","86680567","103504485"
"35236","88672021","86684185"
"35237","92252317","99972975"
"35238","92445180","97752912"
"35239","94197749","96091522"
"35240","103083728","92441664"
"35241","103083728","92445310"
"35242","103083728","65801519"
"35243","103086316","92257033"
"35244","103086316","92441541"
"35245","103338798","97746010"
"35246","103338798","78896203"
"35247","103338798","104176109"
"35248","103341386","99974702"
"35249","103341386","80123218"
"35250","103502210","94202368"
"35251","103502210","103085888"
"35252","103504321","97752582"
"35253","103504321","99979271"
"35254","103504321","103083090"
"35255","104173872","103338695"
"35256","104173872","103343574"
"35257","104173872","96093484"
"35258","104173872","92257417"
"35259","104176460","104178803"
"35260","104176460","103501609"
"35261","62957806","92255720"
"35262","62962001","78890552"
"35263","62962041","94202465"
"35264","64916694","103343063"
"35265","64916694","69508378"
"35266","64916734","65804167"
"35267","64916734","92443510"
"35268","65804176","103338827"
"35269","65804176","88620177"
"35270","65804216","67693302"
"35271","65804216","69505819"
"35272","65989604","96091349"
"35273","65989644","92255980"
"35274","67697340","92257911"
"35275","67697340","92255983"
"35276","67697372","104177952"
"35277","67697372","71485504"
"35278","69507200","64912768"
"35279","69507200","92440994"
"35280","69507233","99978956"
"35281","69507233","78895970"
"35282","71489899","78894481"
"35283","71489899","80123782"
"35284","71489932","96092138"
"35285","71489932","80123824"
"35286","78891932","103337142"
"35287","78891932","88623001"
"35288","78894522","64915795"
"35289","78894522","67693298"
"35290","80123358","92255956"
"35291","80123358","65988281"
"35292","80125948","96093447"
"35293","80125948","80125801"
"35294","86682061","65989524"
"35295","86682061","78890260"
"35296","86684650","86684766"
"35297","86684650","88623832"
"35298","88620553","69500531"
"35299","88620553","88676500"
"35300","88623142","103338691"
"35301","88623142","64914275"
"35302","88673515","104171303"
"35303","88673515","92441099"
"35304","88676104","92444983"
"35305","88676104","103083413"
"35306","92253811","97751601"
"35307","92253811","94195706"
"35308","92256400","92444984"
"35309","92256400","96091540"
"35310","92441097","94196733"
"35311","92441097","71486534"
"35312","92443686","92445919"
"35313","92443686","104173302"
"35314","94199243","64913848"
"35315","94199243","67692278"
"35316","94199243","99978963"
"35317","94201832","97749484"
"35318","94201832","64916589"
"35319","96095608","103503343"
"35320","96095608","97751701"
"35321","96095608","78895281"
"35322","96095987","88620327"
"35323","96095987","103343094"
"35324","97749078","88673388"
"35325","97749078","92253953"
"35326","97749457","97752497"
"35327","97749457","97753489"
"35328","97749457","96096033"
"35329","99974268","65802343"
"35330","99974268","71491071"
"35331","99974647","65986143"
"35332","99974647","65797039"
"35333","99974647","69505359"
"35334","103081547","64914975"
"35335","103081547","92439740"
"35336","103082353","99976792"
"35337","103086439","78895514"
"35338","103087088","61768794"
"35339","103087111","71485757"
"35340","103087112","62960663"
"35341","103087113","86681076"
"35342","103087115","80123794"
"35343","103336617","103083894"
"35344","103336617","104176419"
"35345","103337423","103504146"
"35346","103337423","103083046"
"35347","103341509","86678534"
"35348","103342158","71488048"
"35349","103342181","97753518"
"35350","103342182","92440992"
"35351","103342183","103504270"
"35352","103342185","64914975"
"35353","103491916","67694097"
"35354","103491916","78895357"
"35355","103492722","94202671"
"35356","103494446","71482750"
"35357","103494924","64914162"
"35358","103494925","72815682"
"35359","103494926","64912062"
"35360","103494928","64914789"
"35361","104171691","103336321"
"35362","104171691","103342928"
"35363","104172497","69503271"
"35364","104172497","103086785"
"35365","104176583","92252780"
"35366","104177232","97753296"
"35367","104177255","104176600"
"35368","104177256","78888393"
"35369","104177257","94206639"
"35370","104177259","104174253"
"35371","62957573","86684178"
"35372","62959607","88673380"
"35373","62959610","80123258"
"35374","62959613","86684180"
"35375","62959640","67694851"
"35376","64912376","92444079"
"35377","64912376","71486377"
"35378","64914303","86685229"
"35379","64914304","103504231"
"35380","64914305","86680878"
"35381","64914316","65987387"
"35382","65799708","99972542"
"35383","65799708","78894217"
"35384","65801761","80128515"
"35385","65801762","69502139"
"35386","65801763","97749340"
"35387","65801774","103492825"
"35388","65985278","94201952"
"35389","65985278","69504544"
"35390","65987212","92254690"
"35391","65987213","88616312"
"35392","65987214","94202071"
"35393","65987225","103495438"
"35394","67692816","67694852"
"35395","67692816","71484976"
"35396","67694876","88671330"
"35397","67694877","88678061"
"35398","67694878","104173234"
"35399","67694889","104177016"
"35400","69502604","92252517"
"35401","69502604","88673429"
"35402","69504681","94199100"
"35403","69504682","104172638"
"35404","69504683","88675627"
"35405","69504694","67692371"
"35406","71485280","88676355"
"35407","71485280","71487858"
"35408","71486090","64912738"
"35409","71486090","88671862"
"35410","71487363","67693828"
"35411","71487364","67696753"
"35412","71487365","103336541"
"35413","71487376","97749232"
"35414","78889750","86684892"
"35415","78889750","71489828"
"35416","78890557","103494423"
"35417","78890557","86678444"
"35418","78895318","103081304"
"35419","78895319","65802342"
"35420","78895320","94198359"
"35421","78895322","97753485"
"35422","80122558","92443842"
"35423","80122560","94203774"
"35424","80122561","69499907"
"35425","80122562","92445872"
"35426","80127323","104171457"
"35427","80127323","103083612"
"35428","80128130","92252089"
"35429","80128130","104170022"
"35430","86679879","96092406"
"35431","86679879","92440990"
"35432","86680686","104173874"
"35433","86684773","94197570"
"35434","86685446","78895337"
"35435","86685447","103336616"
"35436","86685448","92255933"
"35437","86685450","97753823"
"35438","88619753","104171697"
"35439","88619755","88672780"
"35440","88619756","88624440"
"35441","88619757","92250273"
"35442","88624517","103340921"
"35443","88625324","86684800"
"35444","88625324","97748270"
"35445","88671333","65987142"
"35446","88671333","78895237"
"35447","88672140","96092631"
"35448","88676227","92256918"
"35449","88676900","103341386"
"35450","88676901","92254659"
"35451","88676902","80121529"
"35452","88676904","103081491"
"35453","92251629","103341506"
"35454","92251629","67694347"
"35455","92256523","103494144"
"35456","92257173","92253707"
"35457","92257196","88618872"
"35458","92257197","80121915"
"35459","92257198","103343142"
"35460","92257200","103087752"
"35461","92440297","80121377"
"35462","92440299","104171617"
"35463","92440300","92254681"
"35464","92440301","80121304"
"35465","92445868","69500378"
"35466","92445868","103336389"
"35467","94197061","97751626"
"35468","94197061","97752419"
"35469","94197868","103085894"
"35470","94197868","92443567"
"35471","94201955","65797205"
"35472","94202605","97748683"
"35473","94202628","103085847"
"35474","94202629","97749365"
"35475","94202630","104176019"
"35476","94202632","104172703"
"35477","96093382","103087589"
"35478","96093382","92250264"
"35479","96097543","92253376"
"35480","96099138","103336283"
"35481","97745969","65797730"
"35482","97747523","92256474"
"35483","97751682","80125848"
"35484","97751682","65802353"
"35485","99971159","103083830"
"35486","99972713","103494390"
"35487","99976872","92258332"
"35488","99976872","103081472"
"35489","103080227","69504881"
"35490","103080227","97753173"
"35491","103086414","69504535"
"35492","103086415","103081269"
"35493","103086435","94198009"
"35494","103086579","86678517"
"35495","103087087","69502588"
"35496","103087087","103343364"
"35497","103087274","71482624"
"35498","103335297","71483127"
"35499","103335297","97748413"
"35500","103341484","94197749"
"35501","103341485","92249917"
"35502","103341505","96093159"
"35503","103341649","88670005"
"35504","103342157","92439779"
"35505","103342157","64913133"
"35506","103342344","71487325"
"35507","103490596","67695444"
"35508","103490596","86684214"
"35509","103494421","99972240"
"35510","103494422","94196982"
"35511","103494442","96096836"
"35512","103494567","86681229"
"35513","103494900","92447400"
"35514","103494900","104172724"
"35515","103501899","65802346"
"35516","104170371","103085902"
"35517","104170371","80122513"
"35518","104176558","67691032"
"35519","104176559","80122543"
"35520","104176579","80127764"
"35521","104176723","71482569"
"35522","104177231","99973439"
"35523","104177231","103336706"
"35524","104177418","103086435"
"35525","57824021","92253871"
"35526","58144306","103087630"
"35527","62957152","92439441"
"35528","62959889","78890297"
"35529","64911928","78891832"
"35530","64914260","92252183"
"35531","64914261","103083257"
"35532","64914264","64913650"
"35533","64914294","86681923"
"35534","64914502","103495087"
"35535","64915063","103341352"
"35536","65799253","64913977"
"35537","65801718","103504292"
"35538","65801719","86679980"
"35539","65801722","94201404"
"35540","65801752","86682128"
"35541","65801960","62959773"
"35542","65802523","86683069"
"35543","65987169","64915128"
"35544","65987170","92251550"
"35545","65987173","103493157"
"35546","65987203","65800200"
"35547","65987411","103337724"
"35548","67692360","69505430"
"35549","67694833","65987374"
"35550","67694834","65805294"
"35551","67694837","92256920"
"35552","67694867","88677461"
"35553","67695075","96091522"
"35554","67695654","86679925"
"35555","69502147","103494149"
"35556","69504638","92443266"
"35557","69504639","88624638"
"35558","69504642","65802356"
"35559","69504672","69507239"
"35560","69504880","97749464"
"35561","69505460","104173963"
"35562","71484820","86679871"
"35563","71487320","103081213"
"35564","71487321","64984098"
"35565","71487324","92444318"
"35566","71487354","64914797"
"35567","71487562","69505525"
"35568","71488142","99974743"
"35569","78888388","94198516"
"35570","78894620","88675677"
"35571","78894621","86681932"
"35572","78894641","78896015"
"35573","78894785","92253866"
"35574","78895294","94197150"
"35575","78895481","104177332"
"35576","80122399","92446255"
"35577","80122586","80123222"
"35578","80122586","80121704"
"35579","80123095","92251639"
"35580","80123239","94202683"
"35581","80123259","86684226"
"35582","80123260","86680407"
"35583","80129492","94201562"
"35584","86678517","92252628"
"35585","86678517","78894172"
"35586","86684748","94201335"
"35587","86684749","103494812"
"35588","86684769","92441534"
"35589","86684913","96091571"
"35590","86685422","103087399"
"35591","86685422","86679590"
"35592","86685609","67696013"
"35593","88619594","103343113"
"35594","88619781","94202851"
"35595","88619781","69502592"
"35596","88620290","103081859"
"35597","88620434","65803278"
"35598","88620454","96097716"
"35599","88620455","103086420"
"35600","88626686","94201141"
"35601","88626686","96093447"
"35602","88669971","88671287"
"35603","88669971","103086436"
"35604","88676202","71486258"
"35605","88676203","99978984"
"35606","88676223","103336313"
"35607","88676367","64917812"
"35608","88676876","103081648"
"35609","88676876","67692868"
"35610","88677063","65801755"
"35611","92250267","80125804"
"35612","92250267","94202997"
"35613","92256498","92256493"
"35614","92256499","92255969"
"35615","92256519","86684066"
"35616","92256663","65801570"
"35617","92257172","97752431"
"35618","92257172","103495417"
"35619","92257359","92252880"
"35620","92440138","71489289"
"35621","92440325","94199303"
"35622","92440325","94197061"
"35623","92440834","92252927"
"35624","92440978","103084936"
"35625","92440998","65801786"
"35626","92440999","99972832"
"35627","92447230","80118890"
"35628","92447230","96095461"
"35629","94195700","96091062"
"35630","94195700","86686302"
"35631","94201930","80125888"
"35632","94201931","88677947"
"35633","94201951","94205868"
"35634","94202095","103085735"
"35635","94202604","71489287"
"35636","94202604","94203279"
"35637","94202791","92256483"
"35638","96093515","96097435"
"35639","96093516","80125568"
"35640","97751549","71487258"
"35641","99976739","80126830"
"35642","103086541","86680830"
"35643","103087190","94200236"
"35644","103341611","94198095"
"35645","103342260","103337567"
"35646","103494529","88677599"
"35647","103501982","96097789"
"35648","104176685","69503074"
"35649","104177334","92443871"
"35650","57824030","103080258"
"35651","58144315","92444146"
"35652","62958283","88619423"
"35653","62958322","103340967"
"35654","62958554","94201474"
"35655","62958696","99973440"
"35656","62958696","92253351"
"35657","62958806","88677107"
"35658","62958806","103492849"
"35659","62959851","103494586"
"35660","64914464","88625324"
"35661","65801922","64914836"
"35662","65802351","86684214"
"35663","65987373","94198869"
"35664","67695037","67695839"
"35665","67695466","92440858"
"35666","69504842","94202350"
"35667","69505272","65801620"
"35668","71487524","96091058"
"35669","71487954","97752919"
"35670","78894747","67695551"
"35671","78895397","103080223"
"35672","80122483","92439336"
"35673","80123133","67690260"
"35674","86684875","104173775"
"35675","86685525","94203274"
"35676","88619678","103081884"
"35677","88620328","94202301"
"35678","88676329","94202944"
"35679","88676979","97749350"
"35680","92256625","97754194"
"35681","92257275","88624032"
"35682","92440222","88676972"
"35683","92440872","88671005"
"35684","94202057","103341855"
"35685","94202707","103086579"
"35686","96091761","67692368"
"35687","96092144","65802255"
"35688","96092145","96092576"
"35689","96092164","103342830"
"35690","96092386","103342484"
"35691","96092983","86681378"
"35692","96095207","62959877"
"35693","96095207","104171287"
"35694","96095207","94203591"
"35695","96095212","88676552"
"35696","96095212","99979262"
"35697","96095212","86678168"
"35698","96096547","88676226"
"35699","96096905","96090897"
"35700","96096905","103491638"
"35701","96096905","103492154"
"35702","96097705","67690963"
"35703","96097705","97752609"
"35704","96097705","78894614"
"35705","96097705","61769241"
"35706","97745994","88673232"
"35707","97747361","97751587"
"35708","97747361","99974210"
"35709","97747361","64915031"
"35710","97747361","65801742"
"35711","97748160","61773765"
"35712","97748160","92256449"
"35713","97748160","78889736"
"35714","97748518","103342266"
"35715","97749853","103504438"
"35716","97749853","94197299"
"35717","97749853","103341487"
"35718","97749858","65804169"
"35719","97749858","71487250"
"35720","97749858","78894108"
"35721","97752081","104170232"
"35722","97752678","99974707"
"35723","97752899","80122938"
"35724","97752918","96099129"
"35725","97752919","78892314"
"35726","99971184","71484990"
"35727","99972551","92253513"
"35728","99972551","99971200"
"35729","99972551","103335306"
"35730","99972551","99972716"
"35731","99973350","67694635"
"35732","99973350","86679664"
"35733","99973350","97748720"
"35734","99973708","65801614"
"35735","99975043","103493629"
"35736","99975043","92257950"
"35737","99975043","78895879"
"35738","99975048","103492821"
"35739","99975048","97753775"
"35740","99975048","80127039"
"35741","99977271","94203791"
"35742","99977868","78890700"
"35743","99978089","78891773"
"35744","99978108","86680784"
"35745","99978109","103081268"
"35746","103080156","104174251"
"35747","103080240","103336230"
"35748","103080240","92257945"
"35749","103080240","86685528"
"35750","103081139","80123361"
"35751","103081210","88620445"
"35752","103081210","71487561"
"35753","103081630","62954957"
"35754","103081630","71489900"
"35755","103082537","65801087"
"35756","103082537","104178422"
"35757","103082538","65801524"
"35758","103082538","94203787"
"35759","103082538","78891694"
"35760","103083089","67694854"
"35761","103083089","92443790"
"35762","103083290","96097496"
"35763","103083290","80123265"
"35764","103083294","88671068"
"35765","103083342","64915038"
"35766","103083344","103492445"
"35767","103083344","92252518"
"35768","103083412","99972141"
"35769","103083489","103494152"
"35770","103083491","103494042"
"35771","103083502","64914464"
"35772","103083502","71485781"
"35773","103083605","103081211"
"35774","103084124","103082537"
"35775","103084124","88674382"
"35776","103084124","80123303"
"35777","103084129","80127132"
"35778","103084129","88676976"
"35779","103084129","71484812"
"35780","103086059","103083795"
"35781","103086285","80125882"
"35782","103086285","71485291"
"35783","103086402","69507102"
"35784","103086403","88673079"
"35785","103086404","96092013"
"35786","103086536","78891826"
"35787","103086540","86681823"
"35788","103086540","103494438"
"35789","103086566","78888405"
"35790","103086568","92443871"
"35791","103086578","88624026"
"35792","103086597","88674366"
"35793","103086605","96089119"
"35794","103086605","88671854"
"35795","103086871","94203274"
"35796","103086992","64979688"
"35797","103087024","99977759"
"35798","103087024","97747272"
"35799","103087039","103495467"
"35800","103087096","65805336"
"35801","103087097","99972543"
"35802","103087098","103342231"
"35803","103087099","103493717"
"35804","103087105","103082073"
"35805","103087106","103493458"
"35806","103087108","103342158"
"35807","103087109","104171362"
"35808","103087116","94196736"
"35809","103087122","65804723"
"35810","103087123","86682088"
"35811","103087185","86684297"
"35812","103087187","103343112"
"35813","103087187","86684733"
"35814","103087189","65800178"
"35815","103087193","96093491"
"35816","103087237","103342263"
"35817","103087285","103501729"
"35818","103087330","69503951"
"35819","103087330","61581009"
"35820","103087330","67695098"
"35821","103087330","78890724"
"35822","103087330","104177979"
"35823","103087330","97751905"
"35824","103087330","96091269"
"35825","103087753","88671327"
"35826","103087787","103083916"
"35827","103087804","103081648"
"35828","103087804","97747004"
"35829","103087804","92255923"
"35830","103087805","97749834"
"35831","103087807","86685229"
"35832","103087815","67695654"
"35833","103087815","94203383"
"35834","103087815","94198468"
"35835","103087854","99971053"
"35836","103087856","97748225"
"35837","103087857","92439735"
"35838","103087859","65800205"
"35839","103087860","86686103"
"35840","103087862","69502826"
"35841","103087959","80121634"
"35842","103087992","103494531"
"35843","103088026","69505245"
"35844","103088063","96097266"
"35845","103088067","71489891"
"35846","103088263","92440389"
"35847","103088263","78896249"
"35848","103088265","88620990"
"35849","103088266","104178190"
"35850","103088266","92252625"
"35851","103088266","62960209"
"35852","103088267","88619050"
"35853","103088268","103081245"
"35854","103088268","88676546"
"35855","103088268","104170379"
"35856","103088269","96092048"
"35857","103088276","96090989"
"35858","103088276","88618571"
"35859","103088278","99976765"
"35860","103088293","78890639"
"35861","103089251","64914754"
"35862","103089334","65804120"
"35863","103335226","96096884"
"35864","103335310","94201108"
"35865","103335310","88678111"
"35866","103335310","96095581"
"35867","103336209","69500860"
"35868","103336280","71489255"
"35869","103336280","94203792"
"35870","103336700","97754185"
"35871","103336700","80123783"
"35872","103337607","67695615"
"35873","103337607","99979681"
"35874","103337608","88677202"
"35875","103337608","92258128"
"35876","103337608","88676237"
"35877","103338159","62955085"
"35878","103338159","103491701"
"35879","103338360","104171398"
"35880","103338360","80121624"
"35881","103338364","65804168"
"35882","103338412","71489696"
"35883","103338414","104177279"
"35884","103338414","80125546"
"35885","103338482","94202205"
"35886","103338559","71487371"
"35887","103338561","67697368"
"35888","103338572","71485843"
"35889","103338572","94201476"
"35890","103338675","104178108"
"35891","103339194","86684290"
"35892","103339194","96091525"
"35893","103339194","104177015"
"35894","103339199","69504837"
"35895","103339199","88622207"
"35896","103339199","80126385"
"35897","103341129","103495465"
"35898","103341355","103501847"
"35899","103341355","94195705"
"35900","103341472","96098113"
"35901","103341473","88671003"
"35902","103341474","103501781"
"35903","103341606","72817690"
"35904","103341610","99978675"
"35905","103341610","88618825"
"35906","103341636","78890304"
"35907","103341638","92250298"
"35908","103341648","104173588"
"35909","103341667","99978726"
"35910","103341675","78892081"
"35911","103341675","88625508"
"35912","103341941","80122889"
"35913","103342062","97747589"
"35914","103342094","88677189"
"35915","103342094","94196735"
"35916","103342109","92440835"
"35917","103342166","103086696"
"35918","103342167","94196646"
"35919","103342168","69503148"
"35920","103342169","69502807"
"35921","103342175","92251304"
"35922","103342176","92252562"
"35923","103342178","92439133"
"35924","103342179","103087193"
"35925","103342186","103501783"
"35926","103342192","103493465"
"35927","103342193","97749524"
"35928","103342255","80126638"
"35929","103342257","94199111"
"35930","103342257","96098451"
"35931","103342259","103490630"
"35932","103342263","96096003"
"35933","103342307","78892034"
"35934","103342355","103491708"
"35935","103342400","88673397"
"35936","103342400","92436720"
"35937","103342400","71489246"
"35938","103342400","97746965"
"35939","103342400","88618357"
"35940","103342400","99973396"
"35941","103342400","80125565"
"35942","103342823","88673089"
"35943","103342857","103342253"
"35944","103342874","65985678"
"35945","103342874","69505444"
"35946","103342874","58336216"
"35947","103342875","71488148"
"35948","103342877","96096640"
"35949","103342885","71489713"
"35950","103342885","92439924"
"35951","103342885","88671055"
"35952","103342924","103337712"
"35953","103342926","64912526"
"35954","103342927","78896066"
"35955","103342929","88671334"
"35956","103342930","59658852"
"35957","103342932","71489844"
"35958","103343029","99978680"
"35959","103343062","80121328"
"35960","103343096","80121014"
"35961","103343133","86681938"
"35962","103343137","88624348"
"35963","103343333","103494530"
"35964","103343333","103342192"
"35965","103343335","88677124"
"35966","103343336","103342933"
"35967","103343336","96091057"
"35968","103343336","96091016"
"35969","103343337","92258364"
"35970","103343338","67692430"
"35971","103343338","78894085"
"35972","103343338","64914086"
"35973","103343339","80124038"
"35974","103343346","62959888"
"35975","103343346","59213418"
"35976","103343348","88618546"
"35977","103343363","92441568"
"35978","103344321","64911981"
"35979","103344404","69504699"
"35980","103490525","103336707"
"35981","103490609","97749354"
"35982","103490609","92255012"
"35983","103490609","92252579"
"35984","103491508","62957143"
"35985","103491579","94202851"
"35986","103491579","92257413"
"35987","103491999","71487321"
"35988","103491999","86684755"
"35989","103492906","65798052"
"35990","103492906","104173437"
"35991","103492907","86686695"
"35992","103492907","80128084"
"35993","103492907","103337858"
"35994","103493458","103086397"
"35995","103493458","71488117"
"35996","103493659","71487524"
"35997","103493659","96097269"
"35998","103493663","99972154"
"35999","103493711","92443729"
"36000","103493713","69499956"
"36001","103493781","92444073"
"36002","103493858","99972511"
"36003","103493860","71487925"
"36004","103493871","92439167"
"36005","103493871","97752803"
"36006","103494215","103084736"
"36007","103494409","96098112"
"36008","103494410","103336614"
"36009","103494411","78895237"
"36010","103494524","86685028"
"36011","103494528","88619845"
"36012","103494528","86681824"
"36013","103494554","97753179"
"36014","103494556","71487951"
"36015","103494566","92251327"
"36016","103494585","69505272"
"36017","103494593","92439595"
"36018","103494593","104171404"
"36019","103494705","69505113"
"36020","103494809","92253859"
"36021","103494841","103341494"
"36022","103494841","103501612"
"36023","103494852","67694644"
"36024","103494909","88676213"
"36025","103494910","94202826"
"36026","103494911","80122916"
"36027","103494912","64913292"
"36028","103494918","67694869"
"36029","103494919","96097799"
"36030","103494921","80126430"
"36031","103494922","86686040"
"36032","103494929","80126723"
"36033","103494935","103341855"
"36034","103494936","88619744"
"36035","103495374","86684773"
"36036","103495376","103336571"
"36037","103495377","80127246"
"36038","103495379","88677092"
"36039","103495380","67693315"
"36040","103495382","69503512"
"36041","103495397","88677750"
"36042","103495411","92446188"
"36043","103495459","86681623"
"36044","103495459","96092011"
"36045","103495461","67694856"
"36046","103495462","94196670"
"36047","103495462","78895377"
"36048","103495462","92444157"
"36049","103495463","88671416"
"36050","103495464","88618597"
"36051","103495464","96091338"
"36052","103495464","96093462"
"36053","103495465","88620469"
"36054","103495472","92441568"
"36055","103495472","64914134"
"36056","103495474","103081275"
"36057","103496086","103342303"
"36058","103496113","88624347"
"36059","103501370","104176610"
"36060","103501585","94201799"
"36061","103501724","67694659"
"36062","103501724","92446276"
"36063","103501724","80126005"
"36064","103501732","69504631"
"36065","103501734","88678060"
"36066","103501735","65797784"
"36067","103501735","103335148"
"36068","103501735","86682045"
"36069","103501748","78895042"
"36070","103501782","86686406"
"36071","103501849","103083572"
"36072","103501849","78889417"
"36073","103501849","94203280"
"36074","103501849","71485954"
"36075","103501849","103495461"
"36076","103501849","96091374"
"36077","103501849","103338683"
"36078","103501888","67690195"
"36079","103501936","71486125"
"36080","103501979","103491842"
"36081","103501983","69502617"
"36082","103501985","86685287"
"36083","103501985","103337714"
"36084","103501987","92439625"
"36085","103502241","104177960"
"36086","103502241","99979184"
"36087","103503920","71488501"
"36088","103503920","103494425"
"36089","103503920","86682438"
"36090","103503925","80121810"
"36091","103503925","86679638"
"36092","103504444","92440175"
"36093","104170300","103088064"
"36094","104170384","65801957"
"36095","104170384","104175994"
"36096","104170384","96091291"
"36097","104171283","69502155"
"36098","104171354","67695096"
"36099","104171354","92258353"
"36100","104171774","69502656"
"36101","104171774","104172597"
"36102","104172681","103088265"
"36103","104172681","96096750"
"36104","104172682","103079881"
"36105","104172682","71484966"
"36106","104172682","96092386"
"36107","104173233","92254195"
"36108","104173233","65804176"
"36109","104173434","80126334"
"36110","104173434","62959651"
"36111","104173438","86680181"
"36112","104173486","71485512"
"36113","104173488","92253354"
"36114","104173488","92441448"
"36115","104173556","99974260"
"36116","104173633","86682446"
"36117","104173635","103088158"
"36118","104173646","103492894"
"36119","104173646","96093450"
"36120","104173749","104171619"
"36121","104174268","69502604"
"36122","104174268","103086882"
"36123","104174268","88671323"
"36124","104174273","94201513"
"36125","104174273","103502418"
"36126","104174273","92446161"
"36127","104176203","92445346"
"36128","104176429","88673128"
"36129","104176429","103338023"
"36130","104176546","71487361"
"36131","104176547","92447581"
"36132","104176548","92257529"
"36133","104176680","99976916"
"36134","104176684","86680877"
"36135","104176684","97752622"
"36136","104176710","94196737"
"36137","104176712","104178907"
"36138","104176722","80121921"
"36139","104176741","96095982"
"36140","104176749","69502077"
"36141","104176749","97748250"
"36142","104177015","65802741"
"36143","104177136","86685023"
"36144","104177168","103492000"
"36145","104177168","92256923"
"36146","104177183","103501847"
"36147","104177240","88678066"
"36148","104177241","67692812"
"36149","104177242","96092455"
"36150","104177243","97747029"
"36151","104177249","92256130"
"36152","104177250","103490449"
"36153","104177252","103336244"
"36154","104177253","104176032"
"36155","104177260","92439384"
"36156","104177266","103336650"
"36157","104177267","64916597"
"36158","104177329","80126174"
"36159","104177331","94201391"
"36160","104177331","71487948"
"36161","104177333","58280783"
"36162","104177337","92257842"
"36163","104177381","96098510"
"36164","104177429","97754103"
"36165","104177474","78891986"
"36166","104177474","103491530"
"36167","104177474","104177456"
"36168","104177474","71489900"
"36169","104177474","65802247"
"36170","104177474","69503488"
"36171","104177474","103083723"
"36172","104177897","80127881"
"36173","104177931","104172595"
"36174","104177948","103491645"
"36175","104177948","92444111"
"36176","104177948","103492844"
"36177","104177949","80128123"
"36178","104177951","92254678"
"36179","104177959","88673703"
"36180","104177959","78895652"
"36181","104177959","80123078"
"36182","104177998","97753801"
"36183","104178000","69507147"
"36184","104178001","78888001"
"36185","104178003","71487833"
"36186","104178004","69503205"
"36187","104178006","103340949"
"36188","104178103","88673617"
"36189","104178136","94202508"
"36190","104178170","96091367"
"36191","104178207","65987418"
"36192","104178211","80128459"
"36193","104178407","78894079"
"36194","104178407","64913128"
"36195","104178409","103495646"
"36196","104178410","64911936"
"36197","104178410","99976769"
"36198","104178410","86686602"
"36199","104178411","65989421"
"36200","104178412","96091285"
"36201","104178412","88624795"
"36202","104178412","88673388"
"36203","104178413","80128129"
"36204","104178420","103493370"
"36205","104178420","104173769"
"36206","104178422","103492217"
"36207","104178437","97753489"
"36208","104179395","86684216"
"36209","104179478","97745809"
"36210","62955084","80123129"
"36211","62955086","103336291"
"36212","62955090","80129517"
"36213","62955092","67692821"
"36214","62955096","96095547"
"36215","62955098","88623052"
"36216","62955104","86680191"
"36217","62955106","99978589"
"36218","62955109","65801753"
"36219","62955111","94203834"
"36220","62955114","88671329"
"36221","62955116","103504436"
"36222","62955703","97747266"
"36223","62955704","67692909"
"36224","62955897","69502248"
"36225","62955897","104171613"
"36226","62955897","88672625"
"36227","62955897","88620291"
"36228","62955897","88678363"
"36229","62955897","94198028"
"36230","62955897","69505452"
"36231","62957247","92252585"
"36232","62957805","65987399"
"36233","62957921","92440138"
"36234","62957921","97746542"
"36235","62957921","88620084"
"36236","62957938","99972193"
"36237","62957938","65799360"
"36238","62957938","97748160"
"36239","62957939","69504639"
"36240","62957939","71489805"
"36241","62957939","80129515"
"36242","62957940","67693352"
"36243","62957940","86684747"
"36244","62957940","80121376"
"36245","62957985","64912742"
"36246","62957986","86686605"
"36247","62957989","80126185"
"36248","62957990","71485855"
"36249","62957993","88618817"
"36250","62957994","78890664"
"36251","62958282","103086282"
"36252","62958321","103086285"
"36253","62958389","88619455"
"36254","62958390","92258542"
"36255","62958390","92444938"
"36256","62958548","104177620"
"36257","62958548","103342825"
"36258","62958640","103082542"
"36259","62958640","99972166"
"36260","62958689","103490600"
"36261","62958689","96091038"
"36262","62958803","104179076"
"36263","62958843","103491506"
"36264","62958843","65797654"
"36265","62958954","104173564"
"36266","62958954","96095513"
"36267","62959118","88620996"
"36268","62959369","67697364"
"36269","62959435","88677598"
"36270","62959512","99974488"
"36271","62959513","104177896"
"36272","62959514","62960358"
"36273","62959515","97751664"
"36274","62959516","71487045"
"36275","62959557","69504901"
"36276","62959560","99974561"
"36277","62959567","65802345"
"36278","62959570","94201945"
"36279","62959615","104172642"
"36280","62959754","96093588"
"36281","62959769","65799692"
"36282","62959770","92444960"
"36283","62959772","99976746"
"36284","62959846","99978963"
"36285","62959850","88671378"
"36286","62959876","103504459"
"36287","62959888","92257903"
"36288","62960234","103504219"
"36289","62960234","103338412"
"36290","62960234","78894086"
"36291","62960235","103502415"
"36292","62960235","92444836"
"36293","62960235","99974739"
"36294","62960235","97749032"
"36295","62960235","88624310"
"36296","62960235","97746969"
"36297","62960235","103088568"
"36298","62960451","88621137"
"36299","62961149","78891794"
"36300","62961149","71485509"
"36301","62961201","97751476"
"36302","62961201","103501855"
"36303","62961201","103088274"
"36304","62961883","88618794"
"36305","62961992","92445180"
"36306","62962063","62960507"
"36307","62962694","103088509"
"36308","62962695","104176980"
"36309","64910411","78895961"
"36310","64910464","88623599"
"36311","64911935","88624033"
"36312","64912054","88620293"
"36313","64912054","88672325"
"36314","64912524","104171456"
"36315","64912524","103492253"
"36316","64912763","99979197"
"36317","64912772","71487228"
"36318","64913235","69502274"
"36319","64913235","96093579"
"36320","64913236","65802494"
"36321","64913236","61584982"
"36322","64913236","78892916"
"36323","64913787","103503329"
"36324","64913787","71484894"
"36325","64914130","103501828"
"36326","64914164","80127606"
"36327","64914164","103495462"
"36328","64914241","78895813"
"36329","64914242","103082891"
"36330","64914243","103082430"
"36331","64914244","96091372"
"36332","64914245","78894052"
"36333","64914285","80123260"
"36334","64914286","92446186"
"36335","64914288","86679575"
"36336","64914289","103081258"
"36337","64914306","99976775"
"36338","64914307","58280735"
"36339","64914320","92446197"
"36340","64914367","103082578"
"36341","64914369","69722801"
"36342","64914382","96099175"
"36343","64914383","88620903"
"36344","64914385","94195700"
"36345","64914459","92443631"
"36346","64914463","80122802"
"36347","64914489","92443804"
"36348","64914501","72817644"
"36349","64914509","65797770"
"36350","64914872","71486207"
"36351","64914874","94195607"
"36352","64914990","86686406"
"36353","64915804","104177305"
"36354","64915804","78889461"
"36355","64915804","88671069"
"36356","64915836","97749346"
"36357","64915836","62957806"
"36358","64915836","92257894"
"36359","64915836","104171792"
"36360","64915836","96091260"
"36361","64915836","78894078"
"36362","64915836","88623188"
"36363","64916575","86678446"
"36364","64916645","97753755"
"36365","64916645","62957195"
"36366","64916686","94203377"
"36367","64916686","97749549"
"36368","64916756","104177442"
"36369","64916761","67697242"
"36370","65797731","103087122"
"36371","65797784","103086880"
"36372","65797825","80123096"
"36373","65798139","92253377"
"36374","65798139","86682101"
"36375","65799181","88676979"
"36376","65799260","86678138"
"36377","65799351","88676624"
"36378","65799379","67695573"
"36379","65799379","96092016"
"36380","65799893","78889756"
"36381","65799893","99976666"
"36382","65800194","88671007"
"36383","65800194","88672242"
"36384","65800196","72766521"
"36385","65800203","103501899"
"36386","65800203","103340958"
"36387","65800205","97753535"
"36388","65800206","103336291"
"36389","65800208","71486275"
"36390","65800673","103335297"
"36391","65800673","86682214"
"36392","65800674","94202916"
"36393","65800674","64917235"
"36394","65800674","69504145"
"36395","65801225","96092007"
"36396","65801225","69500559"
"36397","65801568","103085846"
"36398","65801622","103081474"
"36399","65801622","96095923"
"36400","65801626","86681949"
"36401","65801699","67693290"
"36402","65801700","78894250"
"36403","65801701","94199375"
"36404","65801702","86686297"
"36405","65801703","103342825"
"36406","65801743","103086992"
"36407","65801744","104173404"
"36408","65801746","92441130"
"36409","65801747","103089305"
"36410","65801764","92253180"
"36411","65801765","64910505"
"36412","65801778","103088655"
"36413","65801825","92251674"
"36414","65801840","92251345"
"36415","65801841","103503944"
"36416","65801843","69507028"
"36417","65801917","69504662"
"36418","65801921","65799379"
"36419","65801947","103501247"
"36420","65801959","103083268"
"36421","65801967","64914976"
"36422","65802332","104177588"
"36423","65802334","92440874"
"36424","65802352","92250276"
"36425","65802450","94201366"
"36426","65802511","103081132"
"36427","65803284","71486574"
"36428","65803284","71485923"
"36429","65803284","88676102"
"36430","65803316","96096781"
"36431","65803316","80126256"
"36432","65803316","88620492"
"36433","65803316","103492328"
"36434","65803316","96096614"
"36435","65803316","59669901"
"36436","65803316","97746543"
"36437","65803316","65989650"
"36438","65804056","88670925"
"36439","65804127","104177543"
"36440","65804127","78891552"
"36441","65804127","94201575"
"36442","65804130","71487569"
"36443","65804168","88624315"
"36444","65804168","104173556"
"36445","65804215","86681624"
"36446","65804238","88676217"
"36447","65804243","103501820"
"36448","65804243","104172694"
"36449","65983306","103338675"
"36450","65983359","104176566"
"36451","65985426","92256044"
"36452","65985667","88676322"
"36453","65985676","92253503"
"36454","65986141","103338360"
"36455","65986142","71489822"
"36456","65986142","104176724"
"36457","65986696","103087861"
"36458","65986696","97752497"
"36459","65987073","64914253"
"36460","65987150","103087967"
"36461","65987151","80127793"
"36462","65987152","103343142"
"36463","65987153","103491605"
"36464","65987154","99979188"
"36465","65987194","78895198"
"36466","65987195","88673081"
"36467","65987197","104170222"
"36468","65987198","103495800"
"36469","65987215","65802350"
"36470","65987216","103501746"
"36471","65987229","97747004"
"36472","65987291","92252921"
"36473","65987292","67694095"
"36474","65987294","103340920"
"36475","65987368","103504287"
"36476","65987372","104176020"
"36477","65987398","71485233"
"36478","65987410","64912810"
"36479","65987418","103501867"
"36480","65987783","92253931"
"36481","65988713","78895342"
"36482","65988745","103493321"
"36483","65988745","64917798"
"36484","65988745","103502460"
"36485","65989485","104171622"
"36486","65989596","71485828"
"36487","67690677","92439658"
"36488","67690731","64914196"
"36489","67690772","67695568"
"36490","67691095","69505466"
"36491","67691095","92258151"
"36492","67691095","69504692"
"36493","67692285","103501528"
"36494","67692367","88618589"
"36495","67692458","103494442"
"36496","67692486","104171427"
"36497","67692486","67692367"
"36498","67693004","62955315"
"36499","67693004","78895330"
"36500","67693305","104171377"
"36501","67693305","103495474"
"36502","67693307","103086448"
"36503","67693314","88620159"
"36504","67693314","104169984"
"36505","67693316","97747285"
"36506","67693317","97747321"
"36507","67693319","104172935"
"36508","67693788","92253663"
"36509","67693788","104177139"
"36510","67693789","97748189"
"36511","67693789","97747045"
"36512","67693789","94199620"
"36513","67694340","78891205"
"36514","67694340","92256483"
"36515","67694683","86684178"
"36516","67694737","71485336"
"36517","67694737","96096065"
"36518","67694741","96095743"
"36519","67694814","69500439"
"36520","67694815","78893938"
"36521","67694816","104177905"
"36522","67694817","94200237"
"36523","67694818","103492151"
"36524","67694858","94201410"
"36525","67694859","62955704"
"36526","67694861","86686302"
"36527","67694862","103341964"
"36528","67694879","96097549"
"36529","67694880","94196731"
"36530","67694893","99973396"
"36531","67694940","94201469"
"36532","67694942","80123133"
"36533","67694955","104177936"
"36534","67694956","92439314"
"36535","67694958","103085848"
"36536","67695032","67695003"
"36537","67695036","103083682"
"36538","67695062","69503490"
"36539","67695074","92255980"
"36540","67695082","99978734"
"36541","67695447","103491940"
"36542","67695449","86685644"
"36543","67695465","86685647"
"36544","67695465","69503147"
"36545","67695467","96091543"
"36546","67695565","92251240"
"36547","67695638","94197107"
"36548","67696429","80123219"
"36549","67696429","88676071"
"36550","67696429","88623285"
"36551","67696429","88678085"
"36552","67696429","97752274"
"36553","67696429","65802592"
"36554","67696429","78890304"
"36555","67696758","69502199"
"36556","67696758","61578847"
"36557","67696758","92442807"
"36558","67697220","99973641"
"36559","67697291","104171470"
"36560","67697291","96094744"
"36561","67697332","67695727"
"36562","67697332","103083899"
"36563","67697371","99973377"
"36564","67697394","65989666"
"36565","67697399","94199139"
"36566","67697399","103084002"
"36567","69500431","92443788"
"36568","69500492","80124744"
"36569","69500533","88674507"
"36570","69500864","104178188"
"36571","69500864","92253427"
"36572","69500864","88673200"
"36573","69502072","88676205"
"36574","69502154","104178216"
"36575","69502245","80126838"
"36576","69502245","71485775"
"36577","69502274","94201413"
"36578","69502274","71484921"
"36579","69502792","92257099"
"36580","69502792","103494433"
"36581","69503093","65800691"
"36582","69503093","103494555"
"36583","69503095","67697135"
"36584","69503102","104178138"
"36585","69503102","78895059"
"36586","69503104","92257077"
"36587","69503105","88622997"
"36588","69503107","86684081"
"36589","69503592","88621233"
"36590","69503592","103081169"
"36591","69503593","65801733"
"36592","69503593","71487309"
"36593","69503593","78889746"
"36594","69504144","94197057"
"36595","69504144","88673893"
"36596","69504487","64913787"
"36597","69504542","104170371"
"36598","69504542","88676548"
"36599","69504546","86684742"
"36600","69504575","92441533"
"36601","69504619","104177331"
"36602","69504620","96097784"
"36603","69504621","103338483"
"36604","69504622","88677547"
"36605","69504623","96096246"
"36606","69504663","104174866"
"36607","69504664","86680870"
"36608","69504666","96096840"
"36609","69504667","99972475"
"36610","69504684","64912906"
"36611","69504685","80122679"
"36612","69504698","71483527"
"36613","69504745","71488102"
"36614","69504747","88619876"
"36615","69504760","99974654"
"36616","69504761","71487227"
"36617","69504763","67693307"
"36618","69504808","61578859"
"36619","69504837","62955111"
"36620","69504841","65982975"
"36621","69504841","88673397"
"36622","69504867","78895230"
"36623","69504869","71489237"
"36624","69504879","88619534"
"36625","69504887","80127934"
"36626","69504887","62959502"
"36627","69504900","67698513"
"36628","69505253","88625563"
"36629","69505255","67695094"
"36630","69505271","104177337"
"36631","69505271","104171358"
"36632","69505273","104174256"
"36633","69505371","96097716"
"36634","69505444","64914430"
"36635","69506254","103340922"
"36636","69506254","80118981"
"36637","69506254","64914297"
"36638","69506254","96095649"
"36639","69506254","71486216"
"36640","69506254","104170406"
"36641","69506254","65801088"
"36642","69506552","64915857"
"36643","69506552","103494428"
"36644","69506552","67693790"
"36645","69507080","103337588"
"36646","69507151","103491872"
"36647","69507151","104172599"
"36648","69507192","96093341"
"36649","69507192","88669967"
"36650","69507232","64914280"
"36651","69507255","104172376"
"36652","69507255","80123242"
"36653","69507260","92251429"
"36654","69507260","103341067"
"36655","71483096","99976798"
"36656","71483135","103080080"
"36657","71483157","88677606"
"36658","71483198","92444735"
"36659","71483537","71487445"
"36660","71483537","103336555"
"36661","71483537","94198857"
"36662","71484745","67697897"
"36663","71484827","78892928"
"36664","71484878","71486055"
"36665","71484918","88620179"
"36666","71484918","78894265"
"36667","71484947","62959532"
"36668","71484947","99978258"
"36669","71485470","86681975"
"36670","71485470","71486583"
"36671","71485774","103494418"
"36672","71485774","103336291"
"36673","71485776","69502589"
"36674","71485783","64912772"
"36675","71485783","99974800"
"36676","71485785","65985716"
"36677","71485786","65797426"
"36678","71485787","58144315"
"36679","71485788","97752185"
"36680","71485789","104178185"
"36681","71486274","65987174"
"36682","71486274","88675750"
"36683","71486275","71485356"
"36684","71486275","97750324"
"36685","71486275","92443652"
"36686","71486826","97748518"
"36687","71486826","62955938"
"36688","71487169","94198819"
"36689","71487224","103493015"
"36690","71487224","103337073"
"36691","71487228","78892104"
"36692","71487257","97747200"
"36693","71487257","67691073"
"36694","71487301","92439341"
"36695","71487302","71490452"
"36696","71487303","80128516"
"36697","71487304","65804085"
"36698","71487305","88677615"
"36699","71487345","103088343"
"36700","71487346","92442692"
"36701","71487348","67695397"
"36702","71487349","86679902"
"36703","71487366","104171276"
"36704","71487367","78894078"
"36705","71487380","59671171"
"36706","71487427","97747626"
"36707","71487429","67695074"
"36708","71487442","69504762"
"36709","71487443","67697333"
"36710","71487445","96091701"
"36711","71487490","88623537"
"36712","71487519","88675679"
"36713","71487523","71488133"
"36714","71487523","97748314"
"36715","71487549","65800202"
"36716","71487551","88669624"
"36717","71487561","92439142"
"36718","71487569","92257839"
"36719","71487569","97747267"
"36720","71487582","103493661"
"36721","71487935","78892927"
"36722","71487937","88675640"
"36723","71487953","94196772"
"36724","71487953","99978943"
"36725","71487955","78889736"
"36726","71488053","80127022"
"36727","71488126","92252880"
"36728","71488945","94195314"
"36729","71488945","99974518"
"36730","71488945","67693684"
"36731","71488945","104169985"
"36732","71488945","80128496"
"36733","71488945","64916638"
"36734","71488945","92446278"
"36735","71489241","104173967"
"36736","71489241","94201958"
"36737","71489241","99972472"
"36738","71489779","88624081"
"36739","71489827","94197066"
"36740","71489850","94196869"
"36741","71489850","94195354"
"36742","71489850","92253930"
"36743","71489853","86684914"
"36744","71489891","103083276"
"36745","71489891","86686610"
"36746","71489931","94196688"
"36747","71489954","94203582"
"36748","71489954","65797856"
"36749","71489954","97753794"
"36750","71489959","104171681"
"36751","71489959","88624482"
"36752","71489959","65801960"
"36753","78888317","103491635"
"36754","78888401","94199126"
"36755","78888401","92256618"
"36756","78888401","96092343"
"36757","78889413","103341508"
"36758","78889413","80127828"
"36759","78889833","104176931"
"36760","78889833","104176552"
"36761","78890741","65987170"
"36762","78890741","62959546"
"36763","78890742","71485262"
"36764","78890742","64979688"
"36765","78890742","92251846"
"36766","78891293","92257948"
"36767","78891293","92445025"
"36768","78891494","65797064"
"36769","78891494","62957985"
"36770","78891498","88677098"
"36771","78891616","97747801"
"36772","78891693","103341353"
"36773","78891695","103492846"
"36774","78891706","96097787"
"36775","78891706","67693747"
"36776","78891809","97749418"
"36777","78892329","96096547"
"36778","78892329","92255816"
"36779","78892329","65801088"
"36780","78892334","88618873"
"36781","78892334","97751774"
"36782","78892334","64915032"
"36783","78894491","97752326"
"36784","78894491","67694838"
"36785","78894742","104173662"
"36786","78894746","94203591"
"36787","78894746","88624522"
"36788","78894772","80122344"
"36789","78894774","88623368"
"36790","78894784","64914386"
"36791","78894803","92441459"
"36792","78894811","99972512"
"36793","78894811","86678443"
"36794","78895198","103503458"
"36795","78895230","88620440"
"36796","78895230","103491872"
"36797","78895246","103082953"
"36798","78895303","88623352"
"36799","78895304","86684186"
"36800","78895305","86684755"
"36801","78895306","103501583"
"36802","78895312","88677546"
"36803","78895313","103338431"
"36804","78895315","99973498"
"36805","78895316","92251250"
"36806","78895323","65801921"
"36807","78895329","104175876"
"36808","78895330","96090773"
"36809","78895392","88620875"
"36810","78895394","92443804"
"36811","78895394","97752763"
"36812","78895396","71487539"
"36813","78895400","104171523"
"36814","78895444","80121602"
"36815","78895492","103337545"
"36816","78895537","104176563"
"36817","78895537","67693406"
"36818","78895537","78896174"
"36819","78895537","71485329"
"36820","78895537","71484960"
"36821","78895537","96097684"
"36822","78895537","88673469"
"36823","78895962","65986143"
"36824","78896013","94202095"
"36825","78896013","86680893"
"36826","78896013","99973648"
"36827","78896014","104177166"
"36828","78896016","80126888"
"36829","78896024","92444518"
"36830","78896024","96088895"
"36831","78896024","103336420"
"36832","78896063","103492201"
"36833","78896065","96092036"
"36834","78896066","69502604"
"36835","78896068","67690626"
"36836","78896069","65989640"
"36837","78896071","88676367"
"36838","78896168","80128178"
"36839","78896201","92252153"
"36840","78896235","92444984"
"36841","78896272","78891548"
"36842","78896272","103340000"
"36843","78896472","94197966"
"36844","78896472","99972138"
"36845","78896474","94195722"
"36846","78896475","103343333"
"36847","78896476","88625331"
"36848","78896477","104171300"
"36849","78896477","88621030"
"36850","78896478","97754238"
"36851","78896485","104178193"
"36852","78896485","65800195"
"36853","78896487","64983552"
"36854","78896502","88673576"
"36855","80121378","64913239"
"36856","80121393","78894522"
"36857","80121395","88678063"
"36858","80121395","92440294"
"36859","80121402","103336852"
"36860","80121403","65985426"
"36861","80121403","78890751"
"36862","80121404","64910542"
"36863","80121405","103340817"
"36864","80121406","62959908"
"36865","80121408","78894621"
"36866","80121408","92258045"
"36867","80121608","64914384"
"36868","80121608","64909876"
"36869","80121645","86686603"
"36870","80121679","103081213"
"36871","80121712","92255959"
"36872","80121809","94196369"
"36873","80121811","80128402"
"36874","80121812","96092941"
"36875","80121814","67694806"
"36876","80121815","88626835"
"36877","80121817","97752722"
"36878","80121856","92253949"
"36879","80121856","67690712"
"36880","80121856","99972567"
"36881","80121864","103338917"
"36882","80121866","104178001"
"36883","80121867","88626655"
"36884","80121867","86680425"
"36885","80121867","103085839"
"36886","80121918","67690731"
"36887","80122343","88616311"
"36888","80122343","64913026"
"36889","80122343","103081849"
"36890","80122343","86686122"
"36891","80122343","92446149"
"36892","80122343","103494431"
"36893","80122343","92255935"
"36894","80122388","67692864"
"36895","80122436","103336303"
"36896","80122480","92252151"
"36897","80122484","97747961"
"36898","80122486","99973011"
"36899","80122486","103338741"
"36900","80122488","97747300"
"36901","80122550","65985426"
"36902","80122551","103338071"
"36903","80122557","86685172"
"36904","80122564","104177093"
"36905","80122565","96094740"
"36906","80122567","103085954"
"36907","80122568","86678530"
"36908","80122574","88672737"
"36909","80122575","78892803"
"36910","80122576","94196738"
"36911","80122577","103494841"
"36912","80122634","99973381"
"36913","80122650","80121712"
"36914","80122650","92445872"
"36915","80122682","80123718"
"36916","80122803","97754006"
"36917","80123069","92253682"
"36918","80123069","65983691"
"36919","80123077","92253387"
"36920","80123096","88623528"
"36921","80123106","97751576"
"36922","80123108","96092100"
"36923","80123134","80129656"
"36924","80123134","99979931"
"36925","80123138","103087955"
"36926","80123389","86685386"
"36927","80123389","67693892"
"36928","80125546","96098115"
"36929","80125546","80125551"
"36930","80125546","92440575"
"36931","80125551","64916694"
"36932","80125551","92439369"
"36933","80125551","104176503"
"36934","80126071","86678130"
"36935","80126174","94196732"
"36936","80126174","80123108"
"36937","80126185","86680686"
"36938","80126187","94202096"
"36939","80126264","80123234"
"36940","80126382","94198057"
"36941","80126386","103082496"
"36942","80126386","64914276"
"36943","80126587","96090672"
"36944","80126587","103083335"
"36945","80127138","69500559"
"36946","80127138","65987106"
"36947","80127138","64910413"
"36948","80127139","92440815"
"36949","80127139","103086452"
"36950","80128047","94203862"
"36951","80128047","99977968"
"36952","80128467","94197163"
"36953","80128467","80123117"
"36954","80129479","92445339"
"36955","80129479","88621019"
"36956","80129479","86680909"
"36957","86678530","103494668"
"36958","86678530","69505809"
"36959","86678530","96091288"
"36960","86679471","92445530"
"36961","86679542","80123708"
"36962","86679542","97746993"
"36963","86679962","64917767"
"36964","86679962","97753399"
"36965","86680870","92440533"
"36966","86680870","96090888"
"36967","86680871","92252173"
"36968","86680871","71488185"
"36969","86680871","80121606"
"36970","86681422","78894085"
"36971","86681422","78889416"
"36972","86681623","88623228"
"36973","86681623","96091037"
"36974","86681627","99978073"
"36975","86681677","88620451"
"36976","86681745","96096788"
"36977","86681822","69502794"
"36978","86681824","78896258"
"36979","86681835","103082077"
"36980","86681835","86680853"
"36981","86681938","65804121"
"36982","86682457","92446195"
"36983","86682457","92257897"
"36984","86682457","92251638"
"36985","86682462","86689196"
"36986","86682462","94202711"
"36987","86682462","99977232"
"36988","86684619","92444960"
"36989","86684619","92439683"
"36990","86684736","94196405"
"36991","86684737","94199250"
"36992","86684738","88673383"
"36993","86684870","86679964"
"36994","86684874","94204180"
"36995","86684874","103083870"
"36996","86684900","92253712"
"36997","86684902","94196790"
"36998","86684912","64912360"
"36999","86684931","69502614"
"37000","86684939","86684617"
"37001","86684939","67690349"
"37002","86685205","92253941"
"37003","86685326","104170202"
"37004","86685358","88618894"
"37005","86685358","88678056"
"37006","86685374","104176580"
"37007","86685431","103339646"
"37008","86685432","78890858"
"37009","86685433","88674383"
"37010","86685434","64912353"
"37011","86685440","88673542"
"37012","86685441","103491665"
"37013","86685443","103501829"
"37014","86685444","104174256"
"37015","86685451","99974547"
"37016","86685457","88619675"
"37017","86685458","103086710"
"37018","86685520","80125885"
"37019","86685522","104170388"
"37020","86685522","67694887"
"37021","86685524","103087312"
"37022","86685528","103087835"
"37023","86685572","86679553"
"37024","86685620","97754006"
"37025","86685665","92440879"
"37026","86685665","104173761"
"37027","86685665","71486316"
"37028","86685665","104175992"
"37029","86685665","97753057"
"37030","86685665","92443796"
"37031","86685665","67695097"
"37032","86686090","94203836"
"37033","86686141","96093453"
"37034","86686141","99976766"
"37035","86686141","97752100"
"37036","86686142","103083911"
"37037","86686144","78898763"
"37038","86686152","103336929"
"37039","86686152","61584984"
"37040","86686152","96090821"
"37041","86686191","78892312"
"37042","86686193","96098401"
"37043","86686194","67693810"
"37044","86686196","103088787"
"37045","86686197","65801656"
"37046","86686199","94200075"
"37047","86686296","104174739"
"37048","86686329","99979489"
"37049","86686363","71488210"
"37050","86686400","69505464"
"37051","86686400","104177570"
"37052","86686404","88676668"
"37053","86686600","92436853"
"37054","86686600","65798117"
"37055","86686602","71486331"
"37056","86686603","88620447"
"37057","86686603","80128524"
"37058","86686603","78890785"
"37059","86686604","88671550"
"37060","86686605","97751618"
"37061","86686605","62957558"
"37062","86686605","94202206"
"37063","86686606","99974590"
"37064","86686613","64914261"
"37065","86686613","88619547"
"37066","86686615","65987411"
"37067","86686630","88669980"
"37068","88618573","103085846"
"37069","88618588","103085762"
"37070","88618590","80128410"
"37071","88618590","96089119"
"37072","88618597","99979162"
"37073","88618598","103342831"
"37074","88618598","97748270"
"37075","88618599","103492603"
"37076","88618600","65802340"
"37077","88618600","92258407"
"37078","88618600","88671343"
"37079","88618601","92250196"
"37080","88618603","103494766"
"37081","88618603","71484929"
"37082","88618803","88620289"
"37083","88618803","62961883"
"37084","88618840","99977939"
"37085","88618874","104178416"
"37086","88618907","92446276"
"37087","88619004","78891809"
"37088","88619006","92446196"
"37089","88619007","69508344"
"37090","88619009","86684775"
"37091","88619010","78889420"
"37092","88619012","103086408"
"37093","88619051","103086416"
"37094","88619051","96092639"
"37095","88619051","71487959"
"37096","88619059","92251372"
"37097","88619061","92445629"
"37098","88619062","88625107"
"37099","88619062","103492194"
"37100","88619062","96098038"
"37101","88619113","71482625"
"37102","88619538","69500864"
"37103","88619538","71488330"
"37104","88619538","88625650"
"37105","88619538","88623240"
"37106","88619538","65799303"
"37107","88619538","64914478"
"37108","88619538","94198054"
"37109","88619583","88618595"
"37110","88619631","96095442"
"37111","88619675","103491508"
"37112","88619679","103338865"
"37113","88619681","78894095"
"37114","88619681","65802700"
"37115","88619683","64910462"
"37116","88619745","92256924"
"37117","88619746","65799361"
"37118","88619752","92252158"
"37119","88619759","103079848"
"37120","88619760","94196775"
"37121","88619762","65987800"
"37122","88619763","92255936"
"37123","88619769","65985669"
"37124","88619770","104176026"
"37125","88619771","103081470"
"37126","88619772","99974813"
"37127","88619829","97754002"
"37128","88619845","62957940"
"37129","88619845","94203766"
"37130","88619877","92250196"
"37131","88619998","94198507"
"37132","88620264","103081921"
"37133","88620264","97747786"
"37134","88620272","65986038"
"37135","88620291","65987205"
"37136","88620301","65987371"
"37137","88620303","103083292"
"37138","88620329","88618829"
"37139","88620329","103503943"
"37140","88620333","65800878"
"37141","88620465","104172648"
"37142","88620466","92445878"
"37143","88620584","88673892"
"37144","88620584","97749345"
"37145","88622741","71487581"
"37146","88622741","78891624"
"37147","88622741","94195713"
"37148","88622746","103337564"
"37149","88622746","104176026"
"37150","88622746","103337612"
"37151","88623265","78894742"
"37152","88623368","71486575"
"37153","88623368","67693726"
"37154","88623379","64913211"
"37155","88623381","64915798"
"37156","88623458","104176107"
"37157","88623576","103341646"
"37158","88623580","88620175"
"37159","88623580","67693728"
"37160","88623781","86685748"
"37161","88623781","103083412"
"37162","88624332","69503549"
"37163","88624332","96092140"
"37164","88624332","103504485"
"37165","88624333","88618595"
"37166","88624333","103341835"
"37167","88625241","99973371"
"37168","88625241","88676328"
"37169","88625661","103083342"
"37170","88625661","92253955"
"37171","88625732","104171637"
"37172","88626673","64914990"
"37173","88626673","65797026"
"37174","88626673","103343040"
"37175","88669900","97749520"
"37176","88669984","88678069"
"37177","88669984","92440981"
"37178","88669984","86683053"
"37179","88670925","96091238"
"37180","88670996","88673392"
"37181","88670996","104173932"
"37182","88671416","86684751"
"37183","88671416","71483233"
"37184","88672324","94197397"
"37185","88672324","103342938"
"37186","88672325","104178408"
"37187","88672325","103337573"
"37188","88672325","92446189"
"37189","88672876","92254794"
"37190","88672876","103336332"
"37191","88673077","71484890"
"37192","88673077","104171303"
"37193","88673081","69503138"
"37194","88673129","103337077"
"37195","88673131","103342224"
"37196","88673199","103492820"
"37197","88673276","78892925"
"37198","88673278","80127121"
"37199","88673289","99972088"
"37200","88673289","88618551"
"37201","88673392","94203545"
"37202","88673911","99973917"
"37203","88673911","88619634"
"37204","88673911","86686129"
"37205","88673916","88677227"
"37206","88673916","104178385"
"37207","88673916","71485786"
"37208","88675847","71488142"
"37209","88676073","94202538"
"37210","88676073","64913689"
"37211","88676190","80122770"
"37212","88676191","88676207"
"37213","88676192","99974714"
"37214","88676324","94200446"
"37215","88676328","69500533"
"37216","88676328","71486233"
"37217","88676354","88618549"
"37218","88676356","97753160"
"37219","88676366","94201364"
"37220","88676385","103502430"
"37221","88676393","96097866"
"37222","88676393","65802498"
"37223","88676659","67697138"
"37224","88676780","92443743"
"37225","88676812","78893136"
"37226","88676812","86684877"
"37227","88676828","92253688"
"37228","88676885","103494125"
"37229","88676886","99972404"
"37230","88676887","62958323"
"37231","88676888","69503596"
"37232","88676894","104177950"
"37233","88676895","97746487"
"37234","88676897","103340897"
"37235","88676898","86685762"
"37236","88676905","104171616"
"37237","88676911","86685024"
"37238","88676912","65797426"
"37239","88676974","94203334"
"37240","88676976","64914398"
"37241","88676976","96098110"
"37242","88676978","92443821"
"37243","88676982","94201953"
"37244","88677026","64915289"
"37245","88677074","80123823"
"37246","88677119","92445877"
"37247","88677119","88671842"
"37248","88677119","80129474"
"37249","88677119","78894159"
"37250","88677119","62958641"
"37251","88677119","92445844"
"37252","88677119","104176834"
"37253","88677544","64909807"
"37254","88677595","64914501"
"37255","88677595","71484997"
"37256","88677595","88627067"
"37257","88677596","99974604"
"37258","88677598","97753058"
"37259","88677606","88623234"
"37260","88677606","96093456"
"37261","88677606","78891565"
"37262","88677645","67697272"
"37263","88677647","69504611"
"37264","88677648","92256369"
"37265","88677650","65802349"
"37266","88677651","92256451"
"37267","88677653","78891250"
"37268","88677750","92251308"
"37269","88677783","86679553"
"37270","88677817","71487563"
"37271","88677854","65802585"
"37272","88677854","99972210"
"37273","88678054","64913650"
"37274","88678054","65797134"
"37275","88678056","97747350"
"37276","88678057","103341116"
"37277","88678057","88673522"
"37278","88678057","88620455"
"37279","88678058","103491590"
"37280","88678059","104172245"
"37281","88678059","99973871"
"37282","88678059","92441128"
"37283","88678060","92257944"
"37284","88678067","62962037"
"37285","88678067","71484872"
"37286","88678069","94198560"
"37287","88678084","103334919"
"37288","88680838","71485778"
"37289","88680921","92260372"
"37290","92250196","103085845"
"37291","92250280","64910805"
"37292","92250280","103341606"
"37293","92250280","104172243"
"37294","92251221","64910411"
"37295","92251292","80123275"
"37296","92251292","71488340"
"37297","92251712","69504887"
"37298","92251712","94198775"
"37299","92252620","80128455"
"37300","92252620","92253655"
"37301","92252621","103339999"
"37302","92252621","99974695"
"37303","92252621","103502171"
"37304","92253172","103085997"
"37305","92253172","103341116"
"37306","92253373","103082091"
"37307","92253373","80126048"
"37308","92253377","94198035"
"37309","92253425","67697135"
"37310","92253427","103336866"
"37311","92253495","104178209"
"37312","92253572","61773726"
"37313","92253574","71491046"
"37314","92253585","78894672"
"37315","92253585","103086537"
"37316","92253688","62958075"
"37317","92254207","69504698"
"37318","92254207","94202707"
"37319","92254207","88680650"
"37320","92254212","96093053"
"37321","92254212","67694203"
"37322","92254212","97748271"
"37323","92256143","65798130"
"37324","92256369","80123242"
"37325","92256369","103336212"
"37326","92256486","88676218"
"37327","92256487","64912530"
"37328","92256488","92258439"
"37329","92256620","103083795"
"37330","92256624","103494376"
"37331","92256624","103502172"
"37332","92256650","69500828"
"37333","92256652","96095211"
"37334","92256662","103081648"
"37335","92256681","103503338"
"37336","92256689","94198352"
"37337","92256689","92258509"
"37338","92256955","92256367"
"37339","92257076","78896580"
"37340","92257108","69503602"
"37341","92257108","71488107"
"37342","92257124","104176978"
"37343","92257181","86681951"
"37344","92257182","92256988"
"37345","92257183","86685526"
"37346","92257184","67693806"
"37347","92257190","65802212"
"37348","92257191","103341611"
"37349","92257193","88624348"
"37350","92257194","78894643"
"37351","92257201","103086711"
"37352","92257207","103336542"
"37353","92257208","92251242"
"37354","92257270","88627075"
"37355","92257272","97749358"
"37356","92257272","99973437"
"37357","92257274","103501554"
"37358","92257278","61684692"
"37359","92257322","88620313"
"37360","92257370","92447217"
"37361","92257415","78890707"
"37362","92257415","78895204"
"37363","92257415","80125897"
"37364","92257415","78891362"
"37365","92257415","69504544"
"37366","92257415","69505430"
"37367","92257415","67694203"
"37368","92257840","69505421"
"37369","92257891","92251975"
"37370","92257891","97748159"
"37371","92257891","103502430"
"37372","92257892","86679590"
"37373","92257894","97745577"
"37374","92257902","97751602"
"37375","92257902","64915041"
"37376","92257902","97749632"
"37377","92257941","103502421"
"37378","92257943","69502590"
"37379","92257944","80125079"
"37380","92257946","62958843"
"37381","92257947","78889741"
"37382","92257949","97747218"
"37383","92258046","88622761"
"37384","92258079","72817687"
"37385","92258113","96092483"
"37386","92258150","71484965"
"37387","92258150","103491605"
"37388","92258350","96095455"
"37389","92258350","103504421"
"37390","92258352","65801917"
"37391","92258353","67695468"
"37392","92258353","103086838"
"37393","92258353","88677751"
"37394","92258354","103494447"
"37395","92258355","103491508"
"37396","92258355","99979350"
"37397","92258355","103341504"
"37398","92258356","96092783"
"37399","92258363","92440720"
"37400","92258363","99973461"
"37401","92258365","69500465"
"37402","92258380","96097716"
"37403","92260790","69504672"
"37404","92260873","104172639"
"37405","92439117","96096338"
"37406","92439132","103495080"
"37407","92439134","64912759"
"37408","92439134","67694638"
"37409","92439141","67697289"
"37410","92439142","103494077"
"37411","92439142","103088269"
"37412","92439142","88677516"
"37413","92439143","88673143"
"37414","92439144","80123824"
"37415","92439144","88620934"
"37416","92439144","97753064"
"37417","92439145","78893831"
"37418","92439147","78894962"
"37419","92439147","103081646"
"37420","92439384","92442697"
"37421","92439418","103492948"
"37422","92439451","65800204"
"37423","92439548","104173635"
"37424","92439550","97751577"
"37425","92439551","103083642"
"37426","92439553","65983359"
"37427","92439554","104178510"
"37428","92439556","92253390"
"37429","92439595","94201951"
"37430","92439595","88619780"
"37431","92439595","96095462"
"37432","92439603","103342700"
"37433","92439605","92252155"
"37434","92439606","69502600"
"37435","92439606","104171774"
"37436","92439606","69503096"
"37437","92439657","92258134"
"37438","92440082","65800675"
"37439","92440082","80126107"
"37440","92440082","96093447"
"37441","92440082","64916647"
"37442","92440082","94200111"
"37443","92440082","94198810"
"37444","92440082","97752476"
"37445","92440127","71487815"
"37446","92440175","97751726"
"37447","92440219","86685762"
"37448","92440223","80121814"
"37449","92440225","94201952"
"37450","92440225","96097766"
"37451","92440227","103338858"
"37452","92440289","96090673"
"37453","92440290","103080078"
"37454","92440296","104172687"
"37455","92440303","96095581"
"37456","92440304","88627067"
"37457","92440306","71486080"
"37458","92440307","94198850"
"37459","92440313","65802503"
"37460","92440314","99974532"
"37461","92440315","67695033"
"37462","92440316","103087191"
"37463","92440373","103083599"
"37464","92440389","88673217"
"37465","92440389","69504674"
"37466","92440421","80124953"
"37467","92440542","92252606"
"37468","92440808","103341762"
"37469","92440808","103341005"
"37470","92440816","65801182"
"37471","92440835","88676820"
"37472","92440845","103340919"
"37473","92440847","92250271"
"37474","92440873","94203486"
"37475","92440873","78888394"
"37476","92440877","92255972"
"37477","92441128","104172826"
"37478","92441128","92444961"
"37479","92443285","78894519"
"37480","92443285","99976923"
"37481","92443285","65800567"
"37482","92443290","103086455"
"37483","92443290","62960417"
"37484","92443290","88673413"
"37485","92443809","99972142"
"37486","92443912","103493710"
"37487","92443912","80128441"
"37488","92443923","92440872"
"37489","92443925","97745577"
"37490","92444002","67694737"
"37491","92444070","104177137"
"37492","92444120","80122610"
"37493","92444124","97746887"
"37494","92444124","92439094"
"37495","92444325","58342997"
"37496","92444325","69500564"
"37497","92444876","69502601"
"37498","92444876","104173401"
"37499","92444876","59213429"
"37500","92444877","92439166"
"37501","92444877","80121628"
"37502","92445785","86684930"
"37503","92445785","103335294"
"37504","92446205","71485942"
"37505","92446205","104171695"
"37506","92447217","71484973"
"37507","92447217","71485900"
"37508","92447217","62960469"
"37509","94195629","103494694"
"37510","94195713","103084129"
"37511","94195713","104176856"
"37512","94195713","72766517"
"37513","94196653","103336409"
"37514","94196724","71488156"
"37515","94196724","62957935"
"37516","94197144","71486433"
"37517","94197144","65987190"
"37518","94198052","69504868"
"37519","94198052","64915031"
"37520","94198053","80121394"
"37521","94198053","99972140"
"37522","94198053","94198010"
"37523","94198604","97749021"
"37524","94198604","97748308"
"37525","94198805","69505424"
"37526","94198805","86681954"
"37527","94198809","62958890"
"37528","94198857","61683057"
"37529","94198859","99976795"
"37530","94198859","64916511"
"37531","94198927","103086567"
"37532","94199004","94201941"
"37533","94199006","88619441"
"37534","94199017","96096866"
"37535","94199017","88618823"
"37536","94199120","88669592"
"37537","94199639","71488039"
"37538","94199639","94202678"
"37539","94199639","80122725"
"37540","94199644","65986396"
"37541","94199644","103494812"
"37542","94199644","103501979"
"37543","94201575","94199186"
"37544","94201801","92258131"
"37545","94201801","103501775"
"37546","94201918","97752581"
"37547","94201919","103087806"
"37548","94201920","103491912"
"37549","94202052","103493659"
"37550","94202056","97747829"
"37551","94202056","88671859"
"37552","94202082","88625524"
"37553","94202084","103494416"
"37554","94202094","64914166"
"37555","94202113","92441777"
"37556","94202121","71486374"
"37557","94202121","104171629"
"37558","94202387","103081169"
"37559","94202508","92256098"
"37560","94202540","78889421"
"37561","94202540","96095743"
"37562","94202556","104178012"
"37563","94202613","88676229"
"37564","94202614","99972768"
"37565","94202615","92443652"
"37566","94202616","99973415"
"37567","94202622","99976764"
"37568","94202623","86680872"
"37569","94202625","104176555"
"37570","94202626","94197106"
"37571","94202633","86681753"
"37572","94202639","103086417"
"37573","94202640","103081223"
"37574","94202702","69504716"
"37575","94202704","97748323"
"37576","94202704","103087400"
"37577","94202706","103495377"
"37578","94202710","61581007"
"37579","94202754","92253424"
"37580","94202802","92257037"
"37581","94202847","69500084"
"37582","94202847","99972410"
"37583","94202847","69504006"
"37584","94202847","103336409"
"37585","94202847","88674498"
"37586","94202847","103338338"
"37587","94202847","99979366"
"37588","94203272","65797247"
"37589","94203323","92440976"
"37590","94203323","97748517"
"37591","94203323","92252184"
"37592","94203324","80128338"
"37593","94203326","92258130"
"37594","94203334","97749347"
"37595","94203334","88671324"
"37596","94203334","103494936"
"37597","94203373","86681628"
"37598","94203375","103081550"
"37599","94203376","88618510"
"37600","94203378","80127179"
"37601","94203379","86683052"
"37602","94203381","67697331"
"37603","94203478","88673081"
"37604","94203511","94196762"
"37605","94203545","65801758"
"37606","94203582","97752177"
"37607","94203782","69504545"
"37608","94203782","97747614"
"37609","94203784","64913128"
"37610","94203785","62959889"
"37611","94203785","86685373"
"37612","94203785","88625022"
"37613","94203786","88677063"
"37614","94203787","96094760"
"37615","94203787","65988281"
"37616","94203787","69508381"
"37617","94203787","88677831"
"37618","94203788","103504531"
"37619","94203795","80121162"
"37620","94203795","96092144"
"37621","94203797","88676214"
"37622","94203812","103338853"
"37623","94206222","69507013"
"37624","94206305","96091840"
"37625","96091054","78894625"
"37626","96091063","97748199"
"37627","96091269","92255935"
"37628","96091516","104174704"
"37629","96091516","88671843"
"37630","96091517","78890557"
"37631","96091517","80122840"
"37632","96091525","88620586"
"37633","96092004","92256506"
"37634","96092004","103338021"
"37635","96092004","78894773"
"37636","96092004","94200236"
"37637","96092004","71486255"
"37638","96092004","103086998"
"37639","96092004","71490452"
"37640","96092311","80127828"
"37641","96092499","97752609"
"37642","96092737","92255972"
"37643","96092737","86685908"
"37644","96092738","67695618"
"37645","96092767","71488749"
"37646","96092795","86679865"
"37647","96093586","64914078"
"37648","96093587","88624517"
"37649","96093588","99974438"
"37650","96095994","104176854"
"37651","96096003","103341491"
"37652","96096029","78896559"
"37653","96096040","103494998"
"37654","96096040","69505266"
"37655","96096185","88619594"
"37656","96096185","62957807"
"37657","96096246","96096876"
"37658","96096385","65799259"
"37659","96096385","103337908"
"37660","96096548","62958389"
"37661","96096902","99973424"
"37662","96096903","104184405"
"37663","96096906","64912886"
"37664","97748159","99976769"
"37665","97748162","69500085"
"37666","97748163","69506552"
"37667","97748517","86681674"
"37668","97748680","96098070"
"37669","97748680","65802856"
"37670","97748819","97753690"
"37671","97748880","103494661"
"37672","97748880","88676741"
"37673","97749025","88623199"
"37674","97749025","103338589"
"37675","97749036","103083503"
"37676","97749062","88675751"
"37677","97749071","99977681"
"37678","97751476","88618894"
"37679","97751477","94203563"
"37680","97751478","94202704"
"37681","97752269","103088349"
"37682","97752297","71487954"
"37683","97752326","71485522"
"37684","97752327","80121864"
"37685","97752327","65797732"
"37686","97752565","104171639"
"37687","97752753","71489799"
"37688","97753059","92256966"
"37689","97753059","67692449"
"37690","97753059","103502407"
"37691","97753059","88619139"
"37692","97753059","103336954"
"37693","97753059","92446255"
"37694","97753059","103502459"
"37695","97753516","96095720"
"37696","97753536","69505422"
"37697","97753544","92440998"
"37698","97753544","96090876"
"37699","97753545","78891195"
"37700","97753545","86679194"
"37701","97753998","88673402"
"37702","97754007","92255923"
"37703","99973349","99978345"
"37704","99973352","97749523"
"37705","99973353","103501528"
"37706","99973707","103343441"
"37707","99973870","67694530"
"37708","99973870","94202396"
"37709","99974009","62957973"
"37710","99974070","103336331"
"37711","99974070","92251553"
"37712","99974215","64913744"
"37713","99974215","103085845"
"37714","99974226","103493871"
"37715","99974252","99976799"
"37716","99974261","86686200"
"37717","99976666","92254643"
"37718","99976667","88673044"
"37719","99976668","64913131"
"37720","99977459","103495511"
"37721","99977487","103338859"
"37722","99977516","97749508"
"37723","99977517","103336214"
"37724","99977517","94203783"
"37725","99977752","62960469"
"37726","99977755","64912750"
"37727","99977943","80123712"
"37728","99978249","64912063"
"37729","99978249","103494134"
"37730","99978249","80125566"
"37731","99978249","97753033"
"37732","99978249","71490460"
"37733","99978249","88671325"
"37734","99978249","92443851"
"37735","99978706","103493092"
"37736","99978726","94196680"
"37737","99978734","64915271"
"37738","99978734","103342388"
"37739","99978735","103336718"
"37740","99978735","72817706"
"37741","99979188","62955700"
"37742","99979197","99977704"
"37743","99979623","92251583"
"37744","96091469","99972227"
"37745","96091469","99976764"
"37746","96091478","88672876"
"37747","96096247","99974710"
"37748","96096247","92439602"
"37749","96097552","94202354"
"37750","97747514","64912036"
"37751","97748818","65984858"
"37752","97748818","97752580"
"37753","97753583","104177451"
"37754","97753592","104172575"
"37755","97753592","103087329"
"37756","99972704","97749071"
"37757","99974008","78890727"
"37758","99974008","103338706"
"37759","99976875","71489295"
"37760","99978773","103343832"
"37761","99978782","92444324"
"37762","99978782","88671110"
"37763","103080226","97754007"
"37764","103081542","94199620"
"37765","103081542","97747069"
"37766","103081542","62956005"
"37767","103335296","65800454"
"37768","103336612","64915069"
"37769","103336612","67694737"
"37770","103336612","62961143"
"37771","103490595","92444917"
"37772","103491911","86679475"
"37773","103491911","99978143"
"37774","103491911","94201408"
"37775","104170370","103338688"
"37776","104171686","88677840"
"37777","104171686","103336919"
"37778","104171686","99973873"
"37779","62957556","103337607"
"37780","62957556","86685119"
"37781","64911927","103338900"
"37782","64912359","103337164"
"37783","64912359","96091015"
"37784","64912359","92441002"
"37785","65799252","80123783"
"37786","65799691","62955992"
"37787","65799691","99979577"
"37788","65799691","62955962"
"37789","65985261","88619864"
"37790","67692359","103085847"
"37791","67692799","62959549"
"37792","67692799","88673544"
"37793","67692799","88671434"
"37794","69502146","80125893"
"37795","69502587","67695719"
"37796","69502587","61685834"
"37797","69502587","94203486"
"37798","71484819","86679464"
"37799","71485263","92257203"
"37800","71485263","62960420"
"37801","71485263","88625085"
"37802","78888387","97751604"
"37803","78889745","103087307"
"37804","78889745","67695443"
"37805","78889745","65983437"
"37806","80128135","103341526"
"37807","80128135","71486192"
"37808","80128135","88675744"
"37809","80129493","65801537"
"37810","86678516","65797684"
"37811","86679874","62959846"
"37812","86679874","96096298"
"37813","86679874","86684744"
"37814","88625329","86680827"
"37815","88625329","92445583"
"37816","88625329","71487309"
"37817","88626687","103495002"
"37818","88669970","103336608"
"37819","88671328","104177641"
"37820","88671328","92251907"
"37821","88671328","88671007"
"37822","92250266","103343335"
"37823","92251624","64914891"
"37824","92251624","92256369"
"37825","92251624","92447581"
"37826","92445873","71485271"
"37827","92445873","103336309"
"37828","92445873","65802849"
"37829","92447231","88625330"
"37830","94195699","103088024"
"37831","94197056","71486331"
"37832","94197056","96092767"
"37833","94197056","92257757"
"37834","96091528","67695439"
"37835","96091528","65799352"
"37836","96091528","92252516"
"37837","96092796","71487537"
"37838","96094405","92439383"
"37839","96094406","99974835"
"37840","97750659","78895087"
"37841","97750660","86686689"
"37842","97752268","103336291"
"37843","97753533","92251303"
"37844","97753533","62954963"
"37845","97753533","88626669"
"37846","99975849","92252685"
"37847","99975850","88676480"
"37848","99977458","103494528"
"37849","99978723","92257173"
"37850","99978723","80122970"
"37851","99978723","69500874"
"37852","103081750","71489931"
"37853","103086583","97749063"
"37854","103336820","94197868"
"37855","103341653","78891293"
"37856","103492119","71487293"
"37857","103494571","78892099"
"37858","104171894","104172787"
"37859","104176727","62960358"
"37860","57824029","78889429"
"37861","58144314","78895077"
"37862","58280769","88677216"
"37863","59213415","94195551"
"37864","59665172","94199144"
"37865","61581043","80128084"
"37866","61685868","62957091"
"37867","61773762","103494599"
"37868","62957166","92440703"
"37869","64911943","88619730"
"37870","64914506","71486061"
"37871","64979722","80123094"
"37872","65799268","103337610"
"37873","65801964","99977912"
"37874","65984843","97746921"
"37875","65987415","94203591"
"37876","67692375","86681852"
"37877","67695079","86684750"
"37878","69502162","78892085"
"37879","69504884","99979189"
"37880","71484835","96096068"
"37881","71487566","71487570"
"37882","78889953","88624149"
"37883","78894789","94204010"
"37884","80123091","103494543"
"37885","80127927","69502200"
"37886","86680082","78892781"
"37887","86684917","88670598"
"37888","88620286","69502615"
"37889","88625121","103494215"
"37890","88671536","65802229"
"37891","88676371","92256965"
"37892","92251832","80121546"
"37893","92256667","88675660"
"37894","92440830","67693792"
"37895","92445665","65802495"
"37896","94197264","62959247"
"37897","94202099","92257879"
"37898","96092739","67694739"
"37899","96092768","65802495"
"37900","96092797","78888401"
"37901","97752267","104175736"
"37902","97752296","103500987"
"37903","97752325","65804056"
"37904","99977457","67697234"
"37905","99977486","103083625"
"37906","99977515","65983400"
"37907","96092054","92253585"
"37908","96092141","92250287"
"37909","96092142","69507149"
"37910","96092147","62960645"
"37911","96092147","71485778"
"37912","96092148","88677583"
"37913","96094407","88676907"
"37914","96097537","99974540"
"37915","96097537","88672221"
"37916","97747529","88669976"
"37917","97747529","103495476"
"37918","97747529","94202797"
"37919","97750658","96092550"
"37920","97752915","65987221"
"37921","97752916","78889795"
"37922","97752916","86685354"
"37923","97752921","103087863"
"37924","97752922","104177905"
"37925","97753009","92250284"
"37926","99972719","59669992"
"37927","99972719","86685226"
"37928","99972719","99971191"
"37929","99973205","96092095"
"37930","99975848","88618707"
"37931","99978105","78896486"
"37932","99978106","96092000"
"37933","99978106","92258136"
"37934","99978111","88619916"
"37935","99978112","99976809"
"37936","99978199","103501218"
"37937","103087746","103495569"
"37938","103087746","62960191"
"37939","103087746","80128135"
"37940","103087746","69504888"
"37941","103087746","86682122"
"37942","103087746","88620587"
"37943","103342816","103336607"
"37944","103342816","65799363"
"37945","103342816","92443803"
"37946","103342816","64911935"
"37947","103342816","103338700"
"37948","103342816","61581057"
"37949","103501789","67693746"
"37950","103501789","103336284"
"37951","103501789","103336612"
"37952","103501789","92439685"
"37953","103501789","78889754"
"37954","103501789","78890699"
"37955","104177890","96095541"
"37956","104177890","69505149"
"37957","104177890","88673377"
"37958","104177890","103088047"
"37959","104177890","78890784"
"37960","104177890","92256625"
"37961","62961919","96096178"
"37962","64916612","64913690"
"37963","64916612","88623245"
"37964","64916612","64916604"
"37965","65804093","99972979"
"37966","65804093","72766435"
"37967","65804093","88675627"
"37968","65989522","86686152"
"37969","67697257","88678110"
"37970","67697257","96095455"
"37971","67697257","104170391"
"37972","67697257","88623379"
"37973","69507117","103494134"
"37974","69507117","64913744"
"37975","69507117","80121706"
"37976","69507117","88678140"
"37977","69507117","97752917"
"37978","71489816","104176031"
"37979","71489816","92440719"
"37980","71489816","65800477"
"37981","71489816","67695466"
"37982","71489816","62956004"
"37983","71489816","97748181"
"37984","78895955","92256509"
"37985","78895955","80123358"
"37986","78895955","103083047"
"37987","78895955","88618901"
"37988","78895955","94201510"
"37989","78895955","103083624"
"37990","80121925","96099138"
"37991","80121925","78896272"
"37992","80121925","97747267"
"37993","80121925","103337907"
"37994","80121925","97747284"
"37995","80121925","78890722"
"37996","86686083","96092025"
"37997","86686083","96096815"
"37998","86686083","92439090"
"37999","86686083","62960174"
"38000","86686083","92257108"
"38001","86686083","103337611"
"38002","88619120","86681689"
"38003","88619120","103084722"
"38004","88619120","99972410"
"38005","88619120","65986033"
"38006","88619120","97752726"
"38007","88619120","67692311"
"38008","88677537","103493158"
"38009","88677537","80128455"
"38010","88677537","94196983"
"38011","88677537","96092880"
"38012","88677537","94201401"
"38013","88677537","65797676"
"38014","92257833","80128454"
"38015","92257833","99977677"
"38016","92257833","104173040"
"38017","92257833","92253878"
"38018","92257833","103082643"
"38019","92257833","103086448"
"38020","92439664","64914168"
"38021","92439664","103501854"
"38022","92439664","103079881"
"38023","92439664","96097823"
"38024","92439664","65799283"
"38025","92439664","88673359"
"38026","94203265","86679869"
"38027","94203265","67695343"
"38028","94203265","65798139"
"38029","94203265","92257245"
"38030","94203265","96095993"
"38031","94203265","65800204"
"38032","96091340","96095489"
"38033","96091586","65985676"
"38034","96091586","103492928"
"38035","96091586","92253374"
"38036","96091586","99979817"
"38037","96091586","92257388"
"38038","96091586","104172201"
"38039","96092042","103491643"
"38040","96092769","78894097"
"38041","96092777","92440080"
"38042","96092793","97752734"
"38043","96092798","104172249"
"38044","96093373","103340946"
"38045","96093373","103340909"
"38046","96093373","99977647"
"38047","96093373","104172723"
"38048","96093373","88618900"
"38049","96097785","103340967"
"38050","96097785","92251746"
"38051","96097790","94201971"
"38052","96097795","97747224"
"38053","96097795","104173762"
"38054","96098205","103342519"
"38055","96099154","99973708"
"38056","96099154","86680874"
"38057","97745953","86681668"
"38058","97746861","86686137"
"38059","97747271","97752177"
"38060","97747271","94198011"
"38061","97747276","88672408"
"38062","97747281","97753064"
"38063","97747281","94202092"
"38064","97751691","96093382"
"38065","97751691","88677026"
"38066","97751691","88671680"
"38067","97751691","99978885"
"38068","97751691","99974226"
"38069","97752266","104178414"
"38070","97752271","92251627"
"38071","97752287","78894078"
"38072","97752295","94203588"
"38073","97753021","92253700"
"38074","97753475","78891001"
"38075","97753475","88625716"
"38076","97753475","92440225"
"38077","97753475","92254805"
"38078","97753475","92446099"
"38079","97753475","67692359"
"38080","97753721","103084931"
"38081","99971143","80125803"
"38082","99972051","103336919"
"38083","99972461","97753723"
"38084","99972461","64916595"
"38085","99972466","69504458"
"38086","99972471","80128432"
"38087","99972471","104178115"
"38088","99976881","103338853"
"38089","99976881","103081832"
"38090","99976881","97747283"
"38091","99976881","94195676"
"38092","99976881","103081276"
"38093","99977456","64915785"
"38094","99977461","103335303"
"38095","99977477","96095506"
"38096","99977485","92445914"
"38097","99978211","96092342"
"38098","99978665","92444462"
"38099","99978665","86684731"
"38100","99978665","69507069"
"38101","99978665","88676206"
"38102","99978665","88623081"
"38103","99978665","65801232"
"38104","99978911","72817663"
"38105","96092949","92252633"
"38106","96095764","104171864"
"38107","96096004","103491600"
"38108","97749061","78889741"
"38109","97749301","62959553"
"38110","97752115","80123091"
"38111","99974251","103341615"
"38112","99974491","78895400"
"38113","99977305","99973616"
"38114","103081536","86682438"
"38115","103081536","94199640"
"38116","103081536","103082521"
"38117","103081536","78896170"
"38118","103081536","94196670"
"38119","103081536","80122910"
"38120","103081536","103340964"
"38121","103336606","86684753"
"38122","103336606","64913544"
"38123","103336606","86685670"
"38124","103336606","62957951"
"38125","103336606","71483096"
"38126","103336606","103492838"
"38127","103336606","86681012"
"38128","103491905","72817708"
"38129","103491905","64912746"
"38130","103491905","88626759"
"38131","103491905","71485780"
"38132","103491905","78889360"
"38133","103491905","96092616"
"38134","103491905","103084706"
"38135","104171680","94195623"
"38136","104171680","67697341"
"38137","104171680","92253179"
"38138","104171680","69504655"
"38139","104171680","92446060"
"38140","104171680","99974437"
"38141","104171680","88673278"
"38142","62957554","92253377"
"38143","62957554","62957954"
"38144","62957554","92444980"
"38145","64912357","94199345"
"38146","64912357","96092737"
"38147","64912357","99976668"
"38148","64912357","80122634"
"38149","64912357","86682481"
"38150","64912357","78888394"
"38151","65799689","103493321"
"38152","65799689","64917769"
"38153","65799689","97753545"
"38154","65799689","86685654"
"38155","65799689","97748222"
"38156","65799689","94198467"
"38157","65799689","80122982"
"38158","65985259","67695619"
"38159","65985259","103495399"
"38160","65985259","92257404"
"38161","67692797","88624771"
"38162","67692797","92251284"
"38163","67692797","94196822"
"38164","67692797","88620108"
"38165","67692797","88676681"
"38166","67692797","88624293"
"38167","67692797","94203279"
"38168","69502585","103084579"
"38169","69502585","88676373"
"38170","69502585","92253872"
"38171","69502585","71489843"
"38172","69502585","88622746"
"38173","69502585","88671275"
"38174","69502585","103495460"
"38175","71485261","65802731"
"38176","71485261","86679577"
"38177","71485261","62959355"
"38178","71485261","67698472"
"38179","71485261","96095476"
"38180","71485261","71483208"
"38181","71485261","94198761"
"38182","78889739","78891001"
"38183","78889739","103083301"
"38184","78889739","62956021"
"38185","78889739","104171688"
"38186","78889739","62960116"
"38187","78889739","64913652"
"38188","78889739","92253694"
"38189","80128141","103336542"
"38190","80128141","71488340"
"38191","80128141","104176681"
"38192","80128141","94199385"
"38193","80128141","96092452"
"38194","80128141","103341950"
"38195","80128141","97753484"
"38196","86679868","103491591"
"38197","86679868","104171634"
"38198","86679868","71487225"
"38199","86679868","72766452"
"38200","86679868","103341447"
"38201","86679868","94196784"
"38202","86679868","103342809"
"38203","88625335","71485855"
"38204","88625335","99978253"
"38205","88625335","64916627"
"38206","88625335","94201968"
"38207","88625335","65799713"
"38208","88625335","97751602"
"38209","88625335","99972652"
"38210","88671322","71489906"
"38211","88671322","103083820"
"38212","88671322","96097104"
"38213","88671322","86686328"
"38214","88671322","103341525"
"38215","88671322","65802450"
"38216","88671322","99974818"
"38217","92251618","67695442"
"38218","92251618","103085902"
"38219","92251618","99975044"
"38220","92251618","80127182"
"38221","92251618","94201937"
"38222","92251618","65801752"
"38223","92251618","65800175"
"38224","92445879","78896235"
"38225","92445879","67693990"
"38226","92445879","67695471"
"38227","92445879","80126319"
"38228","92445879","62958696"
"38229","92445879","86679550"
"38230","92445879","94199270"
"38231","94197050","92252587"
"38232","94197050","103491907"
"38233","94197050","67694731"
"38234","94197050","67697284"
"38235","94197050","92439444"
"38236","94197050","97745809"
"38237","94197050","104175893"
"38238","96091579","96097243"
"38239","97753482","104173760"
"38240","99978672","103343348"
"38241","96091056","97747642"
"38242","96091056","103504270"
"38243","96091069","104170297"
"38244","96091069","86686330"
"38245","96091373","92439446"
"38246","96092209","71484741"
"38247","96092730","97753516"
"38248","96092778","88677551"
"38249","96092794","99978879"
"38250","96096042","97753318"
"38251","96096070","92257419"
"38252","96096983","92441516"
"38253","96096983","103088026"
"38254","97748082","64914369"
"38255","97748995","61768794"
"38256","97749023","71486125"
"38257","97752270","88624802"
"38258","97752286","96095743"
"38259","97752334","103080231"
"38260","97752854","88669948"
"38261","97753688","103083611"
"38262","97753992","88622000"
"38263","97753992","65986560"
"38264","97754005","104171410"
"38265","97754005","96097842"
"38266","99973272","80129641"
"38267","99974185","80126335"
"38268","99974213","96092054"
"38269","99977460","97748228"
"38270","99977476","88676207"
"38271","99977524","97746542"
"38272","99977524","97747272"
"38273","99978044","64909721"
"38274","99978878","103343064"
"38275","99979182","92440221"
"38276","99979182","88623450"
"38277","99979195","104173485"
"38278","99979195","104177182"
"38279","103087834","88675667"
"38280","103342904","64910794"
"38281","103495370","67695053"
"38282","104177978","104176029"
"38283","65797757","62955897"
"38284","67690704","92251359"
"38285","69500459","104171237"
"38286","71483124","94199627"
"38287","78896043","88624987"
"38288","80121837","86679550"
"38289","86686171","97752488"
"38290","88619032","92251706"
"38291","88677625","88619870"
"38292","92257921","62959348"
"38293","92439576","96096440"
"38294","94203353","96091268"
"38295","96092982","80123828"
"38296","96092985","92441574"
"38297","96097801","103083874"
"38298","96097801","97749339"
"38299","96097801","104173927"
"38300","96097801","103083590"
"38301","96097801","65802489"
"38302","96097801","71484967"
"38303","96097801","103343338"
"38304","97747265","65804086"
"38305","97747265","97747523"
"38306","97747265","86679513"
"38307","97747265","92256048"
"38308","97747265","97753481"
"38309","97747265","96092623"
"38310","97747265","96097453"
"38311","97752079","78896009"
"38312","97752082","64913039"
"38313","99972455","88675536"
"38314","99972455","65804070"
"38315","99972455","103491632"
"38316","99972455","80128134"
"38317","99972455","64915795"
"38318","99972455","88620328"
"38319","99972455","103336586"
"38320","99977269","103342344"
"38321","99977272","103083271"
"38322","103081141","88623252"
"38323","103081141","88676209"
"38324","103081141","92258111"
"38325","103083238","92440947"
"38326","103083238","103504254"
"38327","103336211","88623527"
"38328","103336211","103087335"
"38329","103336211","104176686"
"38330","103338308","96098205"
"38331","103338308","97746940"
"38332","103491510","103335267"
"38333","103491510","92256662"
"38334","103493607","94202841"
"38335","103493607","88620430"
"38336","104171285","96098038"
"38337","104171285","67694205"
"38338","104171285","65987140"
"38339","104173382","92251293"
"38340","104173382","61680383"
"38341","61680405","92444066"
"38342","61680405","78895994"
"38343","61680405","88619681"
"38344","61680405","92442854"
"38345","61680405","67692413"
"38346","61680405","80126040"
"38347","61681316","92441130"
"38348","61681997","94198164"
"38349","61681997","103082951"
"38350","61682577","92439650"
"38351","61682577","104178396"
"38352","61768309","80122550"
"38353","61768309","86684328"
"38354","61768309","94195352"
"38355","61768309","64912771"
"38356","61768309","103336555"
"38357","61768309","88627034"
"38358","61769220","97752268"
"38359","61769895","88624226"
"38360","61769895","97747003"
"38361","61770475","64914262"
"38362","61770475","92252666"
"38363","62959206","78890558"
"38364","62959206","103341604"
"38365","64913936","88619534"
"38366","64913936","103339195"
"38367","65801374","80123824"
"38368","65801374","104176025"
"38369","65986845","103340920"
"38370","67692301","99976492"
"38371","67694489","103494522"
"38372","67694489","99970760"
"38373","69502088","97752115"
"38374","69502088","103083624"
"38375","69504293","96093463"
"38376","69504293","78892837"
"38377","71484761","94197070"
"38378","71484761","88625315"
"38379","71486975","104173486"
"38380","71486975","96093508"
"38381","78889344","80129569"
"38382","78889344","103083791"
"38383","78891442","69505423"
"38384","78891442","94199047"
"38385","80126438","62955303"
"38386","80126438","67694204"
"38387","80128536","88624347"
"38388","80128536","80127444"
"38389","86679473","71488350"
"38390","86679473","80126107"
"38391","86681571","65801225"
"38392","86681571","65797194"
"38393","88623632","94201799"
"38394","88623632","62960358"
"38395","88625730","64912054"
"38396","88625730","80121996"
"38397","88670927","88623082"
"38398","88670927","78888405"
"38399","88673025","80122367"
"38400","88673025","86684269"
"38401","92251223","78895325"
"38402","92251223","97747830"
"38403","92253321","97752922"
"38404","92253321","88676980"
"38405","92444176","88623458"
"38406","92444176","104178217"
"38407","92446274","86685485"
"38408","92446274","96099176"
"38409","94196655","103086456"
"38410","94196655","97753489"
"38411","94198753","71487535"
"38412","94198753","88677626"
"38413","96091083","88620853"
"38414","96091294","71487022"
"38415","96091527","103082494"
"38416","96091546","103495070"
"38417","96092189","80122544"
"38418","96092756","64912033"
"38419","97752308","78896529"
"38420","97752874","62960413"
"38421","97753515","64913132"
"38422","97753534","104178269"
"38423","97753767","88623046"
"38424","97753978","69500459"
"38425","99977498","69505277"
"38426","99978064","94199624"
"38427","99978705","62957080"
"38428","99978724","71487124"
"38429","99978957","92258591"
"38430","99979168","92447230"
"38431","103083095","103491605"
"38432","103083576","97753995"
"38433","103087419","65800206"
"38434","103087419","78891875"
"38435","103338165","104178417"
"38436","103338646","96091546"
"38437","103342489","78894661"
"38438","103342489","96096499"
"38439","103493464","65985427"
"38440","103495063","94198553"
"38441","103495063","69502252"
"38442","103504473","92255933"
"38443","104173239","92258350"
"38444","104173239","103086995"
"38445","104173720","61775757"
"38446","104177563","104171523"
"38447","104177563","103088765"
"38448","61683851","103336287"
"38449","61771746","99975043"
"38450","62955908","103341495"
"38451","62958982","104171288"
"38452","64910697","64914841"
"38453","64913793","103502212"
"38454","64916497","104171402"
"38455","65798018","71487222"
"38456","65798018","103338572"
"38457","65801231","99979164"
"38458","65803977","99972572"
"38459","65986702","86684225"
"38460","67690974","103493415"
"38461","67690974","97750309"
"38462","67694346","69503507"
"38463","67697136","62960413"
"38464","69500743","71486057"
"38465","69500743","86681951"
"38466","69504150","62957943"
"38467","69506998","78891511"
"38468","71483414","69499996"
"38469","71483414","99973564"
"38470","71486832","103491592"
"38471","71489694","67698471"
"38472","78891299","103342374"
"38473","78891780","88623249"
"38474","78895626","103086566"
"38475","78895626","65985667"
"38476","80122254","78894088"
"38477","80122254","92441003"
"38478","80126100","88676780"
"38479","80126581","103081533"
"38480","80126581","80122551"
"38481","86681428","69504611"
"38482","86681428","99978216"
"38483","86681909","86681590"
"38484","86685754","64914298"
"38485","86685754","94199362"
"38486","88619449","92440229"
"38487","88619449","103337966"
"38488","88623294","96097799"
"38489","88623775","80128455"
"38490","88623775","103338669"
"38491","88672882","99977455"
"38492","88672882","97753720"
"38493","88673363","92256519"
"38494","88677208","103082540"
"38495","88677208","104176138"
"38496","92253178","88672884"
"38497","92253178","64914085"
"38498","92253659","61680312"
"38499","92257504","96099152"
"38500","92257504","103081256"
"38501","92439993","92443796"
"38502","92439993","92253384"
"38503","92443838","88672363"
"38504","92444319","99974262"
"38505","94198610","94202791"
"38506","94199091","71486826"
"38507","94202936","61768582"
"38508","94202936","86684202"
"38509","96092779","94196735"
"38510","96093019","96099531"
"38511","96093019","92442484"
"38512","96097802","88621030"
"38513","96097802","88618203"
"38514","97747264","94203474"
"38515","97747264","67697379"
"38516","97752045","64916687"
"38517","97752045","96095601"
"38518","97752285","99974518"
"38519","99972454","72815304"
"38520","99972454","86679514"
"38521","99977235","88671635"
"38522","99977235","103086696"
"38523","99977475","88673657"
"38524","103081535","99974267"
"38525","103081535","88672249"
"38526","103336605","103081535"
"38527","103336605","94199389"
"38528","103491904","80121241"
"38529","103491904","92445843"
"38530","104171679","88619876"
"38531","104171679","92253693"
"38532","62957553","69505813"
"38533","64912356","92251628"
"38534","64912356","97753483"
"38535","65799688","97748976"
"38536","65799688","92256964"
"38537","65985258","86678136"
"38538","65985258","92251551"
"38539","67692796","67694804"
"38540","67692796","94196651"
"38541","69502584","99977524"
"38542","69502584","62955303"
"38543","71485260","86682440"
"38544","71485260","61686775"
"38545","78889738","88620502"
"38546","78889738","80121407"
"38547","80128142","64912372"
"38548","80128142","64912017"
"38549","86679867","88670923"
"38550","86679867","103336401"
"38551","88625336","62960509"
"38552","88625336","80121421"
"38553","88671321","103504378"
"38554","88671321","104178210"
"38555","92251617","99972456"
"38556","92251617","80128141"
"38557","92445880","88623569"
"38558","92445880","69504534"
"38559","94197049","69508367"
"38560","94197049","104171682"
"38561","103085998","80123208"
"38562","103341068","65801622"
"38563","103494158","92441568"
"38564","104176142","103081537"
"38565","57824028","69507106"
"38566","58144313","103082460"
"38567","64910534","96091508"
"38568","67690802","97749247"
"38569","69500563","88678059"
"38570","71483232","104172763"
"38571","78894204","80123827"
"38572","80123676","65800605"
"38573","86684332","64912002"
"38574","88620871","65987206"
"38575","88675786","71489238"
"38576","92256082","86686680"
"38577","92441415","92446197"
"38578","94201514","65802247"
"38579","103338226","94197406"
"38580","104173300","80121401"
"38581","57824027","104178653"
"38582","58144312","103502408"
"38583","61680344","92252471"
"38584","61680344","99974706"
"38585","61683912","78894785"
"38586","61768248","103492802"
"38587","61768248","65800249"
"38588","61771807","97752271"
"38589","62959124","86684932"
"38590","64913854","103086585"
"38591","65801292","103086383"
"38592","65986763","97752297"
"38593","80126520","71483504"
"38594","94198671","88620429"
"38595","103081534","103082353"
"38596","103081629","80121920"
"38597","103081824","88676224"
"38598","103082090","64916733"
"38599","103086062","69503552"
"38600","103086062","103341496"
"38601","103086062","78896248"
"38602","103336604","92258126"
"38603","103336699","65801982"
"38604","103336894","97752121"
"38605","103337160","99977476"
"38606","103341132","69505638"
"38607","103341132","88672882"
"38608","103341132","94202533"
"38609","103491903","80122194"
"38610","103491998","103504294"
"38611","103492193","71489829"
"38612","103492459","103337861"
"38613","103494218","64914194"
"38614","103494218","104176457"
"38615","103494218","103086853"
"38616","104171678","103343346"
"38617","104171773","99973710"
"38618","104171968","94196794"
"38619","104172234","99973272"
"38620","104176206","78891155"
"38621","104176206","65799252"
"38622","104176206","86681666"
"38623","58271971","103336701"
"38624","59211608","99978658"
"38625","59658890","96096839"
"38626","61578858","92438750"
"38627","61682120","80121627"
"38628","61687076","92445314"
"38629","61770018","62959501"
"38630","61774968","62954937"
"38631","62955314","97752568"
"38632","62957246","69504151"
"38633","62957552","96093450"
"38634","64910092","80129483"
"38635","64912053","92258212"
"38636","64912053","88674504"
"38637","64912053","80126091"
"38638","64912355","103086596"
"38639","64912522","80128432"
"38640","64977585","94202708"
"38641","65797412","92443635"
"38642","65799378","99974698"
"38643","65799378","97749512"
"38644","65799378","103494425"
"38645","65799687","65802228"
"38646","65799891","69500743"
"38647","65982986","97746983"
"38648","65984953","86679980"
"38649","65985257","94202411"
"38650","65985424","99977685"
"38651","67690360","71482619"
"38652","67692485","104176031"
"38653","67692485","88619583"
"38654","67692485","88671573"
"38655","67692795","92440828"
"38656","67693002","103491920"
"38657","67693373","64914338"
"38658","69500083","104170232"
"38659","69502273","58271972"
"38660","69502273","103086598"
"38661","69502273","96092567"
"38662","69502583","67693292"
"38663","69502790","104173095"
"38664","69503161","86686657"
"38665","71482748","78890781"
"38666","71484946","71485824"
"38667","71484946","97753769"
"38668","71484946","92439168"
"38669","71485259","80127155"
"38670","71485468","59671171"
"38671","71485842","94199333"
"38672","78889737","103338117"
"38673","78889832","99977811"
"38674","78890027","92441516"
"38675","78890293","96099298"
"38676","78894268","94198816"
"38677","78894268","96091377"
"38678","78894268","94201832"
"38679","80123612","97749853"
"38680","80123612","80121698"
"38681","80123612","80126980"
"38682","80127587","80129479"
"38683","80127853","64912036"
"38684","80128048","94201392"
"38685","80128143","86680835"
"38686","86679866","103495053"
"38687","86679961","92441354"
"38688","86680156","88621018"
"38689","86680422","94197050"
"38690","86684396","103087160"
"38691","86684396","97748223"
"38692","86684396","65801765"
"38693","88620807","69504686"
"38694","88620807","97752082"
"38695","88620807","71487339"
"38696","88624781","103494140"
"38697","88625047","88678349"
"38698","88625242","96091017"
"38699","88625337","69507754"
"38700","88671320","103343034"
"38701","88671415","99976795"
"38702","88671610","65799895"
"38703","88671876","103342258"
"38704","88675850","64914091"
"38705","88675850","103343533"
"38706","88675850","69503525"
"38707","92251616","92257522"
"38708","92251711","103341625"
"38709","92251906","96093477"
"38710","92252172","104177894"
"38711","92256146","99972473"
"38712","92256146","92446081"
"38713","92256146","99974544"
"38714","92441351","103341470"
"38715","92441351","96095442"
"38716","92441351","86680851"
"38717","92445325","92258054"
"38718","92445591","88678451"
"38719","92445786","103338405"
"38720","92445881","104177196"
"38721","94197048","62960416"
"38722","94197143","86681826"
"38723","94197338","92258128"
"38724","94197604","96096983"
"38725","94201578","69502844"
"38726","94201578","88625653"
"38727","94201578","61685948"
"38728","96091470","88624147"
"38729","96091547","88670972"
"38730","96092757","103491635"
"38731","96092780","103492823"
"38732","96093050","92439417"
"38733","96093050","71483448"
"38734","96093509","78894616"
"38735","96093509","88675676"
"38736","96097247","69504716"
"38737","96097708","96091260"
"38738","96097803","88669988"
"38739","96098192","99978886"
"38740","96098198","88620332"
"38741","97746868","61683851"
"38742","97746874","88619031"
"38743","97747263","96091921"
"38744","97747358","103338362"
"38745","97747819","99977649"
"38746","97751555","69499982"
"38747","97751555","65987368"
"38748","97752014","86681955"
"38749","97752014","71485819"
"38750","97752284","61768487"
"38751","97752307","103336281"
"38752","97753514","86684763"
"38753","97753591","97749339"
"38754","99972058","88672307"
"38755","99972064","103083605"
"38756","99972453","92442817"
"38757","99972548","88673681"
"38758","99973009","99975515"
"38759","99976745","88671422"
"38760","99976745","94198094"
"38761","99977204","67693604"
"38762","99977204","88620335"
"38763","99977474","97751609"
"38764","99977497","99979194"
"38765","99978704","69500829"
"38766","99978781","92445877"
"38767","97747588","104173772"
"38768","99972778","99972974"
"38769","103083423","99979196"
"38770","103083423","92256778"
"38771","103086572","65797764"
"38772","103338493","99979196"
"38773","103338493","94201408"
"38774","103341642","92440266"
"38775","103493792","94203485"
"38776","103493792","64915035"
"38777","103494560","78891294"
"38778","104173567","78890754"
"38779","104173567","65801417"
"38780","104176716","94198312"
"38781","61685845","88618819"
"38782","61686692","103336290"
"38783","61686693","94197346"
"38784","61773739","88676243"
"38785","61774585","80121575"
"38786","61774586","99977516"
"38787","62959677","92256050"
"38788","64914331","80124939"
"38789","65801789","103341353"
"38790","65987240","65800592"
"38791","67694904","78895295"
"38792","67694904","103086422"
"38793","69504709","103084105"
"38794","69504709","86682462"
"38795","69504873","94196786"
"38796","71487391","103343061"
"38797","71487391","104170025"
"38798","71487555","67693318"
"38799","78891627","103087959"
"38800","78891627","103088352"
"38801","78894778","86681423"
"38802","80123102","103342479"
"38803","80126253","88625649"
"38804","80126253","69503142"
"38805","86681756","94203311"
"38806","86681756","97749589"
"38807","86684906","103491999"
"38808","88620297","69502246"
"38809","88623447","69502256"
"38810","88623447","103339199"
"38811","88673210","99973918"
"38812","88673210","71483137"
"38813","88676360","69503215"
"38814","92253506","71486091"
"38815","92253506","97747264"
"38816","92256656","80127022"
"38817","92440841","97752580"
"38818","92443991","69502605"
"38819","92443991","80128452"
"38820","94198938","104171365"
"38821","94198938","92256082"
"38822","94202088","61769973"
"38823","96091472","99972225"
"38824","96095913","103341507"
"38825","96097478","103086314"
"38826","97749152","92440986"
"38827","97753589","97751568"
"38828","99974342","97752916"
"38829","99978779","103342822"
"38830","103087828","61686693"
"38831","103087828","65797725"
"38832","103087828","97752081"
"38833","103087828","103081259"
"38834","103087828","71485774"
"38835","103087828","94203782"
"38836","103087828","65797180"
"38837","103087828","64916638"
"38838","103087828","71487336"
"38839","103087828","88676368"
"38840","103087828","92252624"
"38841","103087828","64913395"
"38842","103087828","99973349"
"38843","103087828","104176566"
"38844","103087828","61771004"
"38845","103087828","103504425"
"38846","103087828","86680405"
"38847","103087828","103493892"
"38848","103342898","92439091"
"38849","103342898","97754220"
"38850","103342898","88677863"
"38851","103342898","65800262"
"38852","103342898","99978037"
"38853","103342898","97748224"
"38854","103342898","61768698"
"38855","103342898","96098098"
"38856","103342898","64914778"
"38857","103342898","88676203"
"38858","103342898","104171403"
"38859","103342898","103340802"
"38860","103342898","92438886"
"38861","103342898","103343730"
"38862","103342898","78896473"
"38863","103342898","88625647"
"38864","103342898","104171775"
"38865","103342898","86680977"
"38866","103501714","61680344"
"38867","103501714","103491643"
"38868","103501714","80123789"
"38869","103501714","64979737"
"38870","103501714","92439044"
"38871","103501714","78894094"
"38872","103501714","71488106"
"38873","103501714","88620303"
"38874","103501714","80121886"
"38875","103501714","94202936"
"38876","103501714","103081077"
"38877","103501714","103503944"
"38878","103501714","71488582"
"38879","103501714","97749855"
"38880","103501714","71488321"
"38881","103501714","103495370"
"38882","103501714","97749553"
"38883","103501714","69722520"
"38884","104177972","103342379"
"38885","104177972","88625718"
"38886","104177972","88677654"
"38887","104177972","88676669"
"38888","104177972","86679879"
"38889","104177972","69503058"
"38890","104177972","92253930"
"38891","104177972","71483502"
"38892","104177972","71487341"
"38893","104177972","99976651"
"38894","104177972","78896486"
"38895","104177972","86679556"
"38896","104177972","96095746"
"38897","104177972","99979428"
"38898","104177972","65804056"
"38899","104177972","64912361"
"38900","104177972","62957991"
"38901","104177972","80127605"
"38902","58336231","62961202"
"38903","61680403","103340957"
"38904","61680403","65982987"
"38905","61680403","78888239"
"38906","61680403","94202965"
"38907","61680403","64979722"
"38908","61680403","71483199"
"38909","61680403","96088870"
"38910","61684553","94196732"
"38911","61768307","80121700"
"38912","61768307","97749855"
"38913","61768307","92250266"
"38914","61768307","88672738"
"38915","61768307","80123089"
"38916","61768307","69505639"
"38917","61768307","94203869"
"38918","61772448","94197264"
"38919","62960233","103494666"
"38920","62960233","57824028"
"38921","62960233","97749142"
"38922","62960233","88671861"
"38923","62960233","103491586"
"38924","62960233","99973273"
"38925","62960233","64914233"
"38926","62960233","97751617"
"38927","62960233","62957203"
"38928","62960233","86684807"
"38929","62960233","62957987"
"38930","64914856","103339666"
"38931","64914856","92251832"
"38932","64914856","80126186"
"38933","64914856","96093487"
"38934","64914856","80126416"
"38935","64914856","65987221"
"38936","64914856","88669591"
"38937","64914856","94202280"
"38938","64914856","80123250"
"38939","64914856","94198411"
"38940","64914856","64909974"
"38941","64914856","78891156"
"38942","64914856","80127159"
"38943","64914856","86684700"
"38944","65802314","103087761"
"38945","65802314","99978671"
"38946","65802314","92439344"
"38947","65802314","96091258"
"38948","65802314","103083636"
"38949","65802314","103341627"
"38950","65802314","103085827"
"38951","65802314","71485013"
"38952","65802314","71485776"
"38953","65802314","104178651"
"38954","65802314","92252920"
"38955","65802314","97749838"
"38956","65802314","88624082"
"38957","65802314","88624226"
"38958","65802314","97748159"
"38959","65802314","94200238"
"38960","65802314","92441059"
"38961","67695429","80122483"
"38962","67695429","67692797"
"38963","67695429","65983340"
"38964","67695429","104177014"
"38965","67695429","88624377"
"38966","67695429","88623529"
"38967","67695429","94202050"
"38968","67695429","88671068"
"38969","67695429","78889699"
"38970","67695429","92446241"
"38971","67695429","92441004"
"38972","67695429","71487224"
"38973","67695429","78889448"
"38974","67695429","69500842"
"38975","67695429","71488106"
"38976","67695429","97759284"
"38977","67695429","103337526"
"38978","69505235","71488039"
"38979","69505235","86684872"
"38980","69505235","71485264"
"38981","69505235","65987223"
"38982","69505235","92439132"
"38983","69505235","92445343"
"38984","69505235","103340889"
"38985","69505235","96090962"
"38986","69505235","94203796"
"38987","69505235","88619989"
"38988","69505235","103081630"
"38989","69505235","92439730"
"38990","69505235","103079882"
"38991","69505235","69505429"
"38992","69505235","62958099"
"38993","69505235","96092949"
"38994","69505235","78889756"
"38995","69505235","67692467"
"38996","71487917","67697248"
"38997","71487917","65802357"
"38998","71487917","104175992"
"38999","71487917","96093373"
"39000","71487917","78894165"
"39001","71487917","61768699"
"39002","71487917","69505846"
"39003","71487917","94199639"
"39004","71487917","103341950"
"39005","71487917","96095512"
"39006","71487917","86685326"
"39007","71487917","65801543"
"39008","71487917","88616112"
"39009","71487917","65797855"
"39010","71487917","71491044"
"39011","71487917","96091883"
"39012","71487917","88671126"
"39013","71487917","80122635"
"39014","78896037","103502334"
"39015","78896037","65987188"
"39016","78896037","88625739"
"39017","78896037","103341675"
"39018","78896037","61581043"
"39019","78896037","103337527"
"39020","78896037","97749549"
"39021","78896037","103335154"
"39022","78896037","92440857"
"39023","78896037","65986561"
"39024","78896037","103340962"
"39025","78896037","97752721"
"39026","78896037","92444937"
"39027","78896037","94201418"
"39028","78896037","103491939"
"39029","78896037","92443290"
"39030","78896037","65799708"
"39031","78896037","104172220"
"39032","80121843","78894662"
"39033","80121843","69503068"
"39034","80121843","67691095"
"39035","80121843","69504676"
"39036","80121843","104171523"
"39037","80121843","69502808"
"39038","80121843","62955667"
"39039","80121843","94198361"
"39040","80121843","86688936"
"39041","80121843","103341666"
"39042","80121843","103340964"
"39043","80121843","92258150"
"39044","80121843","65802197"
"39045","80121843","103339781"
"39046","80121843","67695372"
"39047","80121843","88676189"
"39048","80121843","103337458"
"39049","80121843","65803602"
"39050","86686165","103495644"
"39051","86686165","86684782"
"39052","86686165","104173755"
"39053","86686165","103338330"
"39054","86686165","78891835"
"39055","86686165","103341509"
"39056","86686165","92445882"
"39057","86686165","97747200"
"39058","86686165","88672309"
"39059","86686165","94199033"
"39060","86686165","65799362"
"39061","86686165","103083361"
"39062","86686165","88619877"
"39063","86686165","88625660"
"39064","86686165","92258381"
"39065","86686165","103343037"
"39066","86686165","99972778"
"39067","86686165","97754000"
"39068","88619038","86680157"
"39069","88619038","96096247"
"39070","88619038","103340945"
"39071","88619038","64914459"
"39072","88619038","80121919"
"39073","88619038","103082232"
"39074","88619038","69502600"
"39075","88619038","59670418"
"39076","88619038","88620986"
"39077","88619038","61684633"
"39078","88619038","96095726"
"39079","88619038","71486691"
"39080","88619038","96096335"
"39081","88619038","80122682"
"39082","88619038","69506553"
"39083","88619038","86686385"
"39084","88619038","104169994"
"39085","88619038","94202646"
"39086","88677619","99978110"
"39087","88677619","80122387"
"39088","88677619","97749857"
"39089","88677619","104177024"
"39090","88677619","94199644"
"39091","88677619","103338115"
"39092","88677619","69505455"
"39093","88677619","96095516"
"39094","88677619","96096492"
"39095","88677619","78894901"
"39096","88677619","62956016"
"39097","88677619","103088022"
"39098","88677619","103081621"
"39099","88677619","62955627"
"39100","88677619","64914975"
"39101","88677619","92441478"
"39102","88677619","88673025"
"39103","88677619","97745607"
"39104","92257915","92445348"
"39105","92257915","99970977"
"39106","92257915","96096344"
"39107","92257915","103495497"
"39108","92257915","62957152"
"39109","92257915","59665188"
"39110","92257915","88620978"
"39111","92257915","97748224"
"39112","92257915","99977204"
"39113","92257915","88625643"
"39114","92257915","92443679"
"39115","92257915","69500874"
"39116","92257915","99976763"
"39117","92257915","62959520"
"39118","92257915","103338890"
"39119","92257915","104174866"
"39120","92257915","80125853"
"39121","92257915","99972140"
"39122","92439582","96095230"
"39123","92439582","104177429"
"39124","92439582","103087396"
"39125","92439582","97747016"
"39126","92439582","61680639"
"39127","92439582","69505269"
"39128","92439582","92441367"
"39129","92439582","99978735"
"39130","92439582","97747831"
"39131","92439582","71486633"
"39132","92439582","104174018"
"39133","92439582","103341114"
"39134","92439582","104178802"
"39135","92439582","86681571"
"39136","92439582","88676186"
"39137","92439582","99972391"
"39138","92439582","103501724"
"39139","94203347","92253178"
"39140","94203347","96091576"
"39141","94203347","97748566"
"39142","94203347","103491905"
"39143","94203347","88620108"
"39144","94203347","61768240"
"39145","94203347","86685214"
"39146","94203347","103341033"
"39147","94203347","103341491"
"39148","94203347","92258156"
"39149","94203347","92440542"
"39150","94203347","103338071"
"39151","94203347","80122370"
"39152","94203347","62955582"
"39153","94203347","99972474"
"39154","94203347","67690982"
"39155","94203347","78894806"
"39156","94203347","103335331"
"39157","96091326","103336251"
"39158","96091326","92444896"
"39159","96091504","104171977"
"39160","96091504","96092867"
"39161","96091504","94201407"
"39162","96091504","62958803"
"39163","96091504","80126382"
"39164","96091504","97747040"
"39165","96091504","94201403"
"39166","96091504","88620553"
"39167","96091504","88669971"
"39168","96091504","94202057"
"39169","96091504","103081227"
"39170","96091504","103336327"
"39171","96091504","71489696"
"39172","96091504","88677785"
"39173","96091504","88623018"
"39174","96091504","64913026"
"39175","96091504","80126063"
"39176","96091504","96098065"
"39177","97753557","97749854"
"39178","97753557","99972490"
"39179","97753557","88624174"
"39180","97753557","103495371"
"39181","97753557","96091547"
"39182","97753557","78894055"
"39183","97753557","103343321"
"39184","97753557","103342894"
"39185","97753557","86678128"
"39186","97753557","80127121"
"39187","97753557","80123825"
"39188","97753557","99978875"
"39189","97753557","103494567"
"39190","97753557","80121703"
"39191","97753557","64915029"
"39192","97753557","92442695"
"39193","97753557","69505151"
"39194","97753557","88619973"
"39195","97753735","92440833"
"39196","97753735","92445878"
"39197","99978747","96096795"
"39198","99978747","97754024"
"39199","99978747","92252537"
"39200","99978747","104177468"
"39201","99978747","99973349"
"39202","99978747","103082454"
"39203","99978747","64911920"
"39204","99978747","104176836"
"39205","99978747","96095719"
"39206","99978747","88677648"
"39207","99978747","88669984"
"39208","99978747","71485474"
"39209","99978747","67693313"
"39210","99978747","69503197"
"39211","99978747","94202252"
"39212","99978747","88626690"
"39213","99978747","64915805"
"39214","99978747","88673413"
"39215","99978925","80121710"
"39216","99978925","78890656"
"39217","103085838","99973538"
"39218","103085838","65800186"
"39219","103085838","88675679"
"39220","103086875","97751576"
"39221","103087283","78890764"
"39222","103340908","92253439"
"39223","103340908","92445786"
"39224","103340908","86684295"
"39225","103341945","92260300"
"39226","103342353","94202835"
"39227","103494127","96093291"
"39228","103494127","61686688"
"39229","103494127","88676808"
"39230","103494709","99978109"
"39231","103501890","103081629"
"39232","104175982","104170346"
"39233","104175982","103501861"
"39234","104175982","64910396"
"39235","104177019","99978251"
"39236","104177427","80123830"
"39237","61683456","78894661"
"39238","61683598","69502617"
"39239","61683598","65799378"
"39240","61683709","103086282"
"39241","61683709","92440420"
"39242","61683709","103087332"
"39243","61683846","61686640"
"39244","61687355","103085747"
"39245","61771353","71484932"
"39246","61771495","92250296"
"39247","61771495","92440723"
"39248","61771605","88625649"
"39249","61771605","67694340"
"39250","61771605","97746866"
"39251","61771741","96097268"
"39252","62960448","67693340"
"39253","64915066","67696752"
"39254","65802526","78895394"
"39255","67695657","92441415"
"39256","69502122","69502581"
"39257","69505463","92444167"
"39258","71484795","78895634"
"39259","71484883","92444777"
"39260","71488145","92444577"
"39261","78894044","92251244"
"39262","78894044","99979216"
"39263","78894044","92253840"
"39264","78895081","78894520"
"39265","78895490","86681926"
"39266","80122390","103503313"
"39267","80122799","103343118"
"39268","80123836","64914370"
"39269","80123836","69505138"
"39270","80123836","97747823"
"39271","86684172","61683600"
"39272","86684172","64915124"
"39273","86684172","67697284"
"39274","86685209","103504189"
"39275","86685618","71487338"
"39276","88619585","80121837"
"39277","88619994","94201938"
"39278","88621031","103336344"
"39279","88621031","104178804"
"39280","88621031","104173445"
"39281","88675626","103087751"
"39282","88675626","94197049"
"39283","88675626","92253444"
"39284","88676663","92443544"
"39285","88677072","94195696"
"39286","92255922","103086576"
"39287","92255922","69505193"
"39288","92255922","58336023"
"39289","92256959","103338864"
"39290","92257368","86679874"
"39291","92440129","88670967"
"39292","92440538","69505273"
"39293","92441575","88673474"
"39294","92441575","94202112"
"39295","92441575","97747740"
"39296","94201354","92251223"
"39297","94201354","97752096"
"39298","94201354","64916756"
"39299","94202391","94199270"
"39300","94202800","71484934"
"39301","96091471","104173412"
"39302","96092460","71486380"
"39303","96095914","64909735"
"39304","97749151","97747830"
"39305","97752604","80123784"
"39306","97753590","69505203"
"39307","99974341","64913487"
"39308","99977794","86681627"
"39309","99978780","92258402"
"39310","103080201","88673356"
"39311","103080201","94202411"
"39312","103080201","99979075"
"39313","103081212","97747262"
"39314","103081212","92256537"
"39315","103081212","69503222"
"39316","103081212","88625328"
"39317","103081212","71487291"
"39318","103081212","103087118"
"39319","103081212","65800292"
"39320","103081212","103495397"
"39321","103081212","80127331"
"39322","103081215","71486191"
"39323","103081215","97753886"
"39324","103081215","86680201"
"39325","103081215","103494424"
"39326","103081215","97752874"
"39327","103081216","88677834"
"39328","103081591","92444918"
"39329","103081591","78895397"
"39330","103081784","92440976"
"39331","103082345","86682116"
"39332","103083410","103082430"
"39333","103083497","61683290"
"39334","103083497","92441060"
"39335","103083497","69502098"
"39336","103083497","71488521"
"39337","103083497","104178171"
"39338","103083497","88678067"
"39339","103083497","61775645"
"39340","103083497","69500425"
"39341","103083497","64979686"
"39342","103083497","69502273"
"39343","103083497","64912028"
"39344","103083497","92446184"
"39345","103083497","61772343"
"39346","103083497","61775826"
"39347","103083497","92253871"
"39348","103084735","59658847"
"39349","103086061","64912930"
"39350","103086061","94196759"
"39351","103086061","71485783"
"39352","103086061","88620432"
"39353","103086061","103085902"
"39354","103086061","88676780"
"39355","103086061","92445650"
"39356","103086061","92256492"
"39357","103086061","92445585"
"39358","103086061","64914503"
"39359","103086289","104177869"
"39360","103086320","86684705"
"39361","103086320","103502021"
"39362","103086320","94199373"
"39363","103086350","88624636"
"39364","103086353","92256776"
"39365","103086386","99979285"
"39366","103086874","92256922"
"39367","103086874","80122257"
"39368","103087012","103341780"
"39369","103087019","103083569"
"39370","103087134","92444835"
"39371","103087139","71489891"
"39372","103087141","92253386"
"39373","103087142","92260299"
"39374","103087143","64912035"
"39375","103087144","92251864"
"39376","103087145","88677074"
"39377","103087149","61680793"
"39378","103087186","67697371"
"39379","103087192","86684619"
"39380","103087784","71485890"
"39381","103087784","92256680"
"39382","103087784","92440655"
"39383","103087957","103492764"
"39384","103087957","67694341"
"39385","103087957","92253128"
"39386","103088006","61775691"
"39387","103088006","88619003"
"39388","103088038","88618498"
"39389","103088045","88625002"
"39390","103088764","94195530"
"39391","103335271","94199017"
"39392","103335271","71487953"
"39393","103335271","103339094"
"39394","103335298","99973707"
"39395","103336282","99977957"
"39396","103336282","92447301"
"39397","103336282","88620483"
"39398","103336282","97752487"
"39399","103336282","65799282"
"39400","103336282","64912382"
"39401","103336282","78895852"
"39402","103336282","104178509"
"39403","103336282","69504899"
"39404","103336285","103084117"
"39405","103336285","99977681"
"39406","103336285","103086992"
"39407","103336285","94196688"
"39408","103336285","62960213"
"39409","103336286","92440841"
"39410","103336661","61687786"
"39411","103336661","92439548"
"39412","103336854","88625012"
"39413","103337415","103086414"
"39414","103338480","92252880"
"39415","103338567","94203783"
"39416","103338567","88673498"
"39417","103338567","80123321"
"39418","103338567","104176433"
"39419","103338567","67693571"
"39420","103338567","92251221"
"39421","103338567","96097102"
"39422","103338567","96095725"
"39423","103338567","92440533"
"39424","103338567","86680115"
"39425","103338567","78891497"
"39426","103338567","92256467"
"39427","103338567","78894614"
"39428","103338567","103494428"
"39429","103338567","78889751"
"39430","103338567","88620993"
"39431","103339805","96099321"
"39432","103341131","86679303"
"39433","103341131","92442678"
"39434","103341131","65802492"
"39435","103341131","61684420"
"39436","103341131","80122539"
"39437","103341131","94202117"
"39438","103341131","94198561"
"39439","103341131","94202082"
"39440","103341131","88675639"
"39441","103341131","61773791"
"39442","103341359","64914294"
"39443","103341390","88672633"
"39444","103341390","69502614"
"39445","103341390","104173743"
"39446","103341420","88624330"
"39447","103341423","103083762"
"39448","103341456","61687927"
"39449","103341944","86680927"
"39450","103341944","103492907"
"39451","103342082","92251866"
"39452","103342089","80125012"
"39453","103342204","86684214"
"39454","103342209","78895444"
"39455","103342211","99976809"
"39456","103342212","65801232"
"39457","103342213","94201264"
"39458","103342214","69505249"
"39459","103342215","67697284"
"39460","103342219","103341490"
"39461","103342256","103340942"
"39462","103342262","61774542"
"39463","103342854","104178599"
"39464","103342854","99973350"
"39465","103342854","103336333"
"39466","103343027","88671886"
"39467","103343027","103492157"
"39468","103343027","62957214"
"39469","103343076","103340919"
"39470","103343076","71486257"
"39471","103343108","94199298"
"39472","103343115","88673078"
"39473","103343834","65797199"
"39474","103490570","92256959"
"39475","103490570","69505268"
"39476","103491581","65987186"
"39477","103491581","69502587"
"39478","103491581","65802352"
"39479","103491581","65797426"
"39480","103491581","92445182"
"39481","103491581","96093370"
"39482","103491581","64914889"
"39483","103491581","96097548"
"39484","103491581","99978064"
"39485","103491584","64913150"
"39486","103491584","62958065"
"39487","103491584","97746924"
"39488","103491584","99978958"
"39489","103491584","103338308"
"39490","103491585","96090980"
"39491","103491960","103337563"
"39492","103491960","88623915"
"39493","103492153","86684790"
"39494","103492714","103082955"
"39495","103493779","103088764"
"39496","103493866","80122585"
"39497","103493866","67692422"
"39498","103493866","103082522"
"39499","103493866","92255971"
"39500","103493866","67692801"
"39501","103493866","92440701"
"39502","103493866","92443625"
"39503","103493866","103081469"
"39504","103493866","65987216"
"39505","103493866","86681422"
"39506","103493866","61769875"
"39507","103493866","94196674"
"39508","103493866","69507664"
"39509","103493866","86680678"
"39510","103493866","103338698"
"39511","103494217","103084107"
"39512","103494217","80122803"
"39513","103494217","86679502"
"39514","103494217","88671338"
"39515","103494217","104179149"
"39516","103494217","92439134"
"39517","103494217","103338852"
"39518","103494217","61770997"
"39519","103494217","94202101"
"39520","103494217","92251311"
"39521","103494357","103491529"
"39522","103494360","99974509"
"39523","103494393","65989613"
"39524","103494708","62958089"
"39525","103494708","94197945"
"39526","103494829","104178183"
"39527","103494836","97747798"
"39528","103494947","99976807"
"39529","103494952","71489843"
"39530","103494954","103086441"
"39531","103494955","67697379"
"39532","103494956","69507028"
"39533","103494957","103504155"
"39534","103494958","96092646"
"39535","103494962","71487831"
"39536","103495401","103492722"
"39537","103495401","92252137"
"39538","103495801","104177304"
"39539","103501548","61773810"
"39540","103501555","71485899"
"39541","103501751","78896168"
"39542","103501751","88620594"
"39543","103501751","103495382"
"39544","103501980","104173438"
"39545","103501986","71484936"
"39546","103502206","88626686"
"39547","103502206","86678492"
"39548","103502206","69505526"
"39549","103502237","71484920"
"39550","103503314","103491922"
"39551","104170345","94197604"
"39552","104170345","80123218"
"39553","104170345","61774793"
"39554","104170372","65801628"
"39555","104171356","61687760"
"39556","104171356","104178218"
"39557","104171356","92443798"
"39558","104171356","99972701"
"39559","104171356","92444963"
"39560","104171356","94198411"
"39561","104171356","88675847"
"39562","104171356","88676781"
"39563","104171356","88673418"
"39564","104171359","69500492"
"39565","104171359","65801721"
"39566","104171359","69500843"
"39567","104171359","96099298"
"39568","104171359","94197105"
"39569","104171360","64912775"
"39570","104171735","62962001"
"39571","104171735","71489829"
"39572","104171928","92251214"
"39573","104172489","96098047"
"39574","104173554","94199186"
"39575","104173641","80128144"
"39576","104173641","71487229"
"39577","104173641","69505454"
"39578","104173641","71489315"
"39579","104173641","103081261"
"39580","104173641","94197607"
"39581","104173641","103342264"
"39582","104173641","86678130"
"39583","104173641","103494601"
"39584","104173641","64915041"
"39585","104173641","104173488"
"39586","104173641","71486433"
"39587","104173641","86684913"
"39588","104173641","61772348"
"39589","104173641","97753359"
"39590","104173641","97748575"
"39591","104174879","103494931"
"39592","104176205","103087409"
"39593","104176205","67692795"
"39594","104176205","103501888"
"39595","104176205","62955106"
"39596","104176205","97748349"
"39597","104176205","59211608"
"39598","104176205","103492910"
"39599","104176205","103503937"
"39600","104176205","71488215"
"39601","104176205","71488158"
"39602","104176433","71483157"
"39603","104176464","92252622"
"39604","104176464","67694735"
"39605","104176464","103080261"
"39606","104176494","103085848"
"39607","104176497","103336281"
"39608","104176530","67695457"
"39609","104177018","86686363"
"39610","104177018","92439549"
"39611","104177156","92445316"
"39612","104177163","64913743"
"39613","104177278","96097326"
"39614","104177283","67695999"
"39615","104177285","92439576"
"39616","104177286","80123288"
"39617","104177287","62955753"
"39618","104177288","71485929"
"39619","104177289","103343525"
"39620","104177293","78895911"
"39621","104177330","99973765"
"39622","104177336","99974339"
"39623","104177928","67693682"
"39624","104177928","92257082"
"39625","104177928","88621018"
"39626","104178101","97751623"
"39627","104178101","61771497"
"39628","104178101","80123799"
"39629","104178101","103342257"
"39630","104178150","103335301"
"39631","104178150","96092869"
"39632","104178182","96093496"
"39633","104178189","64916641"
"39634","104178908","78892104"
"39635","61682775","86680181"
"39636","61682776","104178408"
"39637","61683098","103341068"
"39638","61683450","97756427"
"39639","61683450","61680618"
"39640","61683542","71488056"
"39641","61683542","99972704"
"39642","61683591","103494164"
"39643","61683591","78890271"
"39644","61683706","86678353"
"39645","61683747","69502259"
"39646","61683747","104172013"
"39647","61683845","80128545"
"39648","61683845","94196739"
"39649","61683906","92441564"
"39650","61684197","97752722"
"39651","61684215","62955012"
"39652","61684215","86686194"
"39653","61684215","94197861"
"39654","61684219","94197058"
"39655","61684418","103342927"
"39656","61684420","103341798"
"39657","61684540","104178700"
"39658","61684552","103086765"
"39659","61684572","86684650"
"39660","61684600","67693792"
"39661","61684600","104176429"
"39662","61684600","103494405"
"39663","61684600","92443838"
"39664","61685915","99978706"
"39665","61685926","92258113"
"39666","61685926","80123251"
"39667","61685926","97753592"
"39668","61685929","69502593"
"39669","61686620","88622989"
"39670","61686620","61683706"
"39671","61686637","71485265"
"39672","61686637","103493209"
"39673","61686638","62958549"
"39674","61686638","67695346"
"39675","61686639","92253444"
"39676","61686639","104178207"
"39677","61686684","62955116"
"39678","61686685","67697339"
"39679","61687339","86686588"
"39680","61687343","80122339"
"39681","61687419","62961910"
"39682","61687920","94197144"
"39683","61687922","67693748"
"39684","61687926","97749064"
"39685","61687928","69503209"
"39686","61687932","92445925"
"39687","61687934","86685387"
"39688","61687940","86685469"
"39689","61687942","92252558"
"39690","61687945","65800489"
"39691","61687947","99972151"
"39692","61687950","97752281"
"39693","61687952","88625223"
"39694","61770673","69503079"
"39695","61770674","61775608"
"39696","61770996","64915034"
"39697","61771347","97746887"
"39698","61771347","94201929"
"39699","61771439","65984827"
"39700","61771439","97749149"
"39701","61771488","67690240"
"39702","61771488","103342353"
"39703","61771602","104172057"
"39704","61771642","61775819"
"39705","61771642","103501550"
"39706","61771740","67693279"
"39707","61771740","69503214"
"39708","61771801","61684665"
"39709","61772092","69503576"
"39710","61772110","103493637"
"39711","61772110","88675741"
"39712","61772110","92446283"
"39713","61772114","103087138"
"39714","61772308","61772284"
"39715","61772313","88623426"
"39716","61772315","61771605"
"39717","61772323","86680433"
"39718","61772338","103085851"
"39719","61772343","96092173"
"39720","61772348","61680675"
"39721","61772435","88673498"
"39722","61772447","104173974"
"39723","61772467","94197067"
"39724","61772495","103336545"
"39725","61772495","62959206"
"39726","61772495","71485375"
"39727","61772495","103087161"
"39728","61773809","88622291"
"39729","61773820","103490447"
"39730","61773820","86685470"
"39731","61773820","104177558"
"39732","61773823","64916740"
"39733","61774513","103086387"
"39734","61774513","80127139"
"39735","61774530","97753768"
"39736","61774530","78896487"
"39737","61774531","99976811"
"39738","61774531","104172684"
"39739","61774532","67696430"
"39740","61774532","97749491"
"39741","61774577","88616309"
"39742","61774578","88618550"
"39743","61775812","69504746"
"39744","61775814","103338894"
"39745","61775818","97747275"
"39746","61775820","61684736"
"39747","61775824","88672289"
"39748","61775826","97753696"
"39749","61775832","92445546"
"39750","61775834","103336702"
"39751","61775837","96098163"
"39752","61775839","71485261"
"39753","61775842","92258355"
"39754","61775844","92257208"
"39755","62957213","80122675"
"39756","62957224","96092143"
"39757","62957224","103342740"
"39758","62957224","103085887"
"39759","62957224","86685327"
"39760","62957227","69502301"
"39761","62958101","69502684"
"39762","62958197","103340969"
"39763","62959368","92258332"
"39764","62959646","71487528"
"39765","62961907","104177149"
"39766","62962036","92444110"
"39767","62962036","103491912"
"39768","64911990","61771648"
"39769","64911990","61771602"
"39770","64912028","97748310"
"39771","64912031","69505428"
"39772","64912031","61680583"
"39773","64912031","103081218"
"39774","64912031","99972134"
"39775","64912034","86682208"
"39776","64912034","88623108"
"39777","64912034","78894645"
"39778","64912421","104173755"
"39779","64912421","61686636"
"39780","64912757","99978199"
"39781","64912888","96095924"
"39782","64912892","103087144"
"39783","64912908","65987161"
"39784","64912912","62960510"
"39785","64912916","78892028"
"39786","64912920","88623091"
"39787","64912924","61686620"
"39788","64913043","94201893"
"39789","64914098","94199289"
"39790","64914170","96096883"
"39791","64914318","92440865"
"39792","64914873","97747623"
"39793","64914875","65800247"
"39794","64916596","78895487"
"39795","64916700","94203813"
"39796","64916729","94197310"
"39797","64916729","88671335"
"39798","64916729","61584984"
"39799","65797246","88618362"
"39800","65799315","65800365"
"39801","65799315","80123315"
"39802","65799353","86684378"
"39803","65799353","103086598"
"39804","65799353","103342795"
"39805","65799353","103502243"
"39806","65799353","78889454"
"39807","65799356","64914168"
"39808","65799356","65800489"
"39809","65799356","69505357"
"39810","65799356","62959439"
"39811","65799356","92251552"
"39812","65799359","86686012"
"39813","65799359","99972058"
"39814","65799359","103336543"
"39815","65799359","88625278"
"39816","65799359","69502259"
"39817","65799359","72766151"
"39818","65799754","86683262"
"39819","65799754","64912745"
"39820","65800188","103340964"
"39821","65800319","99976642"
"39822","65800323","92441566"
"39823","65800339","103342082"
"39824","65800355","88619459"
"39825","65800481","69504293"
"39826","65801536","88676199"
"39827","65801628","103493998"
"39828","65801776","71487372"
"39829","65802333","96096498"
"39830","65802335","103341653"
"39831","65804077","71489269"
"39832","65804174","88623563"
"39833","65804182","80123277"
"39834","65804182","78889987"
"39835","65804182","103343114"
"39836","65804211","103085885"
"39837","65804211","104178883"
"39838","65804211","103087024"
"39839","65984890","80126173"
"39840","65984890","99974009"
"39841","65984931","99972091"
"39842","65984931","88677828"
"39843","65984931","104173932"
"39844","65984934","80126005"
"39845","65985948","61772455"
"39846","65987227","94198611"
"39847","65989506","80127323"
"39848","65989639","92444919"
"39849","65989639","94202398"
"39850","65989639","61685784"
"39851","67690194","104176038"
"39852","67690194","88625086"
"39853","67690709","92251251"
"39854","67690987","64916614"
"39855","67692422","92444834"
"39856","67692422","61768543"
"39857","67692460","103491593"
"39858","67692460","88619191"
"39859","67692460","78894782"
"39860","67692460","86680892"
"39861","67692463","67695660"
"39862","67692463","104176460"
"39863","67692463","92257814"
"39864","67692463","96092880"
"39865","67692463","104176016"
"39866","67692464","65799759"
"39867","67692466","65799695"
"39868","67692466","65802340"
"39869","67692466","62961169"
"39870","67692466","65797052"
"39871","67692466","71486276"
"39872","67692862","88675535"
"39873","67692862","103087052"
"39874","67693299","104173191"
"39875","67693403","94197589"
"39876","67693411","65987410"
"39877","67693430","88621021"
"39878","67693434","69504843"
"39879","67693442","96097708"
"39880","67693454","103081542"
"39881","67693462","96097265"
"39882","67693466","103491921"
"39883","67693470","57824030"
"39884","67693596","103335314"
"39885","67694508","103342855"
"39886","67694508","88620107"
"39887","67694651","88618592"
"39888","67694743","71488321"
"39889","67694891","64910503"
"39890","67695448","78895081"
"39891","67695450","65802223"
"39892","67697241","69499917"
"39893","67697338","97753696"
"39894","67697346","104177335"
"39895","67697346","97749248"
"39896","67697346","86682151"
"39897","67697367","88618899"
"39898","67697367","65988691"
"39899","67697367","80126071"
"39900","69499916","103504191"
"39901","69499916","64912812"
"39902","69500464","71490455"
"39903","69500464","65799206"
"39904","69500756","92253574"
"39905","69500756","86682999"
"39906","69502209","61682794"
"39907","69502209","71486082"
"39908","69502247","103504177"
"39909","69502247","67690347"
"39910","69502247","71488749"
"39911","69502247","61769979"
"39912","69502247","86686309"
"39913","69502247","104176038"
"39914","69502247","88624414"
"39915","69502247","61772467"
"39916","69502250","94201510"
"39917","69502250","99972996"
"39918","69502250","103085851"
"39919","69502250","103501368"
"39920","69502250","78895086"
"39921","69502251","61680794"
"39922","69502253","103494711"
"39923","69502253","69505488"
"39924","69502253","78895246"
"39925","69502253","65799690"
"39926","69502253","97747025"
"39927","69502253","86682127"
"39928","69502253","103501322"
"39929","69502253","103341384"
"39930","69502253","88618572"
"39931","69502650","99973012"
"39932","69502650","96092458"
"39933","69503087","88677625"
"39934","69503193","65800454"
"39935","69503201","86684332"
"39936","69503220","103081548"
"39937","69503224","65802525"
"39938","69503232","67695720"
"39939","69503244","88624287"
"39940","69503248","99979187"
"39941","69503252","97751774"
"39942","69503256","103086704"
"39943","69503260","88618207"
"39944","69503270","88620459"
"39945","69503400","94199310"
"39946","69504312","86679471"
"39947","69504312","78889737"
"39948","69504455","65800974"
"39949","69504548","62960209"
"39950","69504696","65987227"
"39951","69505254","62954891"
"39952","69505256","92445627"
"39953","69507101","88620996"
"39954","69507198","78896504"
"39955","69507206","69500876"
"39956","69507206","80124044"
"39957","69507206","62959441"
"39958","69507228","78889384"
"39959","69507228","88670960"
"39960","69507228","103341965"
"39961","71482578","86686409"
"39962","71482578","88673472"
"39963","71483129","94197084"
"39964","71483129","78891048"
"39965","71483129","96092199"
"39966","71483427","78895159"
"39967","71483427","88620989"
"39968","71484882","97753722"
"39969","71484882","104178699"
"39970","71484920","64911981"
"39971","71484920","67693320"
"39972","71484920","88619449"
"39973","71484920","78890072"
"39974","71484920","97748371"
"39975","71484920","94201902"
"39976","71484920","67697279"
"39977","71484920","97754162"
"39978","71484920","103344137"
"39979","71484923","64913788"
"39980","71484923","103087727"
"39981","71484923","92251333"
"39982","71484923","103343835"
"39983","71484923","88619734"
"39984","71484924","65983429"
"39985","71484926","67694894"
"39986","71484926","86680911"
"39987","71484926","96098199"
"39988","71484926","67694901"
"39989","71484926","88620284"
"39990","71484926","67694741"
"39991","71484926","71487521"
"39992","71484926","96091339"
"39993","71484926","99976799"
"39994","71484926","94195531"
"39995","71485327","69503098"
"39996","71485327","62959439"
"39997","71485768","80122480"
"39998","71485874","103087292"
"39999","71485882","67693311"
"40000","71485901","64912809"
"40001","71485905","64912357"
"40002","71485913","86684910"
"40003","71485925","80127610"
"40004","71485929","61774547"
"40005","71485933","65799932"
"40006","71485937","92444107"
"40007","71485941","104174038"
"40008","71485951","88677863"
"40009","71486082","80123134"
"40010","71486994","88676807"
"40011","71486994","71485751"
"40012","71486994","88625617"
"40013","71486994","103082555"
"40014","71486994","65801968"
"40015","71486994","99976811"
"40016","71486994","92444920"
"40017","71486994","97752012"
"40018","71487137","88620808"
"40019","71487230","92252929"
"40020","71487378","97751693"
"40021","71487936","92446172"
"40022","71487938","71486278"
"40023","71489800","65802736"
"40024","71489804","92439594"
"40025","71489897","69505638"
"40026","71489905","103336541"
"40027","71489905","67690803"
"40028","71489905","61682577"
"40029","71489927","99971070"
"40030","71489927","88676243"
"40031","71489927","96091761"
"40032","78888362","97752195"
"40033","78888362","61772056"
"40034","78889415","97746965"
"40035","78889415","88625336"
"40036","78889415","104173040"
"40037","78889415","69502830"
"40038","78889415","88677121"
"40039","78889415","103341484"
"40040","78889415","96092314"
"40041","78889415","103504155"
"40042","78889415","78894250"
"40043","78889418","86681627"
"40044","78889418","67693430"
"40045","78889418","103490525"
"40046","78889418","88671858"
"40047","78889418","97753773"
"40048","78889419","92439133"
"40049","78889794","65802526"
"40050","78889794","103087675"
"40051","78889987","64914457"
"40052","78890549","88674493"
"40053","78891614","61772495"
"40054","78891701","92444157"
"40055","78891701","78894488"
"40056","78891701","61684552"
"40057","78891701","99974530"
"40058","78891701","103492102"
"40059","78891701","88621000"
"40060","78891701","78889360"
"40061","78891701","80123612"
"40062","78892940","88625334"
"40063","78894267","97753009"
"40064","78894267","94197786"
"40065","78894267","103082797"
"40066","78894267","97753334"
"40067","78894267","97752198"
"40068","78894267","65801620"
"40069","78894267","62957930"
"40070","78894267","88624024"
"40071","78894267","99972077"
"40072","78894267","80123777"
"40073","78894495","88670947"
"40074","78894526","69506998"
"40075","78894526","61774579"
"40076","78894526","97748681"
"40077","78894556","99971171"
"40078","78894559","94203353"
"40079","78894592","86686578"
"40080","78895080","78891723"
"40081","78895080","103082069"
"40082","78895218","86684616"
"40083","78895225","71487955"
"40084","78895341","65800482"
"40085","78895346","97749632"
"40086","78895349","103337625"
"40087","78895350","94199130"
"40088","78895351","99976818"
"40089","78895352","92440834"
"40090","78895356","78890637"
"40091","78895393","92446149"
"40092","78895399","65805299"
"40093","78895993","99972453"
"40094","78895993","88623135"
"40095","78895993","61680361"
"40096","78896166","62958283"
"40097","78896166","88676210"
"40098","78896166","88620443"
"40099","78896166","78888402"
"40100","78896215","97748227"
"40101","78896215","96096380"
"40102","78896247","96092880"
"40103","78898765","97752722"
"40104","80119115","61774586"
"40105","80121626","88620314"
"40106","80121633","78889737"
"40107","80121665","78894103"
"40108","80121665","86679464"
"40109","80121714","64914103"
"40110","80121714","71487519"
"40111","80121714","103336627"
"40112","80121714","78890665"
"40113","80121887","103338858"
"40114","80121887","96098116"
"40115","80121887","96098168"
"40116","80122481","80122970"
"40117","80122487","104175080"
"40118","80122524","99972457"
"40119","80122528","80127780"
"40120","80122529","96091079"
"40121","80122530","80128142"
"40122","80122531","103492266"
"40123","80122532","88623010"
"40124","80122534","65797762"
"40125","80122539","71487294"
"40126","80122655","99973421"
"40127","80122662","62957556"
"40128","80122800","92251378"
"40129","80122800","103501976"
"40130","80123288","86681014"
"40131","80123321","78891511"
"40132","80123324","69503508"
"40133","80123354","86680156"
"40134","80123354","78894751"
"40135","80123354","97747265"
"40136","80123385","61768224"
"40137","80123613","69504747"
"40138","80123613","65987227"
"40139","80123613","86684688"
"40140","80123613","103494568"
"40141","80123613","104173233"
"40142","80123613","92256130"
"40143","80123613","99973354"
"40144","80123613","92257870"
"40145","80123613","92252623"
"40146","80123613","103338838"
"40147","80124940","103081290"
"40148","80126179","65800168"
"40149","80126179","103490595"
"40150","80126179","62957207"
"40151","80126179","92258406"
"40152","80126179","92258351"
"40153","80126179","88677117"
"40154","80126179","92255972"
"40155","80126179","99976879"
"40156","80126179","78891825"
"40157","80126179","65986451"
"40158","80126179","71486783"
"40159","80126179","78894628"
"40160","80126179","64915801"
"40161","80126179","69503093"
"40162","80126179","103086453"
"40163","80126179","61680301"
"40164","80126179","94196730"
"40165","80126179","99978727"
"40166","80126179","99978240"
"40167","80126179","69499962"
"40168","80126179","92439627"
"40169","80126266","99972165"
"40170","80127331","97752606"
"40171","80127893","99974209"
"40172","80128086","69503220"
"40173","80128086","103491708"
"40174","80128461","88672307"
"40175","80128462","104172213"
"40176","80128462","71491070"
"40177","80128462","94199144"
"40178","80128462","61586302"
"40179","80128462","103491902"
"40180","80128465","88625730"
"40181","80128465","96095457"
"40182","80128465","69502250"
"40183","80128465","104176573"
"40184","80128465","78898764"
"40185","80128465","97754233"
"40186","80128465","62959850"
"40187","80128465","64909889"
"40188","80128465","104171281"
"40189","80129518","97746948"
"40190","80129518","65802338"
"40191","86678491","99978115"
"40192","86678491","80126158"
"40193","86679544","67693434"
"40194","86679544","78894615"
"40195","86679544","80123680"
"40196","86679544","78888040"
"40197","86679544","64915029"
"40198","86679544","86685458"
"40199","86679544","57824023"
"40200","86679544","65804243"
"40201","86679544","94202540"
"40202","86679547","64915132"
"40203","86679547","92258127"
"40204","86679547","99977374"
"40205","86679547","88676366"
"40206","86679547","65985948"
"40207","86679548","97748225"
"40208","86679923","71483044"
"40209","86679923","64910092"
"40210","86680116","92255930"
"40211","86680678","64915271"
"40212","86681743","96098112"
"40213","86681830","80123107"
"40214","86681830","67690241"
"40215","86681830","99972137"
"40216","86681830","67694347"
"40217","86681830","78891980"
"40218","86681830","71484921"
"40219","86681830","104173765"
"40220","86681830","92251293"
"40221","86681830","97752768"
"40222","86681830","86681944"
"40223","86681830","69502256"
"40224","86681830","62955666"
"40225","86681830","78894638"
"40226","86681830","62959896"
"40227","86681830","65802290"
"40228","86681830","78889363"
"40229","86681830","64914283"
"40230","86681830","78894661"
"40231","86681830","78895348"
"40232","86681830","104172215"
"40233","86681830","99974341"
"40234","86681830","96090808"
"40235","86681830","64915804"
"40236","86681830","61682118"
"40237","86683068","86684771"
"40238","86684395","80121355"
"40239","86684395","103083768"
"40240","86684395","104178149"
"40241","86684395","88618589"
"40242","86684395","104177898"
"40243","86684395","80126416"
"40244","86684395","62958806"
"40245","86684395","80126369"
"40246","86684395","94197582"
"40247","86684395","92444518"
"40248","86684623","92440994"
"40249","86684654","103080730"
"40250","86684654","99978251"
"40251","86684654","104173382"
"40252","86684684","88675833"
"40253","86684687","94203562"
"40254","86684720","71484946"
"40255","86685208","103501549"
"40256","86685208","97747281"
"40257","86685346","71489846"
"40258","86685353","94202658"
"40259","86685469","64909869"
"40260","86685474","80122479"
"40261","86685476","65799363"
"40262","86685477","71486168"
"40263","86685478","103336211"
"40264","86685479","104176689"
"40265","86685480","104176579"
"40266","86685484","64916686"
"40267","86685521","61771740"
"40268","86685527","96096795"
"40269","86686121","69502667"
"40270","86686121","67694088"
"40271","86686121","61772059"
"40272","86686294","67695849"
"40273","86686294","67695464"
"40274","86686294","104175995"
"40275","86686294","92444122"
"40276","86686294","94202916"
"40277","86686343","65801708"
"40278","86686343","96091703"
"40279","86686375","104172497"
"40280","86686382","103495412"
"40281","86688893","62960506"
"40282","88616310","69507225"
"40283","88618821","69502680"
"40284","88618828","78896489"
"40285","88618860","86684202"
"40286","88618860","64913174"
"40287","88618909","61686638"
"40288","88618909","99976758"
"40289","88618909","103341830"
"40290","88618909","88623520"
"40291","88619082","104174864"
"40292","88619082","92444918"
"40293","88619082","64912918"
"40294","88619676","94201451"
"40295","88619682","88626712"
"40296","88619719","92441530"
"40297","88619723","69507139"
"40298","88619724","94201364"
"40299","88619725","80126034"
"40300","88619726","96092623"
"40301","88619727","88676498"
"40302","88619729","104175912"
"40303","88619734","71482579"
"40304","88619850","67690671"
"40305","88619857","71489854"
"40306","88619995","61687933"
"40307","88619995","80129879"
"40308","88620483","65799181"
"40309","88620516","80121630"
"40310","88620519","97753998"
"40311","88620549","65804007"
"40312","88620549","88619727"
"40313","88620549","71483414"
"40314","88620580","67695850"
"40315","88620808","103086415"
"40316","88620808","96097282"
"40317","88620808","86685333"
"40318","88620808","92445566"
"40319","88620808","97748225"
"40320","88620808","78894655"
"40321","88620808","103088039"
"40322","88620808","103338930"
"40323","88620808","86678521"
"40324","88620808","97747198"
"40325","88622135","65797785"
"40326","88623373","64909884"
"40327","88623373","67695387"
"40328","88623373","88620872"
"40329","88623373","104176046"
"40330","88623373","88670967"
"40331","88623373","88676174"
"40332","88623373","103491911"
"40333","88623373","96091308"
"40334","88623373","88624770"
"40335","88623373","67693570"
"40336","88623373","71487016"
"40337","88623373","86685187"
"40338","88623373","80121645"
"40339","88623373","103080236"
"40340","88623373","104177905"
"40341","88623373","80128174"
"40342","88623373","104173935"
"40343","88623373","78895398"
"40344","88623373","99973019"
"40345","88623373","97753014"
"40346","88623373","64916692"
"40347","88623373","62959376"
"40348","88623373","88676968"
"40349","88623460","71487526"
"40350","88624525","59669902"
"40351","88625087","80123926"
"40352","88625280","80125895"
"40353","88625280","71487943"
"40354","88625655","103343096"
"40355","88625656","67690361"
"40356","88625656","61768216"
"40357","88625656","86684748"
"40358","88625656","103341005"
"40359","88625656","88619050"
"40360","88625659","88619051"
"40361","88625659","65804719"
"40362","88625659","88676073"
"40363","88625659","88673604"
"40364","88625659","64913650"
"40365","88625659","65800196"
"40366","88625659","103339182"
"40367","88625659","80125781"
"40368","88625659","86679555"
"40369","88626712","61775231"
"40370","88626712","94199277"
"40371","88669945","97753360"
"40372","88669945","99972193"
"40373","88670998","86684619"
"40374","88670998","103084723"
"40375","88670998","71483531"
"40376","88670998","61687388"
"40377","88670998","71487355"
"40378","88670998","92439575"
"40379","88670998","88677833"
"40380","88670998","71485893"
"40381","88670998","103503458"
"40382","88671001","62958085"
"40383","88671001","64914789"
"40384","88671001","103336939"
"40385","88671001","61683450"
"40386","88671001","88671008"
"40387","88671002","92441003"
"40388","88671377","92251730"
"40389","88671377","65798118"
"40390","88671570","99972070"
"40391","88672132","103338712"
"40392","88673197","104177018"
"40393","88673284","99978232"
"40394","88673284","86686292"
"40395","88673284","99976643"
"40396","88673284","99977609"
"40397","88673284","65987237"
"40398","88673284","78890280"
"40399","88673284","69503106"
"40400","88673284","62955051"
"40401","88673284","80121707"
"40402","88673284","88620448"
"40403","88673284","88676669"
"40404","88673284","78889477"
"40405","88673284","96090868"
"40406","88673284","92447226"
"40407","88673284","88671326"
"40408","88673284","78894644"
"40409","88673284","78894902"
"40410","88673284","65799378"
"40411","88673284","92440013"
"40412","88673284","88676787"
"40413","88673284","69502591"
"40414","88673284","92443289"
"40415","88673284","99972093"
"40416","88673284","103493637"
"40417","88673284","69504841"
"40418","88673284","103086538"
"40419","88674522","61680890"
"40420","88675849","103082560"
"40421","88675849","103494812"
"40422","88675849","103494952"
"40423","88675849","65799328"
"40424","88675849","94203676"
"40425","88675849","103338865"
"40426","88675849","103494436"
"40427","88675849","94197338"
"40428","88675849","94202391"
"40429","88675849","103343339"
"40430","88676077","97747262"
"40431","88676108","103338328"
"40432","88676108","61772274"
"40433","88676108","69506242"
"40434","88676138","78891995"
"40435","88676141","104172982"
"40436","88676174","65988139"
"40437","88676662","99977615"
"40438","88676662","104172378"
"40439","88676800","62957950"
"40440","88676807","104171678"
"40441","88676923","103502172"
"40442","88676928","71491085"
"40443","88676930","88618517"
"40444","88676931","67692467"
"40445","88676932","103086421"
"40446","88676933","61687928"
"40447","88676934","61775820"
"40448","88676938","71485271"
"40449","88676975","92253038"
"40450","88676981","71485345"
"40451","88677575","92251307"
"40452","88677575","92439649"
"40453","88677575","64913743"
"40454","88677748","69503692"
"40455","88677748","86686400"
"40456","88677748","103502437"
"40457","88677748","61683549"
"40458","88677748","78889424"
"40459","88677797","103083260"
"40460","88677797","96097804"
"40461","88677829","88669898"
"40462","88677836","65802212"
"40463","88680347","78895389"
"40464","92250241","96092940"
"40465","92250241","103337609"
"40466","92251294","92252620"
"40467","92251294","69503085"
"40468","92251294","78894811"
"40469","92251294","71491027"
"40470","92251294","88626677"
"40471","92251294","92445786"
"40472","92251294","92444123"
"40473","92251294","61686651"
"40474","92251294","65989406"
"40475","92251297","86679473"
"40476","92251297","80123836"
"40477","92251297","86684161"
"40478","92251297","65983596"
"40479","92251297","64912892"
"40480","92251298","103081631"
"40481","92251673","104176699"
"40482","92251673","69502162"
"40483","92251866","67695454"
"40484","92252428","92438988"
"40485","92253493","103337567"
"40486","92253580","64912009"
"40487","92253580","103082345"
"40488","92253580","67690787"
"40489","92253580","88620438"
"40490","92253580","67693789"
"40491","92253580","65802731"
"40492","92253580","86680181"
"40493","92253580","61773762"
"40494","92253580","78892079"
"40495","92253580","65985661"
"40496","92253580","58336022"
"40497","92253580","67694346"
"40498","92253580","67695574"
"40499","92254818","103502415"
"40500","92256145","103493789"
"40501","92256145","94203788"
"40502","92256145","104180113"
"40503","92256145","97749062"
"40504","92256145","96093454"
"40505","92256145","104175081"
"40506","92256145","103495383"
"40507","92256145","99973151"
"40508","92256145","64912908"
"40509","92256145","88620297"
"40510","92256373","78893954"
"40511","92256404","99977305"
"40512","92256404","80122799"
"40513","92256404","104173756"
"40514","92256434","61684573"
"40515","92256437","88671122"
"40516","92256470","64915797"
"40517","92256958","64912737"
"40518","92256958","69505420"
"40519","92257096","104176023"
"40520","92257103","92251301"
"40521","92257219","88676977"
"40522","92257224","92440996"
"40523","92257226","104174269"
"40524","92257227","64914250"
"40525","92257228","92257417"
"40526","92257229","103502414"
"40527","92257230","94199091"
"40528","92257234","64916601"
"40529","92257271","61772448"
"40530","92257277","71486297"
"40531","92257871","88624799"
"40532","92257871","104171622"
"40533","92257871","94202210"
"40534","92258044","92256511"
"40535","92258044","103493779"
"40536","92258044","86680871"
"40537","92258044","61683542"
"40538","92258093","86685618"
"40539","92258093","94202662"
"40540","92258125","99976880"
"40541","92258132","71482472"
"40542","92260299","92252176"
"40543","92436854","97752767"
"40544","92439372","78894267"
"40545","92439404","99973414"
"40546","92439404","64912765"
"40547","92439626","65804105"
"40548","92439626","80124953"
"40549","92439626","103083795"
"40550","92440220","103492714"
"40551","92440226","103087124"
"40552","92440263","88625332"
"40553","92440267","97748289"
"40554","92440268","103087963"
"40555","92440269","88620875"
"40556","92440270","104172604"
"40557","92440271","78891780"
"40558","92440273","92257419"
"40559","92440278","92446152"
"40560","92440394","80118862"
"40561","92440401","104170462"
"40562","92440539","86680975"
"40563","92440539","65800300"
"40564","92441027","88626689"
"40565","92441060","92439419"
"40566","92441063","78894495"
"40567","92441093","92444897"
"40568","92441093","103342355"
"40569","92441093","62957939"
"40570","92441124","80123118"
"40571","92441352","96098119"
"40572","92441352","80119115"
"40573","92441352","99972548"
"40574","92441352","88675673"
"40575","92441352","94197395"
"40576","92441352","65989505"
"40577","92441352","69502247"
"40578","92441352","65804125"
"40579","92441352","103082495"
"40580","92441352","92253955"
"40581","92442679","86678514"
"40582","92443917","86679580"
"40583","92443917","103343638"
"40584","92443917","99971146"
"40585","92443917","61684706"
"40586","92443917","103337416"
"40587","92443917","64911920"
"40588","92443917","103337608"
"40589","92443917","88677757"
"40590","92443917","86686632"
"40591","92444004","92256540"
"40592","92445069","65800454"
"40593","92445631","78891972"
"40594","92445824","92439443"
"40595","92445824","103342489"
"40596","92446199","86685173"
"40597","92446200","99972248"
"40598","92446200","65985931"
"40599","92446200","104173402"
"40600","92446200","104177576"
"40601","92446200","86680879"
"40602","92446203","65984857"
"40603","92446203","96093050"
"40604","92446203","80123721"
"40605","92446203","65800629"
"40606","92446203","69502144"
"40607","92446203","94202713"
"40608","92446203","78895045"
"40609","92446203","96091543"
"40610","92446203","78896869"
"40611","92447256","65803283"
"40612","92447256","103341828"
"40613","94195674","92258046"
"40614","94195674","94199270"
"40615","94196726","65987389"
"40616","94196726","69507199"
"40617","94196726","67696754"
"40618","94196726","65804007"
"40619","94196726","88671344"
"40620","94196726","103082354"
"40621","94196726","92439993"
"40622","94196726","97751461"
"40623","94196726","94198075"
"40624","94196729","103088274"
"40625","94196729","78889796"
"40626","94196729","103492908"
"40627","94196729","103336282"
"40628","94196729","99977461"
"40629","94196730","97749298"
"40630","94197105","86685531"
"40631","94197105","71487926"
"40632","94197298","64979688"
"40633","94197860","88626687"
"40634","94198925","61680678"
"40635","94199012","103081539"
"40636","94199012","97751617"
"40637","94199012","94203258"
"40638","94199012","104171736"
"40639","94199012","88622148"
"40640","94199012","92255911"
"40641","94199012","92252623"
"40642","94199012","92256626"
"40643","94199012","67693314"
"40644","94199012","103504177"
"40645","94199012","80123793"
"40646","94199012","78889454"
"40647","94199012","61769236"
"40648","94199012","103087285"
"40649","94199012","71487373"
"40650","94199012","92256514"
"40651","94199012","92255952"
"40652","94199012","104171930"
"40653","94199012","104177097"
"40654","94199012","94202121"
"40655","94199012","92257377"
"40656","94199012","71483132"
"40657","94199012","96093699"
"40658","94199012","92251390"
"40659","94200250","86684393"
"40660","94201577","92255930"
"40661","94201577","80123238"
"40662","94201577","103342825"
"40663","94201577","104172646"
"40664","94201577","65987293"
"40665","94201577","103491530"
"40666","94201577","99976792"
"40667","94201577","96092463"
"40668","94201577","99971068"
"40669","94201577","71485392"
"40670","94201805","88625690"
"40671","94201836","104176515"
"40672","94201836","94196780"
"40673","94201836","99979193"
"40674","94201866","94197608"
"40675","94201869","86679580"
"40676","94201902","61774307"
"40677","94202390","88677583"
"40678","94202390","92258336"
"40679","94202528","71486191"
"40680","94202535","69505424"
"40681","94202651","103085876"
"40682","94202656","104174880"
"40683","94202658","78890303"
"40684","94202659","92445822"
"40685","94202660","104171406"
"40686","94202661","103083518"
"40687","94202662","103340952"
"40688","94202666","96092768"
"40689","94202703","86684180"
"40690","94202709","78894627"
"40691","94203303","92443567"
"40692","94203303","103501752"
"40693","94203303","104177553"
"40694","94203476","88673129"
"40695","94203476","104175993"
"40696","94203476","88676344"
"40697","94203525","71488507"
"40698","94203525","61682795"
"40699","94203557","62960357"
"40700","94203564","88624335"
"40701","94205731","99974543"
"40702","96091375","69499919"
"40703","96091375","67693424"
"40704","96091375","92444413"
"40705","96091473","103085748"
"40706","96091915","103337143"
"40707","96091915","62958989"
"40708","96092049","67690715"
"40709","96092097","88625647"
"40710","96092461","69500562"
"40711","96092461","103086555"
"40712","96092464","92441528"
"40713","96095834","86679555"
"40714","96095834","103495466"
"40715","96095839","103087154"
"40716","96095839","104171285"
"40717","96095839","104172932"
"40718","96095839","67693006"
"40719","96095839","67694040"
"40720","96095839","69502795"
"40721","96095839","88672467"
"40722","96095839","88619678"
"40723","96095839","103341129"
"40724","96095839","104176561"
"40725","96095839","94196809"
"40726","96095839","104177327"
"40727","96095839","103338849"
"40728","96095839","78895839"
"40729","96095839","80126721"
"40730","96095839","104176727"
"40731","96095839","65800209"
"40732","96095839","80128144"
"40733","96095839","67693358"
"40734","96095839","99978241"
"40735","96095839","86680763"
"40736","96095839","62957942"
"40737","96095839","92445347"
"40738","96095839","103494571"
"40739","96095845","86680786"
"40740","96095847","78890558"
"40741","96095916","65983306"
"40742","96095924","94202068"
"40743","96095926","92440561"
"40744","96096046","94201936"
"40745","96096046","65801776"
"40746","96096797","67692375"
"40747","96096798","64915051"
"40748","96096799","103081472"
"40749","96097325","96093463"
"40750","96097325","88674507"
"40751","96097746","97749512"
"40752","96097746","88676329"
"40753","96098121","78894081"
"40754","96098122","67693306"
"40755","96099151","69503270"
"40756","97745956","97751461"
"40757","97746944","103088043"
"40758","97746945","64910781"
"40759","97747320","94197591"
"40760","97747320","64914328"
"40761","97747741","92440867"
"40762","97747741","104176497"
"40763","97748266","94202635"
"40764","97748267","71482749"
"40765","97748267","99978112"
"40766","97748268","62955115"
"40767","97748268","88618294"
"40768","97749019","88624781"
"40769","97749019","67695443"
"40770","97749139","103492469"
"40771","97749141","103336428"
"40772","97749149","64911928"
"40773","97749218","80126332"
"40774","97749220","103494613"
"40775","97749231","94198028"
"40776","97749231","99977271"
"40777","97752600","103086872"
"40778","97752603","69503794"
"40779","97752603","88623974"
"40780","97752966","78889427"
"40781","97753014","86685523"
"40782","97753148","80126384"
"40783","97753148","103087039"
"40784","97753588","64914295"
"40785","99971146","86679548"
"40786","99972134","94202226"
"40787","99972134","86685479"
"40788","99972135","65802498"
"40789","99972510","61684721"
"40790","99972510","99972210"
"40791","99972931","88672243"
"40792","99972931","80128140"
"40793","99973456","88676573"
"40794","99973457","65802498"
"40795","99973458","94196885"
"40796","99974209","69722494"
"40797","99974209","71487949"
"40798","99974329","92256397"
"40799","99974331","88671334"
"40800","99974339","67695616"
"40801","99974408","71485941"
"40802","99974410","103338741"
"40803","99974421","96098482"
"40804","99974421","92252737"
"40805","99977790","92440866"
"40806","99977793","92256045"
"40807","99977793","99974332"
"40808","99978156","86686600"
"40809","99978204","61772207"
"40810","99978338","67693300"
"40811","99978338","92251338"
"40812","99978778","94202469"
"40813","96093276","94200091"
"40814","96093276","71489295"
"40815","97751788","88672326"
"40816","97751788","88616309"
"40817","99976978","103082637"
"40818","99976978","86679599"
"40819","103086577","88678064"
"40820","103341647","92443994"
"40821","103494565","80126630"
"40822","104176721","103338561"
"40823","61684551","104175983"
"40824","61772446","78891537"
"40825","62959887","86680912"
"40826","64914500","92257279"
"40827","65801958","103088568"
"40828","65987409","62958647"
"40829","67695073","80121407"
"40830","69504878","92260489"
"40831","71487560","94197084"
"40832","78894783","65987171"
"40833","80123097","86684789"
"40834","86684911","103337523"
"40835","88620292","103083572"
"40836","88676365","94199087"
"40837","92256661","71483440"
"40838","92440836","65983239"
"40839","94202093","65987409"
"40840","96092758","71485471"
"40841","96093381","65803992"
"40842","96096098","103081783"
"40843","96096098","67695463"
"40844","96097542","78891450"
"40845","96097542","65802491"
"40846","96097554","103494603"
"40847","97747512","69505271"
"40848","97747524","86684770"
"40849","97747524","92438899"
"40850","97748967","92445859"
"40851","97748967","104171361"
"40852","97751683","88676364"
"40853","97752306","67695054"
"40854","99972702","88676206"
"40855","99972714","104172245"
"40856","99972714","92444459"
"40857","99974157","104178573"
"40858","99974157","88669822"
"40859","99976873","88672366"
"40860","99977496","99973504"
"40861","103081532","99972457"
"40862","103081532","92254802"
"40863","103084741","67693685"
"40864","103336602","80122388"
"40865","103336602","99972455"
"40866","103339811","61775843"
"40867","103491901","71488182"
"40868","103491901","69507225"
"40869","103503308","71489924"
"40870","104171676","71484933"
"40871","104171676","61680588"
"40872","104174885","61680301"
"40873","61681994","71486056"
"40874","61686247","92444058"
"40875","61686247","92252725"
"40876","61769892","88677835"
"40877","61774141","67694729"
"40878","61774141","69502250"
"40879","62957545","96093462"
"40880","62957545","104176982"
"40881","64912352","96095714"
"40882","64912352","62959549"
"40883","64916594","62957557"
"40884","65799684","103502458"
"40885","65799684","104173720"
"40886","65804075","71483029"
"40887","65985254","92444461"
"40888","65985254","92439139"
"40889","67692792","71487950"
"40890","67692792","65988746"
"40891","67697239","96092151"
"40892","69502580","97745956"
"40893","69502580","88676197"
"40894","69507099","103495610"
"40895","71485256","103501528"
"40896","71485256","67696446"
"40897","71489798","96091375"
"40898","78889735","67693354"
"40899","78889735","65799685"
"40900","78892946","103342750"
"40901","80124934","92256400"
"40902","80128145","78895616"
"40903","80128145","96095464"
"40904","86679864","78894807"
"40905","86679864","104171406"
"40906","86683074","96090881"
"40907","88622129","104176848"
"40908","88625339","71489238"
"40909","88625339","71487258"
"40910","88671318","69505260"
"40911","88671318","104178007"
"40912","88674528","92438943"
"40913","92251614","94200110"
"40914","92251614","67694490"
"40915","92254824","94198925"
"40916","92442673","103343437"
"40917","92445883","64909875"
"40918","92445883","92257077"
"40919","94197046","78891821"
"40920","94197046","65985720"
"40921","94200256","88625573"
"40922","97750470","57824024"
"40923","99975660","103501188"
"40924","103080045","103494584"
"40925","103080207","65799704"
"40926","103080207","88676800"
"40927","103081209","97747003"
"40928","103081209","65802489"
"40929","103081628","96097488"
"40930","103081628","61774544"
"40931","103083494","80122963"
"40932","103085840","86679555"
"40933","103086530","86684771"
"40934","103087117","94202754"
"40935","103087412","69505499"
"40936","103335115","92440084"
"40937","103335277","65801776"
"40938","103335277","92251965"
"40939","103336279","103495378"
"40940","103336279","99972453"
"40941","103336698","103337648"
"40942","103336698","96097707"
"40943","103338564","103081570"
"40944","103340868","97752295"
"40945","103340910","99972143"
"40946","103341600","88672281"
"40947","103342187","64914368"
"40948","103342482","88616310"
"40949","103490414","67690704"
"40950","103490576","97748569"
"40951","103490576","103342376"
"40952","103491578","67697220"
"40953","103491578","71487310"
"40954","103491997","62954890"
"40955","103491997","103336698"
"40956","103493863","86686377"
"40957","103494129","69502257"
"40958","103494518","88623246"
"40959","103494930","104177232"
"40960","103495056","78891978"
"40961","104170189","103341132"
"40962","104170351","88623509"
"40963","104170351","103494836"
"40964","104171353","97746954"
"40965","104171353","94203484"
"40966","104171772","86680230"
"40967","104171772","94196822"
"40968","104173638","78891814"
"40969","104175942","67697242"
"40970","104175984","61687726"
"40971","104176674","69505144"
"40972","104177261","69499916"
"40973","104177556","78894736"
"40974","59659867","86680789"
"40975","61579173","61774793"
"40976","61685920","99975025"
"40977","61686412","69505250"
"40978","61686414","103341772"
"40979","61687391","94201413"
"40980","61773814","67690625"
"40981","61774306","103336559"
"40982","61774308","103088037"
"40983","61775283","94196734"
"40984","62955634","92440980"
"40985","62957218","94203327"
"40986","62957714","88673026"
"40987","62957714","69504455"
"40988","62957716","65986703"
"40989","64910408","103086541"
"40990","64912025","69505526"
"40991","64912025","103337152"
"40992","64912521","61682130"
"40993","64912521","92440846"
"40994","64912523","65986703"
"40995","64914115","88618600"
"40996","64977900","103495063"
"40997","65797728","69502591"
"40998","65799350","92251624"
"40999","65799350","103491962"
"41000","65799890","67693769"
"41001","65799890","99971679"
"41002","65799892","92251221"
"41003","65801553","61772213"
"41004","65983303","80121402"
"41005","65985423","78895481"
"41006","65985425","67695612"
"41007","65987024","88677574"
"41008","67690674","86680873"
"41009","67692298","88625317"
"41010","67692457","97749340"
"41011","67692457","92253770"
"41012","67693001","92251318"
"41013","67693001","80123266"
"41014","67693003","80122390"
"41015","67694668","69503508"
"41016","69500428","65800239"
"41017","69502085","78889384"
"41018","69502244","99976794"
"41019","69502244","64909893"
"41020","69502789","61772240"
"41021","69502789","86685329"
"41022","69502791","97748371"
"41023","69504472","61774535"
"41024","69504831","62959118"
"41025","71483093","71487540"
"41026","71484758","94203565"
"41027","71484917","69505425"
"41028","71484917","88624233"
"41029","71485467","104177247"
"41030","71485467","94195717"
"41031","71485469","103336604"
"41032","71487154","92440574"
"41033","71487513","103080232"
"41034","78888368","80122659"
"41035","78889412","92251614"
"41036","78889412","92256969"
"41037","78889831","80123138"
"41038","78889831","104171377"
"41039","78891698","103082594"
"41040","78894046","96095764"
"41041","78894736","88619877"
"41042","78895324","99973370"
"41043","78895619","104171792"
"41044","80122261","92250146"
"41045","80122556","61771801"
"41046","80123144","80123259"
"41047","80123834","103340946"
"41048","80126182","96095767"
"41049","80128049","88623450"
"41050","80128049","80128361"
"41051","80128468","92443790"
"41052","80128468","96093587"
"41053","80129512","97747610"
"41054","86678335","99973460"
"41055","86678497","80121623"
"41056","86679541","88624770"
"41057","86679541","96093486"
"41058","86679960","62961883"
"41059","86679960","61768698"
"41060","86681827","103083303"
"41061","86684174","80123069"
"41062","86684864","92444151"
"41063","86685452","78895044"
"41064","86685747","86686144"
"41065","88619456","71489793"
"41066","88619751","65800674"
"41067","88620339","88673659"
"41068","88621029","103084124"
"41069","88623376","96096795"
"41070","88625243","94198472"
"41071","88625243","78896166"
"41072","88625662","88619916"
"41073","88625662","103337707"
"41074","88626706","88623087"
"41075","88626706","99976978"
"41076","88626868","97752604"
"41077","88669789","104178648"
"41078","88669951","104176721"
"41079","88670995","67693480"
"41080","88670995","88625084"
"41081","88671414","67690974"
"41082","88671414","65799174"
"41083","88673281","69499963"
"41084","88675628","96096732"
"41085","88676318","103338166"
"41086","88676906","94202700"
"41087","88677201","99971072"
"41088","92250085","92251629"
"41089","92250247","80122834"
"41090","92250247","64909863"
"41091","92251291","88676928"
"41092","92251291","103083774"
"41093","92251710","92254190"
"41094","92251710","67694870"
"41095","92253577","92440302"
"41096","92255924","96093462"
"41097","92256614","103337714"
"41098","92257202","99972134"
"41099","92257497","80122569"
"41100","92440000","69505274"
"41101","92440295","78894747"
"41102","92440883","103338360"
"41103","92441573","62959537"
"41104","92443920","92252428"
"41105","92445787","86686147"
"41106","92445787","88674509"
"41107","92446206","103081225"
"41108","92446206","65800351"
"41109","92447250","94197105"
"41110","92447412","65799704"
"41111","94195518","97753068"
"41112","94195680","103342870"
"41113","94195680","61687037"
"41114","94196723","92440870"
"41115","94196723","92258526"
"41116","94197142","80126438"
"41117","94197142","92253894"
"41118","94199009","92444918"
"41119","94201356","80126578"
"41120","94202046","104176740"
"41121","94202634","80121916"
"41122","94202929","97753536"
"41123","96088866","104178587"
"41124","96088866","104171932"
"41125","96088871","92253695"
"41126","96088874","69502253"
"41127","96091283","99976811"
"41128","96091284","92443679"
"41129","96091498","99974630"
"41130","96091548","67690321"
"41131","96091548","78891616"
"41132","96091548","99976872"
"41133","96092752","96091545"
"41134","96093495","104170367"
"41135","96094601","80125902"
"41136","96095568","104176720"
"41137","96095568","103081548"
"41138","96095568","67693705"
"41139","96097551","97748305"
"41140","96097551","94201242"
"41141","96097553","104176141"
"41142","96097709","67692352"
"41143","96098128","65801622"
"41144","96098128","86684216"
"41145","96099171","71487815"
"41146","96099171","69507191"
"41147","96099222","103339787"
"41148","97745885","103083615"
"41149","97745936","61683099"
"41150","97745936","103085901"
"41151","97746938","94201411"
"41152","97746938","64916726"
"41153","97747357","104171353"
"41154","97747513","64912934"
"41155","97747515","99971073"
"41156","97747515","103081534"
"41157","97749497","80123830"
"41158","97749497","97747271"
"41159","97749497","88624794"
"41160","97750464","103084711"
"41161","97751569","65800157"
"41162","97752312","92257417"
"41163","97753513","103336212"
"41164","97753513","65799268"
"41165","97753513","64912814"
"41166","97753778","69504877"
"41167","97754739","61772338"
"41168","97754742","86682015"
"41169","97754747","69504007"
"41170","97754747","88623023"
"41171","99971075","71484923"
"41172","99971126","78896250"
"41173","99971126","88678057"
"41174","99972128","65802692"
"41175","99972128","88675639"
"41176","99972547","92440536"
"41177","99972547","104178410"
"41178","99972703","103337505"
"41179","99972705","88676318"
"41180","99972705","80122495"
"41181","99974687","78895245"
"41182","99974687","86685209"
"41183","99974687","88620437"
"41184","99975654","80122341"
"41185","99976759","97748273"
"41186","99977502","80121704"
"41187","99978703","94199339"
"41188","99978703","67694959"
"41189","99978703","94201514"
"41190","99978968","88673566"
"41191","99979929","67696451"
"41192","99979932","96098122"
"41193","99979937","71486255"
"41194","99979937","92438980"
"41195","57822383","61772333"
"41196","58142668","94196869"
"41197","96092051","88625732"
"41198","96092060","88676324"
"41199","97753003","97748989"
"41200","97753012","65803979"
"41201","97753563","64914295"
"41202","99978193","96097869"
"41203","99978202","104173964"
"41204","99978753","99978204"
"41205","103087228","69502650"
"41206","103342298","88673094"
"41207","103501945","103339649"
"41208","104177372","96095715"
"41209","62960369","67693746"
"41210","64914987","104173401"
"41211","65802447","103494372"
"41212","67695562","103336857"
"41213","69505368","99972100"
"41214","71488050","103087183"
"41215","78895435","94202823"
"41216","80122445","78896253"
"41217","86685563","92257268"
"41218","88619640","69504653"
"41219","88677017","65798044"
"41220","92257313","64912896"
"41221","92440184","78890841"
"41222","94202745","86684338"
"41223","103081530","99973272"
"41224","103085995","67697269"
"41225","103085995","78889985"
"41226","103086575","86679868"
"41227","103086726","88624778"
"41228","103086726","69507255"
"41229","103087411","104171792"
"41230","103336600","88669975"
"41231","103341065","92440975"
"41232","103341065","99972460"
"41233","103341645","103495004"
"41234","103341796","78894573"
"41235","103341796","103080236"
"41236","103342481","104178187"
"41237","103491899","69722441"
"41238","103494155","86684222"
"41239","103494155","57822383"
"41240","103494563","97747299"
"41241","103495055","103087789"
"41242","103502079","88675513"
"41243","103502079","94201801"
"41244","104171674","104172029"
"41245","104176139","61775773"
"41246","104176139","65801691"
"41247","104176719","64914765"
"41248","104176870","103081473"
"41249","104176870","97748230"
"41250","104176870","62957128"
"41251","104176870","86684184"
"41252","104176870","104171781"
"41253","104177555","61686686"
"41254","57822382","103081219"
"41255","58142667","69505418"
"41256","59659865","64912421"
"41257","59660643","69503510"
"41258","59660643","88620143"
"41259","61579172","99976810"
"41260","61686245","99978967"
"41261","61687390","67694958"
"41262","61774139","94201964"
"41263","61775282","88671414"
"41264","62955224","104173879"
"41265","62955633","65801181"
"41266","62957543","96097554"
"41267","62959885","78896033"
"41268","64910002","88670942"
"41269","64910002","92445858"
"41270","64910407","92447307"
"41271","64912350","104172638"
"41272","64914498","104171318"
"41273","64977899","104171366"
"41274","65797321","78894623"
"41275","65797321","62960142"
"41276","65797727","61685915"
"41277","65799682","103343347"
"41278","65801956","80127927"
"41279","65982896","94201396"
"41280","65983302","92252579"
"41281","65985252","78892927"
"41282","65987407","96093445"
"41283","67690269","92251297"
"41284","67690269","61684320"
"41285","67690673","64912774"
"41286","67692790","64914975"
"41287","67695071","103493321"
"41288","69499991","69504443"
"41289","69499991","103337615"
"41290","69500427","71483104"
"41291","69502578","61684142"
"41292","69504876","104172689"
"41293","71482655","103086046"
"41294","71482655","103336691"
"41295","71483092","103504531"
"41296","71485254","92444120"
"41297","71487558","88673363"
"41298","78889733","61685845"
"41299","78894201","78894056"
"41300","78894201","86686092"
"41301","78894781","86686308"
"41302","78895618","104177136"
"41303","80122262","96092778"
"41304","80123099","92256506"
"41305","80123679","78891826"
"41306","80123679","80122341"
"41307","80128147","65801723"
"41308","86679862","71489960"
"41309","86684329","103501369"
"41310","86684329","99979183"
"41311","86684909","92438838"
"41312","86685746","103341782"
"41313","88619457","97751602"
"41314","88620294","62958365"
"41315","88620874","86684216"
"41316","88620874","99978366"
"41317","88625341","64914797"
"41318","88671316","61686694"
"41319","88675783","99971683"
"41320","88675783","94203326"
"41321","88676363","78889742"
"41322","88677200","69505267"
"41323","92251612","61683794"
"41324","92256079","65801415"
"41325","92256079","92438989"
"41326","92256659","99976667"
"41327","92256810","104177846"
"41328","92257496","92255966"
"41329","92440001","64913292"
"41330","92440838","103334952"
"41331","92441418","88619468"
"41332","92441418","104178407"
"41333","92445885","86681285"
"41334","94197044","69503104"
"41335","94201511","65802732"
"41336","94201511","92443982"
"41337","94202091","69503193"
"41338","94202242","99974410"
"41339","94202242","94199132"
"41340","94202928","96099298"
"41341","96093340","92440420"
"41342","96093340","96093022"
"41343","96093372","65985323"
"41344","96093372","69499917"
"41345","96093372","103495401"
"41346","96093372","97748284"
"41347","96093372","62958689"
"41348","97751692","69722802"
"41349","97751692","57822261"
"41350","97751692","92257842"
"41351","97751692","65801983"
"41352","97751692","88677516"
"41353","97751724","94203784"
"41354","97751724","78894095"
"41355","99976882","103494129"
"41356","99976882","94203525"
"41357","99976882","96090675"
"41358","99976882","96093381"
"41359","99976882","86684236"
"41360","99976914","62959356"
"41361","99976914","80122836"
"41362","103083623","103085852"
"41363","103083780","78894637"
"41364","103083896","88676141"
"41365","103087395","96093448"
"41366","103338693","99971171"
"41367","103338850","96093479"
"41368","103338966","96097790"
"41369","103342465","88623246"
"41370","103504153","97747835"
"41371","103504269","88625658"
"41372","103504426","59665063"
"41373","104173767","71487931"
"41374","104173924","104173925"
"41375","104174040","69502792"
"41376","104177539","61773842"
"41377","58336230","92250271"
"41378","58336230","96098179"
"41379","69505501","96092147"
"41380","69505504","94197969"
"41381","71488183","71487932"
"41382","71488186","80125115"
"41383","71488187","61772215"
"41384","78891827","88677839"
"41385","78891984","65987372"
"41386","78892101","64914170"
"41387","80122278","86685663"
"41388","80125779","80128134"
"41389","80125896","88675586"
"41390","80126053","103335303"
"41391","86681956","69505356"
"41392","86682113","96091063"
"41393","86682229","96092983"
"41394","86685730","86685329"
"41395","88619473","97747025"
"41396","88622974","96098161"
"41397","88623090","96093455"
"41398","88623247","103341612"
"41399","88673410","69507137"
"41400","88673567","64912062"
"41401","88673683","61687501"
"41402","88677184","61685868"
"41403","92253706","92444957"
"41404","92253863","65801953"
"41405","92253979","104172690"
"41406","92257480","88677216"
"41407","92443518","94203796"
"41408","92443634","61684161"
"41409","92443791","71483196"
"41410","94199138","96093052"
"41411","94199295","103502237"
"41412","94199411","104173501"
"41413","94202912","88624439"
"41414","96091939","69504151"
"41415","96091940","65800605"
"41416","96093457","103337141"
"41417","96093458","65804071"
"41418","96093461","92444174"
"41419","96095440","88673410"
"41420","96095556","94199114"
"41421","96095713","80121855"
"41422","96099255","71489269"
"41423","96099255","88620403"
"41424","97745852","97752012"
"41425","97745852","86686343"
"41426","97749352","96097745"
"41427","97749509","97753061"
"41428","97749625","103086893"
"41429","97751603","97751621"
"41430","97751606","104173926"
"41431","97751607","103342094"
"41432","97753123","103337531"
"41433","99971042","64916633"
"41434","99971042","103341642"
"41435","99974542","69502285"
"41436","99974699","103335274"
"41437","99974815","99977235"
"41438","99976793","69505242"
"41439","99976796","94196727"
"41440","99976797","92251327"
"41441","99978313","96098071"
"41442","103080123","103501780"
"41443","103080123","92253719"
"41444","103087836","88626657"
"41445","103335193","62958849"
"41446","103335193","71491120"
"41447","103342906","94205732"
"41448","103490492","64914260"
"41449","103490492","103341766"
"41450","103495372","88621071"
"41451","104170267","67691064"
"41452","104170267","71485787"
"41453","104177980","65986652"
"41454","57824020","88623352"
"41455","57824020","104173761"
"41456","58144305","64912743"
"41457","58144305","103490627"
"41458","59668346","64910533"
"41459","59668346","92441574"
"41460","61687415","104176032"
"41461","61775307","104172221"
"41462","62955306","88625088"
"41463","62955661","78889953"
"41464","64910084","80126429"
"41465","64910439","103084560"
"41466","65797404","88676500"
"41467","65797404","103335148"
"41468","65797759","92440719"
"41469","65982978","103491903"
"41470","65983334","99979183"
"41471","67690352","94202409"
"41472","67690706","64913938"
"41473","69500075","94201869"
"41474","69500461","65987169"
"41475","71482740","69504101"
"41476","71482740","97753694"
"41477","71483126","88625656"
"41478","78888284","96093338"
"41479","78888284","104177476"
"41480","78896045","99976816"
"41481","80121835","61774957"
"41482","80129596","80125806"
"41483","80129596","67695362"
"41484","86678413","94196985"
"41485","86678413","78889478"
"41486","86686173","71484934"
"41487","88619030","99976793"
"41488","88626790","88671379"
"41489","88626790","96096885"
"41490","88669867","67690596"
"41491","88669867","103081628"
"41492","88677627","104171692"
"41493","92250163","92252317"
"41494","92250163","92253341"
"41495","92257923","88673575"
"41496","92439574","69503834"
"41497","92447334","61768580"
"41498","92447334","86685495"
"41499","94195596","103494830"
"41500","94195596","67693438"
"41501","94203355","103088763"
"41502","103080071","97745578"
"41503","103083614","94201482"
"41504","103083632","99976881"
"41505","103083786","103082469"
"41506","103083792","92443634"
"41507","103083812","80123799"
"41508","103083842","94198673"
"41509","103085870","80121426"
"41510","103085874","103340001"
"41511","103085877","104173768"
"41512","103085878","71487948"
"41513","103085886","64909974"
"41514","103085903","103088249"
"41515","103085993","94202370"
"41516","103085993","104174249"
"41517","103087023","72817743"
"41518","103087133","96093472"
"41519","103087394","80123680"
"41520","103335141","65797773"
"41521","103338684","94201451"
"41522","103338702","69505488"
"41523","103338856","71487962"
"41524","103338862","97749414"
"41525","103338882","92441030"
"41526","103338912","99972202"
"41527","103340940","80125818"
"41528","103340944","65983692"
"41529","103340947","97751683"
"41530","103340948","64977572"
"41531","103340956","96092189"
"41532","103340973","71485903"
"41533","103341063","67694822"
"41534","103341063","62955149"
"41535","103342093","61686642"
"41536","103342203","59665285"
"41537","103342464","78889745"
"41538","103490440","96097555"
"41539","103494840","103080244"
"41540","103494946","88623578"
"41541","103501834","67694491"
"41542","103502337","80123680"
"41543","103502337","92257195"
"41544","103502406","92441522"
"41545","103502423","99978894"
"41546","103502431","88673399"
"41547","103502432","88625710"
"41548","103502435","61769895"
"41549","103502439","103495572"
"41550","103504237","103081137"
"41551","103504257","62958548"
"41552","103504263","71485280"
"41553","103504417","103088296"
"41554","103504435","92440999"
"41555","104170215","99974699"
"41556","104173758","96093449"
"41557","104173776","69500756"
"41558","104173930","97752418"
"41559","104173936","86685046"
"41560","104173956","71485256"
"41561","104173986","65797825"
"41562","104176014","62960509"
"41563","104176018","64912816"
"41564","104176021","61686641"
"41565","104176022","88621025"
"41566","104176030","92256955"
"41567","104176047","80123613"
"41568","104176137","88673686"
"41569","104176137","94202055"
"41570","104177167","65804078"
"41571","104177277","65804239"
"41572","104177538","88619745"
"41573","104177848","88673412"
"41574","59658562","61684143"
"41575","59668343","78889363"
"41576","59668542","92252429"
"41577","61680673","78891827"
"41578","61686777","65986702"
"41579","61686968","64913175"
"41580","61768577","104176036"
"41581","61774669","104178109"
"41582","61774860","62958954"
"41583","62955208","96091067"
"41584","62958077","71488183"
"41585","62959895","88625620"
"41586","62960504","64910002"
"41587","64909986","80127224"
"41588","64912900","96096859"
"41589","64914508","103493011"
"41590","64914899","97753693"
"41591","64915030","96090979"
"41592","64915088","99974331"
"41593","64915122","86683264"
"41594","64915126","62958069"
"41595","64915129","92253172"
"41596","64915130","104171765"
"41597","64915131","104178102"
"41598","65797305","104171492"
"41599","65800331","88676930"
"41600","65801966","64977477"
"41601","65802359","96091366"
"41602","65802490","64913235"
"41603","65802548","103503925"
"41604","65802582","78894199"
"41605","65802586","61686692"
"41606","65802589","97751354"
"41607","65802590","67695693"
"41608","65802591","78894791"
"41609","65804151","69505422"
"41610","65804151","69504764"
"41611","65982880","86686172"
"41612","65987417","71487951"
"41613","65988031","62957614"
"41614","65988035","103492440"
"41615","65988038","103338675"
"41616","67690253","94203789"
"41617","67693446","97749625"
"41618","67695081","67695854"
"41619","67695474","80125893"
"41620","67695613","104170345"
"41621","67695683","96091549"
"41622","67695717","99979386"
"41623","67695721","86684766"
"41624","67695724","65984880"
"41625","67695725","97749360"
"41626","67695726","97749414"
"41627","67697315","65801739"
"41628","67697315","97752306"
"41629","69499975","97751621"
"41630","69503236","103337160"
"41631","69504886","99973389"
"41632","69505280","71485901"
"41633","69505284","65802438"
"41634","69505419","104178006"
"41635","69505481","67690723"
"41636","69505489","86685670"
"41637","69505523","92255924"
"41638","69505527","65983612"
"41639","69505530","103086059"
"41640","69505531","65801553"
"41641","69505532","96096883"
"41642","69507175","65797728"
"41643","69507175","80127323"
"41644","71482639","96098178"
"41645","71485917","80126158"
"41646","71487568","86684901"
"41647","71487962","64914804"
"41648","71487966","96093021"
"41649","71487967","103342465"
"41650","71488101","71483129"
"41651","71488163","92439416"
"41652","71488171","94203275"
"41653","71488205","92255978"
"41654","71488209","88621023"
"41655","71488212","80128458"
"41656","71488213","62957952"
"41657","71488214","88624373"
"41658","71489874","92253075"
"41659","71489874","103494946"
"41660","78888232","103336640"
"41661","78891831","67695081"
"41662","78891836","96098127"
"41663","78891996","78894973"
"41664","78892016","62959671"
"41665","78894076","67694089"
"41666","78894080","65801967"
"41667","78894083","65801779"
"41668","78894084","103083420"
"41669","78894092","103336606"
"41670","78894109","69505425"
"41671","78894199","103492238"
"41672","78894199","96091469"
"41673","78895229","96091915"
"41674","78895340","103502424"
"41675","78895601","103337501"
"41676","80122279","71482655"
"41677","80122540","61773803"
"41678","80122651","97748305"
"41679","80123681","103342062"
"41680","80123681","92441533"
"41681","80123771","103494670"
"41682","80123788","80128468"
"41683","80123796","71485896"
"41684","80123797","103338825"
"41685","80123800","97747287"
"41686","80123804","97748818"
"41687","80125864","92439145"
"41688","80125884","96095506"
"41689","80126044","94196653"
"41690","80126049","69502679"
"41691","80126062","71483434"
"41692","80129648","94203311"
"41693","86678361","88625106"
"41694","86681947","61772376"
"41695","86681960","96097543"
"41696","86681965","86679516"
"41697","86681966","61686684"
"41698","86681967","92447229"
"41699","86682119","88621031"
"41700","86682125","99977375"
"41701","86682145","86686376"
"41702","86682175","88625652"
"41703","86682177","92440883"
"41704","86684204","67693303"
"41705","86684208","96098192"
"41706","86684211","78890639"
"41707","86684212","86679501"
"41708","86684220","103341904"
"41709","86684237","88678085"
"41710","86684327","97745885"
"41711","86684327","88624289"
"41712","86685357","92257239"
"41713","86685468","86685496"
"41714","86685729","96095720"
"41715","86686041","78895529"
"41716","88619162","61581007"
"41717","88619474","103337458"
"41718","88619735","71487154"
"41719","88619846","94202930"
"41720","88620876","62957553"
"41721","88620876","64914903"
"41722","88620966","92260298"
"41723","88620983","103339194"
"41724","88620991","69508340"
"41725","88620992","99976781"
"41726","88620995","86685474"
"41727","88620999","92444175"
"41728","88623026","88671004"
"41729","88623028","103086530"
"41730","88623058","92253717"
"41731","88623078","67694850"
"41732","88623084","61680682"
"41733","88623236","61686250"
"41734","88623237","61687391"
"41735","88623238","78894489"
"41736","88623243","104173771"
"41737","88623256","88623301"
"41738","88626842","94196653"
"41739","88669815","69502793"
"41740","88673401","103501297"
"41741","88673414","64914500"
"41742","88673419","103341799"
"41743","88673420","88620018"
"41744","88673421","103494599"
"41745","88673573","65801786"
"41746","88673579","65982951"
"41747","88673599","80122262"
"41748","88673629","78895225"
"41749","88673631","67693748"
"41750","88675658","80128441"
"41751","88675662","88623919"
"41752","88675665","80128048"
"41753","88675666","86684802"
"41754","88675674","94199301"
"41755","88675691","99977631"
"41756","88675781","88624990"
"41757","88675781","97752626"
"41758","88676811","69502261"
"41759","88676922","96092318"
"41760","88677183","62957921"
"41761","88677495","67694739"
"41762","92250111","94199033"
"41763","92253697","103492714"
"41764","92253715","71484971"
"41765","92253869","69505147"
"41766","92253875","94198303"
"41767","92253895","88625597"
"41768","92255954","86684187"
"41769","92255958","92440562"
"41770","92255961","103083614"
"41771","92255962","61774876"
"41772","92255970","92251306"
"41773","92255987","65801778"
"41774","92256077","103504174"
"41775","92256077","80123439"
"41776","92257107","78894784"
"41777","92257218","65802586"
"41778","92257479","71486054"
"41779","92440018","92444833"
"41780","92440279","104177283"
"41781","92440390","88625329"
"41782","92441420","86684876"
"41783","92441420","71486188"
"41784","92441510","62955314"
"41785","92441527","103084595"
"41786","92441535","103342307"
"41787","92441536","61770029"
"41788","92441539","96091365"
"41789","92441543","78890550"
"41790","92443602","92440420"
"41791","92443622","94199418"
"41792","92443628","71488116"
"41793","92443782","86684298"
"41794","92447386","61684554"
"41795","94195544","92249921"
"41796","94199129","69722433"
"41797","94199142","65797195"
"41798","94199147","67696725"
"41799","94199148","103494405"
"41800","94199149","103082076"
"41801","94199301","94196723"
"41802","94199307","58350184"
"41803","94199327","64911978"
"41804","94199357","86678513"
"41805","94199359","80128186"
"41806","94201386","64912755"
"41807","94201390","103501780"
"41808","94201393","88619640"
"41809","94201394","69508377"
"41810","94201402","103083842"
"41811","94201419","92447224"
"41812","94201509","104172990"
"41813","94201509","103082844"
"41814","94202539","92255816"
"41815","94202650","65802346"
"41816","94202911","86679864"
"41817","94203223","71485280"
"41818","96091287","96099298"
"41819","96091505","69502085"
"41820","96091505","92443623"
"41821","96091505","97751358"
"41822","96091505","103493320"
"41823","96091505","97753777"
"41824","96091505","97748142"
"41825","96091505","104176862"
"41826","96091505","86681572"
"41827","96091505","92256081"
"41828","96091505","67695551"
"41829","96091505","61768581"
"41830","96091505","64912025"
"41831","96091505","92440628"
"41832","96091505","103086874"
"41833","96091628","92258131"
"41834","96092201","103334918"
"41835","96092312","80126723"
"41836","96093337","64914263"
"41837","96093432","78889421"
"41838","96093468","92440977"
"41839","96093469","97748225"
"41840","96093471","103342188"
"41841","96093472","62961984"
"41842","96093473","67690705"
"41843","96093474","103491511"
"41844","96093475","103492799"
"41845","96093476","92440957"
"41846","96095492","103087965"
"41847","96095494","103494902"
"41848","96095524","86688894"
"41849","96095544","69504365"
"41850","96095550","103083782"
"41851","96095702","69505501"
"41852","96095703","97752867"
"41853","96095704","103342830"
"41854","96095704","65801032"
"41855","96095709","61687921"
"41856","96095722","92443803"
"41857","96099177","62955754"
"41858","96099177","92447234"
"41859","97745930","94195701"
"41860","97745930","78895311"
"41861","97749343","99978251"
"41862","97749361","103337588"
"41863","97749361","88676621"
"41864","97749515","80128139"
"41865","97749521","103491596"
"41866","97749541","67696754"
"41867","97751588","99979275"
"41868","97751589","64913174"
"41869","97751590","65801383"
"41870","97751591","103338966"
"41871","97751592","61683996"
"41872","97751593","92439141"
"41873","97751595","96097800"
"41874","97751596","86680678"
"41875","97751632","92253699"
"41876","97751727","57824021"
"41877","97752752","103495470"
"41878","97752862","61680281"
"41879","97753556","88620990"
"41880","97753556","97753155"
"41881","97753556","71486832"
"41882","97753556","65988031"
"41883","97753556","65987188"
"41884","97753556","62957977"
"41885","97753556","59658781"
"41886","97753556","86685730"
"41887","97753556","99978783"
"41888","97753556","65987211"
"41889","97753556","103341637"
"41890","97753556","103088006"
"41891","97753556","62958640"
"41892","97753774","97747359"
"41893","99971120","71485267"
"41894","99971120","99976798"
"41895","99974533","103337610"
"41896","99974551","103083786"
"41897","99974551","61774545"
"41898","99974705","67695868"
"41899","99974711","97751631"
"41900","99974731","92258044"
"41901","99974761","103081220"
"41902","99976778","78894104"
"41903","99976779","88671843"
"41904","99976780","88671635"
"41905","99976781","67698499"
"41906","99976782","88626835"
"41907","99976783","104176026"
"41908","99976785","88620102"
"41909","99976786","97747357"
"41910","99976822","103336219"
"41911","99976917","92253895"
"41912","99977942","65985259"
"41913","99978052","94201356"
"41914","99978746","88626669"
"41915","99978746","88677188"
"41916","99978746","97753688"
"41917","99978746","88624393"
"41918","99978746","80123391"
"41919","99978746","88622294"
"41920","99978746","61768287"
"41921","99978746","94201360"
"41922","99978746","69503485"
"41923","99978746","61685897"
"41924","99978746","103496108"
"41925","99978746","103080088"
"41926","99978746","62957804"
"41927","99978964","104176870"
"41928","96099252","86685208"
"41929","97745855","71485271"
"41930","99971045","64911980"
"41931","103081134","65799713"
"41932","103081134","97754081"
"41933","103087148","88671339"
"41934","103336204","61768761"
"41935","103336204","88678143"
"41936","103342218","78894942"
"41937","103491503","86685465"
"41938","103491503","64913938"
"41939","103494961","92257077"
"41940","104171278","71487329"
"41941","104171278","86685028"
"41942","104177292","96097262"
"41943","61685858","103336542"
"41944","61685858","92250268"
"41945","61686809","92447579"
"41946","61773752","88677655"
"41947","61773752","92444325"
"41948","61774701","88672740"
"41949","62957154","61579170"
"41950","62958109","78888368"
"41951","64911930","103492459"
"41952","64912932","62955633"
"41953","65799255","69505368"
"41954","65800363","92260274"
"41955","65984830","80128540"
"41956","67692362","65799359"
"41957","67693478","71486061"
"41958","69502149","103338844"
"41959","69503268","88671333"
"41960","71484822","88619707"
"41961","71485949","67693351"
"41962","78889337","97753058"
"41963","78889337","104173241"
"41964","78895355","104172681"
"41965","80122525","103502213"
"41966","80128543","103338675"
"41967","80128543","67693686"
"41968","86679466","67693486"
"41969","86679466","88620339"
"41970","86685483","78891803"
"41971","88619720","65801754"
"41972","88625737","104176042"
"41973","88625737","103493607"
"41974","88670920","104170375"
"41975","88670920","103341508"
"41976","88676937","103491511"
"41977","92251216","103082067"
"41978","92251216","94201510"
"41979","92257233","103504450"
"41980","92440264","97747054"
"41981","92446281","96092779"
"41982","92446281","92446283"
"41983","94196648","92443285"
"41984","94196648","103082522"
"41985","94202665","99974008"
"41986","96092186","62955634"
"41987","96093273","88625659"
"41988","96093273","103491837"
"41989","96093273","86680927"
"41990","97751791","65800191"
"41991","97751791","64910093"
"41992","97751791","103491660"
"41993","97752877","71486975"
"41994","99976981","94198008"
"41995","99976981","88622989"
"41996","99976981","61683592"
"41997","99978067","64913649"
"41998","103083620","88678055"
"41999","103083620","94202509"
"42000","103085859","103339790"
"42001","103085860","61774961"
"42002","103085861","65801911"
"42003","103085862","80123777"
"42004","103085863","61773676"
"42005","103085864","103494708"
"42006","103085866","64913051"
"42007","103085867","103494810"
"42008","103086584","80128130"
"42009","103086595","103494809"
"42010","103087705","78895317"
"42011","103087827","103340957"
"42012","103087827","71485290"
"42013","103087827","64911991"
"42014","103087827","103336305"
"42015","103087827","69503899"
"42016","103087827","97752182"
"42017","103087827","92249921"
"42018","103087827","86678492"
"42019","103087827","94195544"
"42020","103087827","88671005"
"42021","103087827","104177960"
"42022","103087827","96092985"
"42023","103087827","62957078"
"42024","103087827","104172841"
"42025","103087827","69505262"
"42026","103087827","67695626"
"42027","103338690","88623265"
"42028","103338690","92256774"
"42029","103340929","103083873"
"42030","103340930","69505283"
"42031","103340931","61775393"
"42032","103340932","78890258"
"42033","103340933","62961146"
"42034","103340934","88675655"
"42035","103340936","80127241"
"42036","103340937","65802498"
"42037","103341654","69505168"
"42038","103341665","78888387"
"42039","103342775","69500763"
"42040","103342897","92439095"
"42041","103342897","61686248"
"42042","103342897","104177871"
"42043","103342897","69505377"
"42044","103342897","71489696"
"42045","103342897","99972703"
"42046","103342897","103494955"
"42047","103342897","92249920"
"42048","103342897","92257398"
"42049","103342897","80123826"
"42050","103342897","92439645"
"42051","103342897","61768384"
"42052","103342897","92446125"
"42053","103342897","96098199"
"42054","103342897","92258159"
"42055","103342897","96093437"
"42056","103494572","97749139"
"42057","103494583","103341647"
"42058","103501715","61680481"
"42059","103501715","88676665"
"42060","103501715","103336699"
"42061","103501715","65804177"
"42062","103501715","103342506"
"42063","103501715","103341065"
"42064","103501715","80128386"
"42065","103501715","103492946"
"42066","103501715","78894491"
"42067","103501715","80121706"
"42068","103501715","88671004"
"42069","103501715","92256501"
"42070","103501715","67697399"
"42071","103501715","69724505"
"42072","103501715","62955659"
"42073","103501715","59669601"
"42074","103501802","62957130"
"42075","103502442","92444072"
"42076","103502443","62959531"
"42077","103502445","62955029"
"42078","103502446","61772617"
"42079","103502447","103340940"
"42080","103502448","96096382"
"42081","103502449","88671539"
"42082","103502450","64910085"
"42083","103504429","96093374"
"42084","104173764","96099176"
"42085","104173764","96090876"
"42086","104176003","80123102"
"42087","104176004","104176011"
"42088","104176005","61687077"
"42089","104176006","67694204"
"42090","104176007","86681902"
"42091","104176008","71483090"
"42092","104176010","78894203"
"42093","104176011","88624525"
"42094","104176728","65801842"
"42095","104176739","104173827"
"42096","104177849","71486198"
"42097","104177971","64909670"
"42098","104177971","67692795"
"42099","104177971","86679471"
"42100","104177971","88671001"
"42101","104177971","88623088"
"42102","104177971","62960507"
"42103","104177971","80125921"
"42104","104177971","86680827"
"42105","104177971","94201393"
"42106","104177971","64910408"
"42107","104177971","104173939"
"42108","104177971","96093050"
"42109","104177971","86685484"
"42110","104177971","69504857"
"42111","104177971","97749837"
"42112","104177971","92440224"
"42113","59669520","103087274"
"42114","59669520","94202745"
"42115","59669520","103336854"
"42116","59669520","96091373"
"42117","59669520","80125834"
"42118","59669520","80126780"
"42119","59669520","103342260"
"42120","59669520","103081174"
"42121","59669520","92440184"
"42122","59669520","78896473"
"42123","59669520","96097765"
"42124","59669520","65797246"
"42125","59669520","94197583"
"42126","59669520","97748825"
"42127","59669520","94198859"
"42128","59669520","64912363"
"42129","59669790","65987237"
"42130","61680402","78890278"
"42131","61680402","104173525"
"42132","61680402","62957995"
"42133","61680402","62957715"
"42134","61680402","97747828"
"42135","61680402","78896485"
"42136","61680402","80127852"
"42137","61680402","96093469"
"42138","61680402","96093516"
"42139","61680402","104171440"
"42140","61680402","96093491"
"42141","61680402","80128458"
"42142","61680402","62955924"
"42143","61680402","94198674"
"42144","61680402","62962068"
"42145","61680402","69505453"
"42146","61684571","92256359"
"42147","61768306","92447255"
"42148","61768306","94198009"
"42149","61768306","99975517"
"42150","61768306","86681905"
"42151","61768306","65799315"
"42152","61768306","69505462"
"42153","61768306","88626681"
"42154","61768306","88676922"
"42155","61768306","92251931"
"42156","61768306","64915127"
"42157","61768306","65987079"
"42158","61768306","80128129"
"42159","61768306","104173646"
"42160","61768306","103081883"
"42161","61768306","62955275"
"42162","61768306","67692467"
"42163","61772466","103081308"
"42164","62959894","69507119"
"42165","62959907","94201272"
"42166","62960232","96097800"
"42167","62960232","65798135"
"42168","62960232","96091366"
"42169","62960232","62959646"
"42170","62960232","67694836"
"42171","62960232","103340948"
"42172","62960232","104176563"
"42173","62960232","97747377"
"42174","62960232","94199384"
"42175","62960232","69503236"
"42176","62960232","99977912"
"42177","62960232","99978924"
"42178","62960232","103341500"
"42179","62960232","103342240"
"42180","62960232","97749515"
"42181","62960232","103494360"
"42182","62960307","92250166"
"42183","62960311","80125795"
"42184","64914507","96097799"
"42185","64914520","103081211"
"42186","64914855","86682928"
"42187","64914855","65989588"
"42188","64914855","71488497"
"42189","64914855","67691105"
"42190","64914855","88623351"
"42191","64914855","71485789"
"42192","64914855","88620992"
"42193","64914855","88669970"
"42194","64914855","94198054"
"42195","64914855","99974763"
"42196","64914855","86684623"
"42197","64914855","96099171"
"42198","64914855","64914502"
"42199","64914855","94202352"
"42200","64914855","99978599"
"42201","64914855","78888384"
"42202","64914925","64913150"
"42203","64914926","92446199"
"42204","64914927","96096842"
"42205","64914928","94197048"
"42206","64914929","67693432"
"42207","64914930","99979378"
"42208","64914932","103494416"
"42209","64914933","103341507"
"42210","64914936","61768190"
"42211","64915096","78896175"
"42212","65801965","65802359"
"42213","65801978","78891959"
"42214","65802313","92252149"
"42215","65802313","78896176"
"42216","65802313","103085850"
"42217","65802313","71486297"
"42218","65802313","65987417"
"42219","65802313","92443659"
"42220","65802313","61773726"
"42221","65802313","103494378"
"42222","65802313","104172641"
"42223","65802313","94203868"
"42224","65802313","71488968"
"42225","65802313","103082579"
"42226","65802313","61687384"
"42227","65802313","104176457"
"42228","65802313","103343312"
"42229","65802313","94198074"
"42230","65802385","97749628"
"42231","65802386","103080110"
"42232","65802387","104178101"
"42233","65802388","88620555"
"42234","65802389","103490479"
"42235","65802390","69503490"
"42236","65802392","61772116"
"42237","65802393","99973388"
"42238","65802396","94201799"
"42239","65802556","58141450"
"42240","65987416","61775740"
"42241","65987429","71488057"
"42242","65987764","69506566"
"42243","65987764","96096089"
"42244","65987764","92440420"
"42245","65987764","69502197"
"42246","65987764","92440271"
"42247","65987764","92252724"
"42248","65987764","86682227"
"42249","65987764","96092156"
"42250","65987764","96091371"
"42251","65987764","88624440"
"42252","65987764","103338805"
"42253","65987764","86681287"
"42254","65987764","80121356"
"42255","65987764","86684231"
"42256","65987764","88672308"
"42257","65987764","103504205"
"42258","65987834","71487850"
"42259","67695080","103495460"
"42260","67695093","61683497"
"42261","67695428","92440264"
"42262","67695428","92444070"
"42263","67695428","62961990"
"42264","67695428","65989638"
"42265","67695428","103338347"
"42266","67695428","92253694"
"42267","67695428","86685827"
"42268","67695428","62956034"
"42269","67695428","97747200"
"42270","67695428","99974763"
"42271","67695428","103083794"
"42272","67695428","80121406"
"42273","67695428","57822254"
"42274","67695428","86685609"
"42275","67695428","61774529"
"42276","67695428","97749511"
"42277","67695500","96092752"
"42278","67695501","103338851"
"42279","67695502","65987189"
"42280","67695503","99977502"
"42281","67695504","86679552"
"42282","67695505","104171318"
"42283","67695507","104172781"
"42284","67695508","88675647"
"42285","67695511","99978782"
"42286","67695691","97751588"
"42287","69504885","92445359"
"42288","69504898","104176848"
"42289","69505234","88677198"
"42290","69505234","61774876"
"42291","69505234","80128441"
"42292","69505234","96096385"
"42293","69505234","78890058"
"42294","69505234","99978729"
"42295","69505234","61775833"
"42296","69505234","103342065"
"42297","69505234","65801175"
"42298","69505234","96091517"
"42299","69505234","99972186"
"42300","69505234","86678523"
"42301","69505234","103080228"
"42302","69505234","69502177"
"42303","69505234","92253818"
"42304","69505234","80129493"
"42305","69505306","103491628"
"42306","69505307","88623623"
"42307","69505308","96097477"
"42308","69505309","88671037"
"42309","69505310","80122246"
"42310","69505311","97747199"
"42311","69505313","104172691"
"42312","69505314","61686639"
"42313","69505317","78896164"
"42314","71487567","64914307"
"42315","71487580","71487530"
"42316","71487916","65797305"
"42317","71487916","88623028"
"42318","71487916","67694881"
"42319","71487916","71489938"
"42320","71487916","104173189"
"42321","71487916","78895969"
"42322","71487916","103504336"
"42323","71487916","67697151"
"42324","71487916","103083723"
"42325","71487916","62955091"
"42326","71487916","86682112"
"42327","71487916","64912381"
"42328","71487916","104171278"
"42329","71487916","103086350"
"42330","71487916","61685916"
"42331","71487916","86680786"
"42332","71487988","104172703"
"42333","71487989","96097795"
"42334","71487990","96097244"
"42335","71487991","71489235"
"42336","71487992","64913736"
"42337","71487993","80124954"
"42338","71487995","96098094"
"42339","71487996","80123247"
"42340","71487999","67692863"
"42341","71488180","104173924"
"42342","78894065","99970997"
"42343","78894066","88675850"
"42344","78894067","65801231"
"42345","78894068","103342180"
"42346","78894069","99973412"
"42347","78894070","104178137"
"42348","78894072","65800189"
"42349","78894073","65985283"
"42350","78894790","92440001"
"42351","78894801","104176034"
"42352","78895914","69503532"
"42353","78896036","88620997"
"42354","78896036","103082234"
"42355","78896036","80122436"
"42356","78896036","86684182"
"42357","78896036","88671407"
"42358","78896036","96097700"
"42359","78896036","103501784"
"42360","78896036","103083789"
"42361","78896036","92441549"
"42362","78896036","80126587"
"42363","78896036","96098093"
"42364","78896036","64910810"
"42365","78896036","104176575"
"42366","78896036","64911919"
"42367","78896036","88678032"
"42368","78896036","103341518"
"42369","80121844","88676627"
"42370","80121844","64914824"
"42371","80121844","65805346"
"42372","80121844","97751727"
"42373","80121844","88619750"
"42374","80121844","71486729"
"42375","80121844","88621009"
"42376","80121844","96092188"
"42377","80121844","103492119"
"42378","80121844","71485472"
"42379","80121844","80123855"
"42380","80121844","59660674"
"42381","80121844","88620432"
"42382","80121844","78895080"
"42383","80121844","96099501"
"42384","80121844","92255951"
"42385","80121966","96093508"
"42386","80123079","103086834"
"42387","80123090","86679466"
"42388","80123807","96098046"
"42389","80123808","67698509"
"42390","80123810","88669972"
"42391","80123811","78894637"
"42392","80123812","71488183"
"42393","80123813","86684328"
"42394","80123814","80123795"
"42395","80123815","80128496"
"42396","80126056","69505356"
"42397","86681953","65804168"
"42398","86681953","64909864"
"42399","86684193","71487368"
"42400","86684194","88677466"
"42401","86684195","88624414"
"42402","86684196","71488211"
"42403","86684197","92258053"
"42404","86684198","67693702"
"42405","86684200","104177871"
"42406","86684201","61684707"
"42407","86684918","92251414"
"42408","86684929","103336541"
"42409","86686042","67692895"
"42410","86686164","92256623"
"42411","86686164","80129639"
"42412","86686164","94201379"
"42413","86686164","69503161"
"42414","86686164","86679506"
"42415","86686164","103080106"
"42416","86686164","103495322"
"42417","86686164","96096757"
"42418","86686164","59669506"
"42419","86686164","88625047"
"42420","86686164","94201797"
"42421","86686164","103338023"
"42422","86686164","78894083"
"42423","86686164","104177142"
"42424","86686164","99979478"
"42425","86686164","86685563"
"42426","86686164","103336699"
"42427","88619039","103494957"
"42428","88619039","92256431"
"42429","88619039","103081475"
"42430","88619039","99972702"
"42431","88619039","67690732"
"42432","88619039","104178170"
"42433","88619039","103493863"
"42434","88619039","88671320"
"42435","88619039","88619720"
"42436","88619039","65801735"
"42437","88619039","103336244"
"42438","88619039","80123097"
"42439","88619039","103340932"
"42440","88619039","86684327"
"42441","88619039","71486277"
"42442","88619039","103340930"
"42443","88619039","104177538"
"42444","88619161","92257872"
"42445","88620274","92442818"
"42446","88620285","86685453"
"42447","88621002","64910334"
"42448","88621003","92443924"
"42449","88621005","97752862"
"42450","88621006","64912757"
"42451","88621007","86686097"
"42452","88621008","71489960"
"42453","88621009","94202830"
"42454","88621010","94202206"
"42455","88623250","78889424"
"42456","88623250","103335176"
"42457","88673407","103341359"
"42458","88673407","78890638"
"42459","88675647","96091464"
"42460","88675648","92253513"
"42461","88675649","71488061"
"42462","88675650","69502583"
"42463","88675651","104172619"
"42464","88675652","92253390"
"42465","88675654","65799260"
"42466","88675655","78894801"
"42467","88676372","69722432"
"42468","88676383","92440531"
"42469","88677496","104173492"
"42470","88677618","64914759"
"42471","88677618","88673281"
"42472","88677618","94198195"
"42473","88677618","88623824"
"42474","88677618","59669430"
"42475","88677618","65804056"
"42476","88677618","71486277"
"42477","88677618","80121714"
"42478","88677618","88623238"
"42479","88677618","103087816"
"42480","88677618","88623253"
"42481","88677618","96099151"
"42482","88677618","104176553"
"42483","88677618","103336297"
"42484","88677618","103082496"
"42485","88677618","94197966"
"42486","88677618","94197278"
"42487","92253703","97752433"
"42488","92253703","92441531"
"42489","92255943","78891539"
"42490","92255944","92257233"
"42491","92255945","69503101"
"42492","92255946","59658890"
"42493","92255947","103338633"
"42494","92255948","94195705"
"42495","92255950","103343139"
"42496","92255951","88624769"
"42497","92256668","88624293"
"42498","92256679","92253647"
"42499","92257792","103336609"
"42500","92257914","64915230"
"42501","92257914","103490475"
"42502","92257914","103086577"
"42503","92257914","88676189"
"42504","92257914","99976917"
"42505","92257914","86684221"
"42506","92257914","103082055"
"42507","92257914","103337539"
"42508","92257914","96096783"
"42509","92257914","65800588"
"42510","92257914","69502138"
"42511","92257914","94199359"
"42512","92257914","80128049"
"42513","92257914","103338690"
"42514","92257914","88623058"
"42515","92257914","88623825"
"42516","92257914","103081559"
"42517","92439583","67693270"
"42518","92439583","96092180"
"42519","92439583","88625243"
"42520","92439583","80123823"
"42521","92439583","69506239"
"42522","92439583","61687413"
"42523","92439583","88676893"
"42524","92439583","86681949"
"42525","92439583","64910053"
"42526","92439583","71488115"
"42527","92439583","99979477"
"42528","92439583","88677649"
"42529","92439583","99977375"
"42530","92439583","103085880"
"42531","92439583","88670998"
"42532","92439583","88619746"
"42533","92439583","69503108"
"42534","92439705","99972088"
"42535","92440818","97753061"
"42536","92440829","80126437"
"42537","92441546","71487380"
"42538","92441547","103335305"
"42539","92441549","94197383"
"42540","92441550","71484926"
"42541","92441551","88620584"
"42542","92441552","88625324"
"42543","92441553","97748271"
"42544","92441554","104173927"
"42545","94199135","92256143"
"42546","94199135","92255834"
"42547","94201375","94201391"
"42548","94201376","103086877"
"42549","94201377","64916566"
"42550","94201378","67691105"
"42551","94201379","88677757"
"42552","94201380","67693305"
"42553","94201382","59667461"
"42554","94201383","94198052"
"42555","94202100","61772206"
"42556","94202111","78896043"
"42557","94203224","78894088"
"42558","94203346","61768578"
"42559","94203346","103341479"
"42560","94203346","78888043"
"42561","94203346","71487932"
"42562","94203346","65982821"
"42563","94203346","99972130"
"42564","94203346","92251300"
"42565","94203346","69504565"
"42566","94203346","103083824"
"42567","94203346","104174864"
"42568","94203346","104176457"
"42569","94203346","92441351"
"42570","94203346","86680809"
"42571","94203346","103342212"
"42572","94203346","94201354"
"42573","94203346","78891100"
"42574","94203346","88623247"
"42575","96091627","86679553"
"42576","96092740","96091366"
"42577","96093342","94202094"
"42578","96093342","94201392"
"42579","96093464","92256494"
"42580","96093465","86680686"
"42581","96093465","59669313"
"42582","96095716","71487944"
"42583","96095716","96092030"
"42584","96095717","86684209"
"42585","97749348","86680393"
"42586","97749349","67695479"
"42587","97751599","69503248"
"42588","97751599","57823120"
"42589","97751600","104173925"
"42590","97751722","86682119"
"42591","97751722","92439344"
"42592","97752324","86680409"
"42593","97753434","67695030"
"42594","99974538","99974543"
"42595","99974539","86684204"
"42596","99974539","61684219"
"42597","99976789","103494127"
"42598","99976789","88620414"
"42599","99976790","65984934"
"42600","99976912","99979347"
"42601","99976912","94195583"
"42602","99977514","67695700"
"42603","99978624","61774308"
"42604","103081135","65982896"
"42605","103082701","88619988"
"42606","103085822","103502424"
"42607","103085989","92258181"
"42608","103336205","103087807"
"42609","103337771","65800587"
"42610","103340892","69500044"
"42611","103341059","94202046"
"42612","103491504","103087834"
"42613","103494120","67692463"
"42614","103502340","94203485"
"42615","104171279","65797316"
"42616","104172845","94196984"
"42617","104175966","65799363"
"42618","104176133","97747201"
"42619","57824019","96091912"
"42620","58144304","103083631"
"42621","59668094","97752781"
"42622","59668236","59669601"
"42623","59671095","103492442"
"42624","61682056","69503244"
"42625","61769954","103338850"
"42626","62961973","86684742"
"42627","64916667","99978065"
"42628","65804149","97745807"
"42629","65989577","65986990"
"42630","67697313","92255928"
"42631","69504421","97748279"
"42632","69507173","92440988"
"42633","71487103","61680286"
"42634","71489872","103502434"
"42635","78894028","71484883"
"42636","78894195","103086468"
"42637","80123685","99974553"
"42638","80123852","69502205"
"42639","80128542","92258591"
"42640","86679467","88622998"
"42641","86684156","92440420"
"42642","86684323","88676101"
"42643","88620880","92439438"
"42644","88621047","67694039"
"42645","88625736","94201972"
"42646","88670921","96096384"
"42647","88675610","86688868"
"42648","88675777","99977453"
"42649","92251217","59665063"
"42650","92255906","96092460"
"42651","92256073","62957180"
"42652","92441424","64915123"
"42653","92441591","86686493"
"42654","92446280","78889755"
"42655","94196649","61772631"
"42656","94201338","65986995"
"42657","94201505","67695619"
"42658","96093346","104171429"
"42659","97751718","71485256"
"42660","99976908","78896202"
"42661","103080075","96095556"
"42662","103080075","69499962"
"42663","103081138","99971177"
"42664","103081145","78888232"
"42665","103081145","80122914"
"42666","103081145","80122555"
"42667","103081145","104173831"
"42668","103081590","103087833"
"42669","103081823","86680567"
"42670","103082511","64913794"
"42671","103082512","97751577"
"42672","103082512","94195599"
"42673","103082512","104176079"
"42674","103082512","94196983"
"42675","103082512","88677132"
"42676","103082512","65802388"
"42677","103082512","65989515"
"42678","103083250","104176499"
"42679","103083250","86679592"
"42680","103083250","67693762"
"42681","103083250","96091013"
"42682","103085745","62955086"
"42683","103085745","92257234"
"42684","103085746","80123670"
"42685","103085841","80121529"
"42686","103085841","67693425"
"42687","103086518","103337138"
"42688","103086528","67695675"
"42689","103086562","103338633"
"42690","103086565","96091578"
"42691","103086573","104171622"
"42692","103086582","69504455"
"42693","103086582","97750659"
"42694","103086593","103342405"
"42695","103086594","80123391"
"42696","103087016","86686171"
"42697","103087231","69502255"
"42698","103087236","104170022"
"42699","103087398","97751575"
"42700","103087408","103502210"
"42701","103087701","92439253"
"42702","103335145","61775310"
"42703","103335145","65986072"
"42704","103336208","65987162"
"42705","103336215","104176036"
"42706","103336215","86682929"
"42707","103336215","97746884"
"42708","103336215","88623610"
"42709","103336660","69504008"
"42710","103336893","80123226"
"42711","103337581","103342200"
"42712","103337582","64910436"
"42713","103337582","86681746"
"42714","103337582","103501550"
"42715","103337582","99972207"
"42716","103337582","86678365"
"42717","103337582","103494726"
"42718","103337582","61684005"
"42719","103338320","67695076"
"42720","103338320","92252552"
"42721","103338320","96092987"
"42722","103338320","88621122"
"42723","103340815","86679923"
"42724","103340815","86685678"
"42725","103340816","62955921"
"42726","103340911","104173040"
"42727","103340911","61683264"
"42728","103341588","86684185"
"42729","103341598","61772432"
"42730","103341632","80126182"
"42731","103341635","64915130"
"42732","103341643","61686631"
"42733","103341652","59667478"
"42734","103341652","92444867"
"42735","103341663","103501989"
"42736","103341664","96092316"
"42737","103342086","92255944"
"42738","103342301","69504364"
"42739","103342306","92443780"
"42740","103342468","80123119"
"42741","103342478","94199111"
"42742","103342771","99974557"
"42743","103490444","103492152"
"42744","103490444","94203884"
"42745","103491507","59211505"
"42746","103491514","97746893"
"42747","103491514","92444963"
"42748","103491514","88678246"
"42749","103491514","92257368"
"42750","103491959","88625121"
"42751","103492192","104177143"
"42752","103492880","86684396"
"42753","103492881","88619009"
"42754","103492881","64912421"
"42755","103492881","61686901"
"42756","103492881","94201402"
"42757","103492881","64914430"
"42758","103492881","92255925"
"42759","103492881","103085840"
"42760","103493619","103085880"
"42761","103493619","96092974"
"42762","103493619","59664816"
"42763","103493619","64909894"
"42764","103494054","97748246"
"42765","103494054","104176426"
"42766","103494055","80121391"
"42767","103494130","78891722"
"42768","103494130","94197521"
"42769","103494506","64914929"
"42770","103494516","71484885"
"42771","103494550","92255970"
"42772","103494553","97746453"
"42773","103494561","99976796"
"42774","103494570","94199151"
"42775","103494570","104171304"
"42776","103494581","80122264"
"42777","103494582","58350170"
"42778","103494833","92252871"
"42779","103495052","64914300"
"42780","103501806","67692418"
"42781","103501830","86679866"
"42782","103501937","62959852"
"42783","103501942","96092773"
"42784","104170219","88670999"
"42785","104170219","67690711"
"42786","104171282","99971643"
"42787","104171289","69503094"
"42788","104171289","69503951"
"42789","104171289","96095817"
"42790","104171289","96097746"
"42791","104171734","88624329"
"42792","104171967","103083671"
"42793","104172655","61769173"
"42794","104172656","64913947"
"42795","104172656","67692362"
"42796","104172656","62959207"
"42797","104172656","96091580"
"42798","104172656","71487428"
"42799","104172656","88671125"
"42800","104172656","103337304"
"42801","104173394","57824027"
"42802","104173394","99971142"
"42803","104173394","80129496"
"42804","104173394","88676070"
"42805","104175889","59665283"
"42806","104175889","92251596"
"42807","104175890","103494357"
"42808","104175985","69500431"
"42809","104175985","104173936"
"42810","104176662","88672262"
"42811","104176672","94199306"
"42812","104176706","92256079"
"42813","104176709","92440861"
"42814","104176717","64909662"
"42815","104176726","88678065"
"42816","104176726","78895492"
"42817","104176737","71485760"
"42818","104176738","92441519"
"42819","104177160","103338827"
"42820","104177160","103491632"
"42821","104177375","86684615"
"42822","104177380","104176427"
"42823","104177542","99972464"
"42824","104177552","92439621"
"42825","104177845","80128047"
"42826","57821050","61771288"
"42827","57821135","92444174"
"42828","57821164","97751615"
"42829","58141335","65802338"
"42830","58141420","92445920"
"42831","58141449","96092501"
"42832","58271970","103337458"
"42833","59211607","103494150"
"42834","59658200","99977388"
"42835","59658204","92441100"
"42836","59658212","80121967"
"42837","59658216","94203567"
"42838","59658222","92440017"
"42839","59658225","61684570"
"42840","59658235","96092952"
"42841","59658238","103341352"
"42842","59658243","104177183"
"42843","59658245","78894489"
"42844","59658251","103340868"
"42845","59658255","104176559"
"42846","59658571","88618710"
"42847","59658571","94203479"
"42848","59658887","62955110"
"42849","59660620","69505307"
"42850","59660620","78895490"
"42851","59660620","69503242"
"42852","59660620","92441528"
"42853","59660969","103494835"
"42854","59665143","88672575"
"42855","59665279","103491838"
"42856","59665282","67694872"
"42857","59667737","62959630"
"42858","59668088","103083629"
"42859","59668180","103491615"
"42860","59668229","65986847"
"42861","59668229","94197056"
"42862","59668383","88625524"
"42863","59668383","103343037"
"42864","59668481","62959125"
"42865","59668481","80125099"
"42866","59668792","88621121"
"42867","59669054","92252537"
"42868","59669056","80125846"
"42869","59669128","104172656"
"42870","59669192","94203302"
"42871","59669192","97753700"
"42872","59669205","78894592"
"42873","59669206","103341505"
"42874","59671788","94199131"
"42875","59671789","94201375"
"42876","61578754","67692301"
"42877","61578754","103495056"
"42878","61578857","96096983"
"42879","61680697","65985254"
"42880","61683264","86685743"
"42881","61683265","88671037"
"42882","61684160","62959590"
"42883","61684492","88674717"
"42884","61684536","69499982"
"42885","61684556","104171624"
"42886","61684556","65987350"
"42887","61684569","67696416"
"42888","61684570","103343336"
"42889","61686249","64914275"
"42890","61686249","103081209"
"42891","61686916","88671506"
"42892","61686972","103495802"
"42893","61686972","94195629"
"42894","61687075","86678514"
"42895","61768601","92251354"
"42896","61771162","64914277"
"42897","61771163","65805298"
"42898","61772055","103336611"
"42899","61772387","78896503"
"42900","61772431","97747830"
"42901","61772451","92440263"
"42902","61772451","88671010"
"42903","61772464","104177749"
"42904","61772465","103336218"
"42905","61774143","88671022"
"42906","61774143","86684193"
"42907","61774808","61579095"
"42908","61774864","97747359"
"42909","61774864","64914318"
"42910","61774967","94202912"
"42911","62955155","92253925"
"42912","62955212","96095716"
"42913","62955212","103491837"
"42914","62955313","69505659"
"42915","62957547","92251619"
"42916","62957547","103088657"
"42917","62957612","103340950"
"42918","62958363","65797731"
"42919","62958364","104177954"
"42920","62958364","92447231"
"42921","62958364","92441420"
"42922","62958364","80128138"
"42923","62958364","94199338"
"42924","62959372","103087018"
"42925","62959828","69504863"
"42926","62959872","69504641"
"42927","62959875","67692352"
"42928","62959883","61687041"
"42929","62959892","86682233"
"42930","62959892","86684198"
"42931","62959905","88621021"
"42932","62959906","71485905"
"42933","62960366","61774578"
"42934","62960370","69502200"
"42935","62960528","65801656"
"42936","64909990","86681944"
"42937","64909990","97754072"
"42938","64910091","88624520"
"42939","64912354","103494141"
"42940","64912354","80129843"
"42941","64912419","78895361"
"42942","64913209","94199034"
"42943","64913210","103338022"
"42944","64913210","78895385"
"42945","64913210","103494930"
"42946","64913210","103338411"
"42947","64913210","99974815"
"42948","64913210","97748164"
"42949","64913210","62960285"
"42950","64913947","97748452"
"42951","64914102","103086692"
"42952","64914441","67690241"
"42953","64914485","103087816"
"42954","64914488","80122820"
"42955","64914496","94195320"
"42956","64914505","80121704"
"42957","64914505","69503088"
"42958","64914518","92256039"
"42959","64914519","97748728"
"42960","64914984","69505647"
"42961","64914988","80122794"
"42962","64915146","96099175"
"42963","64977481","99972548"
"42964","64977481","62960512"
"42965","64977584","88623028"
"42966","65797252","94197590"
"42967","65797309","94201379"
"42968","65797309","67695849"
"42969","65797411","96096801"
"42970","65799686","96096796"
"42971","65799686","64912637"
"42972","65799752","86681284"
"42973","65800647","65800331"
"42974","65800648","96098117"
"42975","65800648","62955752"
"42976","65800648","104175971"
"42977","65800648","103087141"
"42978","65801385","97747198"
"42979","65801385","92444176"
"42980","65801540","69507260"
"42981","65801899","88675639"
"42982","65801943","69503901"
"42983","65801946","103081653"
"42984","65801954","103490414"
"42985","65801963","104171360"
"42986","65801963","72815680"
"42987","65801976","69499927"
"42988","65801977","97747802"
"42989","65802444","88623526"
"42990","65802448","99974261"
"42991","65802552","64909888"
"42992","65802606","99972130"
"42993","65982884","96097264"
"42994","65982884","92444855"
"42995","65982985","103494923"
"42996","65985256","96096699"
"42997","65985256","92446239"
"42998","65985321","67694242"
"42999","65986115","78890742"
"43000","65986116","103504294"
"43001","65986116","94199334"
"43002","65986116","96091936"
"43003","65987350","62962063"
"43004","65987394","103501943"
"43005","65987397","78894097"
"43006","65987405","104170215"
"43007","65987414","65988694"
"43008","65987414","104176739"
"43009","65987427","103504207"
"43010","65987428","65800194"
"43011","67690257","65985817"
"43012","67690257","103086871"
"43013","67690359","99978228"
"43014","67692794","97749363"
"43015","67692794","61684737"
"43016","67692860","88616309"
"43017","67693762","92252518"
"43018","67693763","58280733"
"43019","67693763","104176038"
"43020","67693763","62957941"
"43021","67693763","99977367"
"43022","67693763","92256679"
"43023","67694500","103341772"
"43024","67694500","88675655"
"43025","67694500","64914926"
"43026","67694655","67692412"
"43027","67695014","96097869"
"43028","67695058","104176929"
"43029","67695061","69503077"
"43030","67695069","92257321"
"43031","67695078","103338858"
"43032","67695078","97745885"
"43033","67695091","62957203"
"43034","67695092","103492963"
"43035","67695559","92441553"
"43036","67695563","78894095"
"43037","67695687","103081470"
"43038","67695741","104171614"
"43039","69499979","92251871"
"43040","69499979","78890673"
"43041","69500082","72766418"
"43042","69502062","61774955"
"43043","69502582","94196766"
"43044","69502582","65800203"
"43045","69502648","61686412"
"43046","69503566","103087960"
"43047","69503567","69505383"
"43048","69503567","88669980"
"43049","69503567","88618547"
"43050","69503567","88625240"
"43051","69503567","67694203"
"43052","69504304","88676670"
"43053","69504304","103081212"
"43054","69504304","92252979"
"43055","69504361","104176564"
"43056","69504459","103504205"
"43057","69504819","103081134"
"43058","69504829","65982951"
"43059","69504863","103492880"
"43060","69504866","88625046"
"43061","69504874","69508366"
"43062","69504883","59669791"
"43063","69504883","58141420"
"43064","69504896","103503470"
"43065","69504897","88672264"
"43066","69505365","103083896"
"43067","69505369","88673319"
"43068","69505493","58144314"
"43069","69505547","67695614"
"43070","71482584","92256539"
"43071","71482643","88618313"
"43072","71482643","97746903"
"43073","71482747","96092869"
"43074","71484735","104172661"
"43075","71484735","65799685"
"43076","71484735","92441458"
"43077","71484749","103334918"
"43078","71484749","69504460"
"43079","71484749","88676241"
"43080","71485258","86684196"
"43081","71485258","62960310"
"43082","71485325","104178511"
"43083","71486248","104176576"
"43084","71486249","78894083"
"43085","71486249","88673631"
"43086","71486249","97751694"
"43087","71486249","61581819"
"43088","71486249","80127097"
"43089","71486249","96095716"
"43090","71486249","88673899"
"43091","71486986","71488933"
"43092","71486986","97749350"
"43093","71486986","94196796"
"43094","71487043","78894748"
"43095","71487141","88619004"
"43096","71487501","86685529"
"43097","71487511","78895346"
"43098","71487545","88673122"
"43099","71487548","65803266"
"43100","71487556","103336856"
"43101","71487565","104172614"
"43102","71487565","94198807"
"43103","71487578","103341652"
"43104","71487579","71487344"
"43105","71488047","88677576"
"43106","71488051","96097236"
"43107","71488175","103338692"
"43108","71488229","62959897"
"43109","78888236","69507184"
"43110","78888236","92251357"
"43111","78889348","69504673"
"43112","78889348","88620517"
"43113","78889348","104176718"
"43114","78889793","103341538"
"43115","78890026","78890721"
"43116","78890715","88619702"
"43117","78890716","86680187"
"43118","78890716","71486090"
"43119","78890716","80127158"
"43120","78890716","103085959"
"43121","78890716","57824016"
"43122","78890716","86685358"
"43123","78890716","67698523"
"43124","78891454","103082353"
"43125","78891454","61772468"
"43126","78891454","99978674"
"43127","78893951","86684897"
"43128","78894047","61774955"
"43129","78894047","92445861"
"43130","78894724","88626842"
"43131","78894734","80127854"
"43132","78894768","103083238"
"43133","78894771","104172790"
"43134","78894779","80127135"
"43135","78894788","88677797"
"43136","78894788","80123676"
"43137","78894799","67697366"
"43138","78894800","61687063"
"43139","78895222","67692351"
"43140","78895438","67692794"
"43141","78895443","67695500"
"43142","78895605","103340955"
"43143","78895615","96096876"
"43144","78895910","80128047"
"43145","80121970","62962499"
"43146","80122265","103342478"
"43147","80122275","64914479"
"43148","80122437","65987207"
"43149","80122442","96094739"
"43150","80122658","88624216"
"43151","80122658","61768240"
"43152","80123080","80122781"
"43153","80123081","64910534"
"43154","80123092","97747518"
"43155","80123092","103084690"
"43156","80123101","67692868"
"43157","80123109","69507153"
"43158","80123112","104175877"
"43159","80123146","59667745"
"43160","80123156","103342932"
"43161","80123833","64914814"
"43162","80123833","97752724"
"43163","80123929","69504763"
"43164","80123929","97746949"
"43165","80126426","71482650"
"43166","80126426","88622151"
"43167","80126426","71486977"
"43168","80127164","86684083"
"43169","80127164","92256499"
"43170","80127164","103340941"
"43171","80127164","61684572"
"43172","80127164","86685350"
"43173","80127164","61773820"
"43174","80127164","104176024"
"43175","80127165","61771004"
"43176","80127854","104177899"
"43177","80128087","94201969"
"43178","80128532","61578847"
"43179","80128532","61774703"
"43180","80128532","96096867"
"43181","80128532","61683098"
"43182","80128539","78896174"
"43183","80128539","65984893"
"43184","80129644","86684898"
"43185","80129644","103083779"
"43186","86678365","71487579"
"43187","86678365","88672739"
"43188","86679470","97746884"
"43189","86679477","65797046"
"43190","86679477","78894557"
"43191","86679477","64914341"
"43192","86679477","69507192"
"43193","86679922","103504420"
"43194","86680155","62957166"
"43195","86680844","78889794"
"43196","86680845","88620990"
"43197","86680845","78895340"
"43198","86680845","71486230"
"43199","86680845","103502434"
"43200","86680845","64913051"
"43201","86680845","67693282"
"43202","86680845","103338846"
"43203","86681583","71487326"
"43204","86681583","64915271"
"43205","86681583","67695370"
"43206","86681583","92439135"
"43207","86684079","104178005"
"43208","86684079","62955631"
"43209","86684080","96099498"
"43210","86684175","92440018"
"43211","86684175","80126581"
"43212","86684852","80123253"
"43213","86684862","99977517"
"43214","86684896","86681012"
"43215","86684899","80127242"
"43216","86684907","86685941"
"43217","86684916","65804149"
"43218","86684916","94197363"
"43219","86684927","71483499"
"43220","86684928","61685909"
"43221","86685350","61684541"
"43222","86685350","103087739"
"43223","86685566","86680875"
"43224","86685571","103341423"
"43225","86685733","61772436"
"43226","86685743","67697332"
"43227","86686038","97749624"
"43228","88619165","96091722"
"43229","88619460","88677116"
"43230","88619470","59667494"
"43231","88619632","64914328"
"43232","88619637","103083268"
"43233","88619853","103087413"
"43234","88619853","61772264"
"43235","88620275","97746945"
"43236","88620276","59669317"
"43237","88620287","86680565"
"43238","88620287","62955160"
"43239","88620296","67690765"
"43240","88620304","104171969"
"43241","88620307","58280738"
"43242","88620341","99972452"
"43243","88620351","99977943"
"43244","88621028","69505262"
"43245","88621028","104173505"
"43246","88621123","65983722"
"43247","88621124","88671005"
"43248","88621124","78890040"
"43249","88623620","62960514"
"43250","88623620","86684919"
"43251","88623620","86681583"
"43252","88624358","61771440"
"43253","88624358","103087134"
"43254","88624358","92447347"
"43255","88624358","69504439"
"43256","88624358","86686378"
"43257","88624358","103081261"
"43258","88624358","65800190"
"43259","88624359","78892070"
"43260","88625048","103492436"
"43261","88625281","94199419"
"43262","88625726","103338480"
"43263","88625726","103340819"
"43264","88625726","88675665"
"43265","88625726","64915799"
"43266","88626838","94201367"
"43267","88626838","71487546"
"43268","88669819","59668778"
"43269","88669819","103494573"
"43270","88670924","80129674"
"43271","88670931","97751579"
"43272","88670931","88624174"
"43273","88670931","92256485"
"43274","88670931","103501506"
"43275","88671376","103490576"
"43276","88671609","88623269"
"43277","88672298","78895528"
"43278","88672299","71485286"
"43279","88672299","67694807"
"43280","88672299","71485300"
"43281","88672299","99972051"
"43282","88672299","103343574"
"43283","88672299","88675781"
"43284","88672299","59659711"
"43285","88673037","86684912"
"43286","88673037","80126780"
"43287","88673037","103337539"
"43288","88673037","104176534"
"43289","88675533","80123830"
"43290","88675533","94201881"
"43291","88675534","94198605"
"43292","88675629","62960364"
"43293","88675629","103494955"
"43294","88676306","78895087"
"43295","88676316","86685522"
"43296","88676350","104177905"
"43297","88676353","96097794"
"43298","88676361","65801286"
"43299","88676370","78894084"
"43300","88676370","92444735"
"43301","88676381","94203591"
"43302","88676382","104177959"
"43303","88676804","86684066"
"43304","88676804","88623630"
"43305","88677020","94202620"
"43306","88677025","103341774"
"43307","88677187","80121602"
"43308","88677197","67694875"
"43309","88677492","71487137"
"43310","92250115","80129475"
"43311","92250115","67690240"
"43312","92251220","103490427"
"43313","92251227","61581821"
"43314","92251227","86685439"
"43315","92251227","69503248"
"43316","92251227","67695562"
"43317","92251672","78895606"
"43318","92251905","97752624"
"43319","92252594","65798018"
"43320","92252595","103341063"
"43321","92252595","64914318"
"43322","92252595","97748288"
"43323","92252595","67691000"
"43324","92252595","80122908"
"43325","92252595","65987176"
"43326","92252595","62957227"
"43327","92253333","97752309"
"43328","92253333","94203513"
"43329","92253333","80126056"
"43330","92253333","94201386"
"43331","92255829","61683543"
"43332","92255829","78895437"
"43333","92255830","103083877"
"43334","92255925","65984891"
"43335","92255925","67689929"
"43336","92256602","104177289"
"43337","92256612","103087148"
"43338","92256646","99977982"
"43339","92256649","67695992"
"43340","92256657","86679467"
"43341","92256666","104176005"
"43342","92256666","103085880"
"43343","92256677","59668229"
"43344","92256678","103495361"
"43345","92257100","92253659"
"43346","92257100","103083038"
"43347","92257316","65804115"
"43348","92257321","80122503"
"43349","92257483","62959868"
"43350","92257493","99978968"
"43351","92257788","103343119"
"43352","92440004","80123814"
"43353","92440014","88624352"
"43354","92440176","92440995"
"43355","92440181","94198411"
"43356","92440397","97745883"
"43357","92440819","88625635"
"43358","92440820","67693686"
"43359","92440831","88626685"
"43360","92440831","96091365"
"43361","92440840","88623630"
"43362","92440848","94201396"
"43363","92440851","104173758"
"43364","92440885","88678245"
"43365","92440895","92256503"
"43366","92441572","88676918"
"43367","92441572","86686656"
"43368","92441667","104176029"
"43369","92441668","103491578"
"43370","92441668","99976795"
"43371","92444164","59665172"
"43372","92444164","86684194"
"43373","92444164","86684759"
"43374","92444902","65799193"
"43375","92444902","64915837"
"43376","92444902","88621047"
"43377","92444902","61774864"
"43378","92444902","88673659"
"43379","92444902","103337611"
"43380","92444902","104172798"
"43381","92444903","103340914"
"43382","92445592","94202840"
"43383","92445825","92446203"
"43384","92446270","86678497"
"43385","92446270","88622134"
"43386","92446270","62958101"
"43387","92446270","88669977"
"43388","92447382","71487995"
"43389","92447382","103341908"
"43390","94195548","78891496"
"43391","94195548","78896524"
"43392","94196652","103494562"
"43393","94196659","103491543"
"43394","94196659","92441572"
"43395","94196659","61774522"
"43396","94196659","97753042"
"43397","94197104","78895222"
"43398","94197337","94197064"
"43399","94198026","103493324"
"43400","94198027","97752018"
"43401","94198027","80122650"
"43402","94198027","96093052"
"43403","94198027","80123111"
"43404","94198027","96095702"
"43405","94198027","88676388"
"43406","94198027","61774969"
"43407","94198765","103494709"
"43408","94198765","88669789"
"43409","94198765","88625628"
"43410","94198765","62961908"
"43411","94201261","92444945"
"43412","94201261","78894072"
"43413","94201262","103492153"
"43414","94201357","69503843"
"43415","94201357","99978705"
"43416","94202034","99978318"
"43417","94202044","88620333"
"43418","94202078","96096754"
"43419","94202081","92439147"
"43420","94202089","104171615"
"43421","94202098","88619726"
"43422","94202098","62960509"
"43423","94202109","94199303"
"43424","94202110","104171371"
"43425","94202532","99972996"
"43426","94202748","103341488"
"43427","94202753","99978959"
"43428","94202915","80129478"
"43429","94202925","99978913"
"43430","94203220","88618602"
"43431","96091496","94203376"
"43432","96091936","69504835"
"43433","96092316","94206139"
"43434","96092323","78895499"
"43435","96092741","65985643"
"43436","96092742","61686809"
"43437","96092753","80123137"
"43438","96092753","103504189"
"43439","96092770","92440677"
"43440","96092773","88620454"
"43441","96092817","92439443"
"43442","96093015","69505460"
"43443","96093015","103502427"
"43444","96093046","78894268"
"43445","96098125","67693604"
"43446","96098125","97753035"
"43447","96098125","86688893"
"43448","96098125","69504865"
"43449","96098125","96096001"
"43450","96098125","86680767"
"43451","96098125","65804095"
"43452","96098125","67694840"
"43453","96098125","103491719"
"43454","97746941","61682067"
"43455","97746941","94199129"
"43456","97746941","86685746"
"43457","97746941","88625317"
"43458","97746941","103494667"
"43459","97746941","80123800"
"43460","97746941","65801979"
"43461","97746941","61774661"
"43462","97746941","92251675"
"43463","97752018","97749559"
"43464","97752049","86685327"
"43465","97752049","80121861"
"43466","97752247","67693597"
"43467","97752291","62956018"
"43468","97752294","96096548"
"43469","97752311","96092266"
"43470","97752311","92251252"
"43471","97752322","78894635"
"43472","97752323","88620431"
"43473","97752741","78891827"
"43474","97752748","88677541"
"43475","97753127","65802491"
"43476","97753565","99976765"
"43477","99972131","92439371"
"43478","99972131","103494770"
"43479","99972131","80122399"
"43480","99972131","97753563"
"43481","99972131","67692821"
"43482","99972131","86679823"
"43483","99972131","61684536"
"43484","99972131","88620468"
"43485","99972131","97749541"
"43486","99977208","103336603"
"43487","99977239","94201913"
"43488","99977239","96095722"
"43489","99977437","80128459"
"43490","99977481","80129593"
"43491","99977484","103503359"
"43492","99977501","65802389"
"43493","99977501","103087324"
"43494","99977512","86679606"
"43495","99977513","99979182"
"43496","99977931","59658213"
"43497","99977938","80123796"
"43498","99978317","103502241"
"43499","99978755","80122092"
"43500","103086551","86685205"
"43501","103341621","88674718"
"43502","103494539","104174867"
"43503","104176695","78889831"
"43504","61681988","71489824"
"43505","69504852","62960357"
"43506","71487534","88672346"
"43507","78894757","92440324"
"43508","80123123","80123798"
"43509","86684885","103082345"
"43510","88620318","61771890"
"43511","88676339","88676553"
"43512","92256635","61680890"
"43513","92440862","64910810"
"43514","94202067","80123835"
"43515","58336020","103082560"
"43516","58336024","104172216"
"43517","58336025","69504009"
"43518","58336025","103084560"
"43519","58336026","94203329"
"43520","96091926","92253872"
"43521","96092099","88676360"
"43522","96092103","64913209"
"43523","96092105","104171394"
"43524","96092106","88676482"
"43525","96092108","88620580"
"43526","96092609","65800648"
"43527","96092609","58144312"
"43528","96097541","103338702"
"43529","96097541","67694867"
"43530","96097541","103340911"
"43531","96097541","99977799"
"43532","96097541","103080232"
"43533","97747525","96093053"
"43534","97747525","71483130"
"43535","97747525","67694561"
"43536","97747525","67693806"
"43537","97747525","61768383"
"43538","97752455","88624957"
"43539","97752455","61774860"
"43540","97752955","78894085"
"43541","97752957","94203329"
"43542","97752958","92255963"
"43543","97752960","99977645"
"43544","97752964","103492886"
"43545","97753137","62955586"
"43546","99972715","88672326"
"43547","99972715","78896475"
"43548","99972715","96093443"
"43549","99972715","69502244"
"43550","99972715","69506548"
"43551","99977645","64912077"
"43552","99977645","104170370"
"43553","99978145","97748077"
"43554","99978147","80128045"
"43555","99978148","103087783"
"43556","99978150","86684173"
"43557","99978154","69503951"
"43558","99978327","65987550"
"43559","96099333","86681835"
"43560","97745774","88619469"
"43561","99970964","71488109"
"43562","103085988","86680835"
"43563","103341058","71487810"
"43564","103502341","61685948"
"43565","104176132","64916728"
"43566","58336240","103491627"
"43567","59671094","103336608"
"43568","61682055","97751791"
"43569","61769953","92256796"
"43570","62961972","86682109"
"43571","64916666","103087123"
"43572","65804148","103502464"
"43573","65989576","103343968"
"43574","67697312","97749072"
"43575","69507172","71488058"
"43576","71489871","80126059"
"43577","78894194","88620264"
"43578","80123686","88672631"
"43579","86684322","94201360"
"43580","88620881","94200122"
"43581","88675776","71485930"
"43582","92256072","61774657"
"43583","92441425","71484949"
"43584","94201504","99977269"
"43585","96093347","65987139"
"43586","96096824","80123100"
"43587","96096824","96095560"
"43588","96096824","96097981"
"43589","96096824","94201357"
"43590","97748241","92443743"
"43591","97748241","69499927"
"43592","97748241","103343406"
"43593","97748241","92253960"
"43594","97751717","97753591"
"43595","99973431","61687865"
"43596","99973431","104171283"
"43597","99973431","86681623"
"43598","99973431","58336230"
"43599","99976907","86684776"
"43600","103080096","103081554"
"43601","103080096","96099118"
"43602","103082347","103492909"
"43603","103082347","59669438"
"43604","103087246","97752291"
"43605","103087782","88676352"
"43606","103087782","86680810"
"43607","103335166","61686647"
"43608","103335166","86685747"
"43609","103337417","96092617"
"43610","103337417","97752152"
"43611","103342316","99974555"
"43612","103342852","97753773"
"43613","103342852","96098617"
"43614","103490465","65987229"
"43615","103490465","86679575"
"43616","103492716","104176047"
"43617","103492716","88625546"
"43618","103501753","67694500"
"43619","103501753","61773712"
"43620","103501927","59668343"
"43621","104170240","92258364"
"43622","104170240","99979195"
"43623","104172491","104171645"
"43624","104172491","69722478"
"43625","104177390","86684328"
"43626","104177875","65798038"
"43627","104177926","97750475"
"43628","104177926","58140997"
"43629","59658728","71485258"
"43630","61578806","97746890"
"43631","61682117","97752599"
"43632","61687024","92252428"
"43633","61770015","92441534"
"43634","61774916","86680784"
"43635","62955262","103341947"
"43636","62960475","97748183"
"43637","62962034","80125568"
"43638","62962034","94202070"
"43639","64910040","104173239"
"43640","64915093","65987427"
"43641","64916727","62959589"
"43642","64916727","67694806"
"43643","64977533","86684380"
"43644","65797360","99976791"
"43645","65802553","92250111"
"43646","65804209","61774946"
"43647","65804209","65987839"
"43648","65982934","65799256"
"43649","65989637","65802393"
"43650","65989637","78888271"
"43651","67690308","78894802"
"43652","67695688","71484973"
"43653","67697365","80128087"
"43654","67697365","92446089"
"43655","69500031","86678522"
"43656","69500031","88626673"
"43657","69505494","97749345"
"43658","69507226","67695638"
"43659","69507226","104174021"
"43660","71482696","69505527"
"43661","71482696","94203885"
"43662","71482725","92257403"
"43663","71486084","78894171"
"43664","71486084","67697243"
"43665","71488176","86685468"
"43666","71489925","88623352"
"43667","71489925","104173936"
"43668","78888257","64915034"
"43669","78888257","65986444"
"43670","78890551","97752014"
"43671","78890551","88672467"
"43672","78895453","88672825"
"43673","78895940","65985254"
"43674","78895991","67692360"
"43675","78895991","97748410"
"43676","80121850","104173815"
"43677","80121889","67693592"
"43678","80121889","88621939"
"43679","80121940","92253927"
"43680","80121940","86684221"
"43681","80122427","88619726"
"43682","80127329","67690194"
"43683","80127329","88620329"
"43684","80129623","96097541"
"43685","80129623","61768586"
"43686","86678386","78891837"
"43687","86678386","71486274"
"43688","86680680","78892099"
"43689","86680680","92445877"
"43690","86685581","69504007"
"43691","86686068","71488968"
"43692","86686119","94199009"
"43693","86686119","57819112"
"43694","88619084","61769973"
"43695","88619084","61768385"
"43696","88619135","103490209"
"43697","88619622","65805295"
"43698","88624523","59668482"
"43699","88626817","92250242"
"43700","88626817","78896025"
"43701","88669840","59669313"
"43702","88669840","104171773"
"43703","88672134","64916761"
"43704","88672134","61774204"
"43705","88677035","92256969"
"43706","88677522","65802519"
"43707","88677573","96092313"
"43708","88677573","92252534"
"43709","92250136","65799690"
"43710","92250136","103343318"
"43711","92252430","71487230"
"43712","92257331","65989579"
"43713","92257818","103088071"
"43714","92257869","92253493"
"43715","92257869","64910530"
"43716","92439628","103081218"
"43717","92439628","92253895"
"43718","92440166","86679475"
"43719","92445067","88673207"
"43720","92447361","65804174"
"43721","92447361","96095926"
"43722","94195569","92443794"
"43723","94195569","103085859"
"43724","94197862","88626803"
"43725","94197862","103492470"
"43726","94202763","64909997"
"43727","94203250","61686676"
"43728","94203250","80127180"
"43729","94203301","104171734"
"43730","94203301","103492206"
"43731","94203340","103341945"
"43732","96091550","65988281"
"43733","96091550","64914269"
"43734","96091925","78890279"
"43735","96092204","71485295"
"43736","96092205","103501870"
"43737","96092205","103494593"
"43738","96092246","94201805"
"43739","96092894","69504880"
"43740","96092895","86681429"
"43741","96092896","103501369"
"43742","96092902","67693704"
"43743","96092923","71485909"
"43744","96092931","88677201"
"43745","96092932","80129648"
"43746","96092933","88677017"
"43747","96096825","67692862"
"43748","96097747","78894489"
"43749","96099316","65797247"
"43750","97745791","96097803"
"43751","97747319","80123307"
"43752","97748240","58336240"
"43753","97752131","92257818"
"43754","97752132","78894743"
"43755","97752133","80129518"
"43756","97752141","64910437"
"43757","97752162","69507028"
"43758","97752168","96093052"
"43759","97752169","96089121"
"43760","97752170","88675685"
"43761","97752858","99979375"
"43762","97752858","78895352"
"43763","97752859","80122061"
"43764","97753138","58142140"
"43765","97753511","58142988"
"43766","97753511","99979873"
"43767","99970981","104176015"
"43768","99972509","64910070"
"43769","99973430","92447412"
"43770","99977321","59668430"
"43771","99977322","57821050"
"43772","99977323","71489315"
"43773","99977331","96091940"
"43774","99977343","61686777"
"43775","99977352","99976798"
"43776","99977358","103084596"
"43777","99977359","103338686"
"43778","99977360","88625323"
"43779","99978048","59667738"
"43780","99978048","62955092"
"43781","99978049","97754078"
"43782","99978328","58336001"
"43783","99978701","61773823"
"43784","99978701","62957201"
"43785","103084691","103088556"
"43786","103084691","104173662"
"43787","103084691","104176706"
"43788","103339761","64915231"
"43789","103339761","61686248"
"43790","103339761","67693339"
"43791","104174835","62960281"
"43792","104174835","96092201"
"43793","104174835","104177380"
"43794","103084715","69504661"
"43795","103086724","80127022"
"43796","103339785","104174741"
"43797","103341794","80122437"
"43798","103502081","103336640"
"43799","103503334","103088570"
"43800","104174859","88677652"
"43801","104176868","104171395"
"43802","59670427","96093487"
"43803","59671104","94197969"
"43804","61585534","67692423"
"43805","61586231","62959838"
"43806","61681341","78889752"
"43807","61682065","88675787"
"43808","61769245","71485290"
"43809","61769963","78891829"
"43810","62961226","92253601"
"43811","62961982","92253035"
"43812","64915861","97751620"
"43813","64916676","92256535"
"43814","64984102","80123797"
"43815","64984799","104171714"
"43816","65803341","62959840"
"43817","65804158","67695992"
"43818","65988771","65801938"
"43819","65989586","88673472"
"43820","67696455","61774701"
"43821","67697322","69504875"
"43822","69506281","103082579"
"43823","69507182","61768384"
"43824","71488972","97752753"
"43825","71489881","104173758"
"43826","78892920","103491503"
"43827","78894930","94201408"
"43828","80122950","71488112"
"43829","80124960","69504442"
"43830","86683048","61774820"
"43831","86685058","92440014"
"43832","88620145","78894775"
"43833","88622155","104172597"
"43834","88674502","103338964"
"43835","88676512","67695741"
"43836","92254798","78891820"
"43837","92256808","57822614"
"43838","92440689","99972391"
"43839","92442699","61682081"
"43840","94200230","80123079"
"43841","94202240","88673199"
"43842","96091511","104176142"
"43843","96092247","99972158"
"43844","96092247","78888363"
"43845","96092897","62958090"
"43846","96092898","103338364"
"43847","96092899","62959372"
"43848","96092900","65801720"
"43849","96092903","92447386"
"43850","96092904","88675651"
"43851","96092906","97752156"
"43852","96092913","97752169"
"43853","96092914","97748452"
"43854","96092916","71489872"
"43855","96092917","64915785"
"43856","96092920","59669462"
"43857","96092921","88620995"
"43858","96092925","64912031"
"43859","96092926","92441419"
"43860","96092927","88677863"
"43861","97752137","88625624"
"43862","97752138","64912744"
"43863","97752139","80122341"
"43864","97752143","94197052"
"43865","97752144","104174027"
"43866","97752147","97754184"
"43867","97752148","96091289"
"43868","97752150","92441665"
"43869","97752151","86678521"
"43870","97752158","92443743"
"43871","97752160","92256845"
"43872","97752161","97752305"
"43873","97752164","104172789"
"43874","97752165","67695722"
"43875","97752166","69504867"
"43876","97752167","104176496"
"43877","97752816","88676804"
"43878","97752816","97752167"
"43879","99977327","64980642"
"43880","99977328","80123780"
"43881","99977329","65799754"
"43882","99977333","61684162"
"43883","99977334","64914799"
"43884","99977337","96092639"
"43885","99977338","88671670"
"43886","99977340","97753590"
"43887","99977341","65799305"
"43888","99977348","59669055"
"43889","99977350","103491588"
"43890","99977351","71488238"
"43891","99977354","67696014"
"43892","99977355","103082539"
"43893","99977356","96095459"
"43894","99977357","69502289"
"43895","99978006","78896281"
"43896","99978006","104173777"
"43897","103082996","103491593"
"43898","103084668","97747041"
"43899","103084668","78889738"
"43900","103084668","97747303"
"43901","103084668","67693790"
"43902","103087273","96096988"
"43903","103087282","92252436"
"43904","103338066","104173726"
"43905","103339738","92252624"
"43906","103339738","71489808"
"43907","103339738","96095574"
"43908","103339738","86685374"
"43909","103342343","64915782"
"43910","103342352","92253705"
"43911","103493365","104178187"
"43912","103501891","88671084"
"43913","103501900","59659751"
"43914","103503381","59211609"
"43915","103503381","69505524"
"43916","103503381","97754023"
"43917","103503381","97747317"
"43918","104173140","67692335"
"43919","104174812","92445883"
"43920","104174812","103494393"
"43921","104174812","103341941"
"43922","104174812","86680116"
"43923","104177417","96092909"
"43924","104177426","62960360"
"43925","59669995","92251252"
"43926","61585085","88623058"
"43927","61680599","65985425"
"43928","61680602","71488187"
"43929","61680602","78895964"
"43930","61680893","92256366"
"43931","61768506","96090967"
"43932","61768797","71485233"
"43933","62960429","88618854"
"43934","62960432","86686153"
"43935","62960750","103336661"
"43936","64915047","59669192"
"43937","64915050","97747630"
"43938","64915375","78895606"
"43939","64983653","78888206"
"43940","65802507","71487137"
"43941","65802510","88676780"
"43942","65802852","67695854"
"43943","65988284","103086431"
"43944","67694247","78895686"
"43945","67695634","65983612"
"43946","67695637","103491860"
"43947","67695995","67697249"
"43948","69504051","88675634"
"43949","69505440","61774142"
"43950","69505443","99972462"
"43951","69505815","80119114"
"43952","71486733","94202800"
"43953","71488122","103342481"
"43954","71488125","86680978"
"43955","71488503","92438838"
"43956","78891200","92447382"
"43957","78892873","67697304"
"43958","78895480","62957993"
"43959","78895489","62958554"
"43960","80122391","88623522"
"43961","80122400","67690685"
"43962","80125007","62959893"
"43963","80126680","94198809"
"43964","86681329","104176558"
"43965","86683001","80128145"
"43966","86683001","96096240"
"43967","86683001","58142988"
"43968","86685608","64916730"
"43969","86685617","99977611"
"43970","88619586","80123092"
"43971","88619595","92443920"
"43972","88622202","97752171"
"43973","88622202","59657923"
"43974","88623874","67694943"
"43975","88672783","103495055"
"43976","88674455","62958077"
"43977","88674455","65801756"
"43978","88674455","78888392"
"43979","88677062","61578823"
"43980","88677071","80126047"
"43981","92253079","80121394"
"43982","92254751","78895534"
"43983","92254751","103337523"
"43984","92254751","94197984"
"43985","92257358","88619920"
"43986","92257367","69507198"
"43987","92440130","80124985"
"43988","92440139","86684194"
"43989","92442746","78894189"
"43990","92442746","96095726"
"43991","92444418","103501900"
"43992","94198511","69502586"
"43993","94200183","78894108"
"43994","94200183","71487989"
"43995","94200183","86684224"
"43996","94200183","61771348"
"43997","94202790","97751589"
"43998","94202799","97752439"
"43999","96089120","65804115"
"44000","96092185","92439449"
"44001","96092190","92440573"
"44002","96092191","104170219"
"44003","96092192","103081538"
"44004","96092193","78889757"
"44005","96092195","99978889"
"44006","96092200","59669797"
"44007","96093274","103494816"
"44008","96093274","65985812"
"44009","96093274","96096682"
"44010","96093274","97753403"
"44011","96093274","61684508"
"44012","96093274","103342382"
"44013","96093274","104176019"
"44014","96093274","69502128"
"44015","96093274","57820625"
"44016","97751790","59669599"
"44017","97751790","103495473"
"44018","97751790","103341636"
"44019","97751790","92445787"
"44020","97751790","97746481"
"44021","97751790","103086386"
"44022","97751790","64914490"
"44023","97751790","92439736"
"44024","97751790","104177944"
"44025","97752863","96097802"
"44026","97752868","65803979"
"44027","97752870","69505637"
"44028","97752871","62961992"
"44029","97752872","92440397"
"44030","97752873","94202356"
"44031","97752878","97747045"
"44032","97754493","65804210"
"44033","99976980","104171682"
"44034","99976980","104171304"
"44035","99976980","97753564"
"44036","99976980","92258358"
"44037","99976980","80122183"
"44038","99976980","58144301"
"44039","99976980","88621008"
"44040","99976980","103335298"
"44041","99976980","78894902"
"44042","99978053","92444318"
"44043","99978058","65797377"
"44044","99978060","92253340"
"44045","99978061","94196655"
"44046","99978062","65804167"
"44047","99978063","62962048"
"44048","99978068","92251294"
"44049","99979683","103342199"
"44050","103080056","78889412"
"44051","103087735","104176026"
"44052","103087735","103082493"
"44053","103335126","65987893"
"44054","103342805","103494506"
"44055","103342805","78894072"
"44056","103490425","92440289"
"44057","104170200","96099252"
"44058","104177879","88624778"
"44059","104177879","69500571"
"44060","59658479","61680697"
"44061","61578720","92447351"
"44062","61686938","104176038"
"44063","61774830","94202710"
"44064","62955177","59668956"
"44065","64909955","65987404"
"44066","64977447","65987373"
"44067","65797274","71484946"
"44068","65982849","65986562"
"44069","67690222","104175993"
"44070","67690701","103089305"
"44071","69499944","71488112"
"44072","69500456","96092212"
"44073","69500456","78892924"
"44074","71482606","71488136"
"44075","71483121","78894093"
"44076","71483121","92447233"
"44077","78888217","103491629"
"44078","78895944","96097867"
"44079","78895944","103342464"
"44080","80121936","88625732"
"44081","80121936","88672218"
"44082","80129663","92447256"
"44083","86678346","65797305"
"44084","86686072","92443994"
"44085","86686072","96092923"
"44086","88619131","78890660"
"44087","88619131","78894161"
"44088","88626857","96097281"
"44089","88669800","92440958"
"44090","88677526","103342402"
"44091","88677526","62954884"
"44092","92250096","103501847"
"44093","92257822","96092982"
"44094","92257822","88622274"
"44095","92447401","65799364"
"44096","94195529","59669454"
"44097","94203254","80122443"
"44098","94203254","88619539"
"44099","96091271","99972804"
"44100","96091271","94199327"
"44101","96091271","61687419"
"44102","96091597","80128182"
"44103","96091597","69504864"
"44104","97753790","92440718"
"44105","97753790","96096754"
"44106","99978980","103342093"
"44107","99978980","86685608"
"44108","103084709","67697394"
"44109","103084709","92440083"
"44110","103084709","88676933"
"44111","103085605","86679545"
"44112","103085605","97747797"
"44113","103085605","71484835"
"44114","103085607","71484997"
"44115","103085607","88670946"
"44116","103085607","78888311"
"44117","103085609","103337628"
"44118","103085982","99978885"
"44119","103087690","94202109"
"44120","103087690","103492799"
"44121","103087690","62955160"
"44122","103087876","61774528"
"44123","103087876","104171683"
"44124","103087878","88677784"
"44125","103087878","96092200"
"44126","103087879","92441061"
"44127","103087881","67696413"
"44128","103339779","103341467"
"44129","103339779","71487143"
"44130","103339779","92444859"
"44131","103340675","69504808"
"44132","103340675","103086836"
"44133","103340675","61685926"
"44134","103340677","104177261"
"44135","103340677","62955292"
"44136","103340677","92439656"
"44137","103340679","78892062"
"44138","103341052","62959373"
"44139","103342760","99977338"
"44140","103342760","67693569"
"44141","103342760","88676162"
"44142","103342946","80121608"
"44143","103342946","86680408"
"44144","103342948","64915036"
"44145","103342948","92255014"
"44146","103342949","103491716"
"44147","103342951","92257103"
"44148","103501682","96092979"
"44149","103501684","99978251"
"44150","103501685","96095719"
"44151","103501685","103343835"
"44152","103501687","64913044"
"44153","103501687","92256810"
"44154","103502347","92249917"
"44155","103502558","71487966"
"44156","103503340","103494552"
"44157","103503340","57820190"
"44158","104174853","99978961"
"44159","104174853","62959873"
"44160","104174853","88669822"
"44161","104175749","97749573"
"44162","104175749","103337646"
"44163","104175749","92256539"
"44164","104175751","72815682"
"44165","104175751","78891545"
"44166","104175751","99977481"
"44167","104175753","88675777"
"44168","104176126","69505244"
"44169","104177834","59668383"
"44170","104177834","88676338"
"44171","104177834","99972462"
"44172","104178020","103340919"
"44173","104178020","88625338"
"44174","104178022","99972135"
"44175","104178022","65800675"
"44176","104178023","104178387"
"44177","104178025","69502582"
"44178","57822938","103081570"
"44179","58143223","88673077"
"44180","59670421","71482747"
"44181","59671085","86681179"
"44182","61585528","67694668"
"44183","61681335","104175983"
"44184","61682046","80122275"
"44185","61769239","71484927"
"44186","61769944","92252578"
"44187","62961220","97752621"
"44188","62961963","58141449"
"44189","64915855","71483045"
"44190","64916657","92255955"
"44191","64984096","97751568"
"44192","65803335","88620982"
"44193","65804139","92441547"
"44194","65988764","94203319"
"44195","65989567","99976891"
"44196","67696449","88625314"
"44197","67697303","97749400"
"44198","69506275","99977496"
"44199","69507163","103338414"
"44200","71488952","67696021"
"44201","71488954","78888287"
"44202","71488966","103087815"
"44203","71489862","78895944"
"44204","78892914","99973920"
"44205","78894188","78889448"
"44206","78896085","88620414"
"44207","78896087","65801963"
"44208","80121793","88673599"
"44209","80121795","61680680"
"44210","80123692","71487562"
"44211","80124966","92445767"
"44212","86683042","86685090"
"44213","86683941","94203546"
"44214","86683943","88669584"
"44215","86684316","99971180"
"44216","86686213","103338702"
"44217","86686215","80126436"
"44218","88618988","92444867"
"44219","88618990","88619114"
"44220","88620887","103342300"
"44221","88622161","64977574"
"44222","88674496","61684537"
"44223","88675395","64915088"
"44224","88675397","96093459"
"44225","88675770","97747821"
"44226","88677667","58151730"
"44227","88677669","61775838"
"44228","92254792","99978945"
"44229","92255693","59664976"
"44230","92256066","103501750"
"44231","92257963","96092342"
"44232","92257965","103503454"
"44233","92439532","64915125"
"44234","92439534","71485925"
"44235","92441431","64915032"
"44236","92441804","88677072"
"44237","92442705","99973763"
"44238","94200224","64916586"
"44239","94200224","61687419"
"44240","94200224","94201403"
"44241","94201121","96090828"
"44242","94201123","86685483"
"44243","94201125","80127158"
"44244","94201498","86683048"
"44245","94203209","103337859"
"44246","94203395","62958364"
"44247","94203395","59658449"
"44248","94203397","88618907"
"44249","94203397","65802589"
"44250","94203398","96096781"
"44251","94203400","97751556"
"44252","96093353","69503087"
"44253","97751334","104173182"
"44254","97751334","96091260"
"44255","97751336","71487233"
"44256","97751336","104171774"
"44257","97751338","71487226"
"44258","97751711","96092094"
"44259","97753419","104173768"
"44260","97753419","92442694"
"44261","99976524","103494417"
"44262","99976524","96092312"
"44263","99976526","62961217"
"44264","99976526","94201394"
"44265","99976528","78888385"
"44266","99976901","103340918"
"44267","99978609","94195704"
"44268","99978609","92444570"
"44269","103080051","65984878"
"44270","103080051","64914101"
"44271","103080052","71488100"
"44272","103080098","103493713"
"44273","103081822","61774530"
"44274","103084695","97754492"
"44275","103084740","92256492"
"44276","103084740","80126042"
"44277","103086463","97747588"
"44278","103335121","59668793"
"44279","103335121","61771889"
"44280","103335122","103491902"
"44281","103335168","62962035"
"44282","103336892","64915030"
"44283","103339765","78895910"
"44284","103339810","78891959"
"44285","103339810","103081227"
"44286","103341533","103501812"
"44287","103490420","97751477"
"44288","103490420","92439547"
"44289","103490421","59659865"
"44290","103490467","69502605"
"44291","103492191","71487216"
"44292","103502170","88671321"
"44293","103503309","88618505"
"44294","103503309","97749623"
"44295","103503354","80129636"
"44296","103503358","92444920"
"44297","103503358","78894607"
"44298","103503358","94198157"
"44299","104170195","88624974"
"44300","104170195","80125856"
"44301","104170196","92256669"
"44302","104170242","103338505"
"44303","104171966","78896085"
"44304","104174839","88675850"
"44305","104174884","88676937"
"44306","104174884","103082952"
"44307","104176607","78894633"
"44308","57823877","64915131"
"44309","57823880","94199085"
"44310","58144162","96096440"
"44311","58144165","65989602"
"44312","58271969","103086455"
"44313","59211559","103501775"
"44314","59211606","71483537"
"44315","59658435","59667489"
"44316","59658435","67696432"
"44317","59658440","103504426"
"44318","59658734","58139096"
"44319","59658883","104172657"
"44320","59670411","62961206"
"44321","61578706","61771606"
"44322","61578706","97748975"
"44323","61578707","59667477"
"44324","61578808","57822356"
"44325","61578856","99978796"
"44326","61585518","94199357"
"44327","61681325","61686310"
"44328","61681993","65988040"
"44329","61686924","99976913"
"44330","61686924","104171624"
"44331","61686925","88671793"
"44332","61687026","61775282"
"44333","61687074","103336378"
"44334","61769229","92440395"
"44335","61769891","64916597"
"44336","61774816","97753490"
"44337","61774816","104177487"
"44338","61774817","69507175"
"44339","61774918","88672133"
"44340","61774966","103338117"
"44341","62955163","103086949"
"44342","62955163","104173505"
"44343","62955164","71488110"
"44344","62955264","65802226"
"44345","62955312","65799266"
"44346","62961210","94195524"
"44347","62961901","96099333"
"44348","64909941","97752863"
"44349","64909941","78889756"
"44350","64909942","59658767"
"44351","64910042","86679867"
"44352","64910090","65803335"
"44353","64914642","86684173"
"44354","64915845","104176530"
"44355","64916593","94202393"
"44356","64977433","97753778"
"44357","64977433","92252979"
"44358","64977434","88675655"
"44359","64977535","103088247"
"44360","64977583","64912877"
"44361","64984086","103341655"
"44362","65797260","78896718"
"44363","65797260","78888287"
"44364","65797261","92445881"
"44365","65797362","67696455"
"44366","65797410","94195350"
"44367","65802100","86685350"
"44368","65802256","103342019"
"44369","65803325","80125864"
"44370","65804074","65987808"
"44371","65982835","99978328"
"44372","65982835","86684288"
"44373","65982836","59669901"
"44374","65982936","69502834"
"44375","65982984","94202301"
"44376","65988754","58139672"
"44377","67690208","57824018"
"44378","67690208","80124966"
"44379","67690209","104170270"
"44380","67690310","88619622"
"44381","67690358","62955097"
"44382","67695215","65987398"
"44383","67695371","99976798"
"44384","67696439","69504302"
"44385","67697238","97749508"
"44386","69499930","104176582"
"44387","69499930","86684201"
"44388","69499931","94201954"
"44389","69500033","57821613"
"44390","69500081","64912741"
"44391","69505021","67694891"
"44392","69505177","88620594"
"44393","69506265","103338681"
"44394","69507098","103502243"
"44395","71482592","103491585"
"44396","71482592","103343141"
"44397","71482593","96093476"
"44398","71482698","97752146"
"44399","71482746","61585518"
"44400","71487703","103502425"
"44401","71487859","88675673"
"44402","71488956","104174251"
"44403","71489797","65802510"
"44404","71489797","71482579"
"44405","78888212","86685346"
"44406","78888212","65800207"
"44407","78888213","96093475"
"44408","78888259","80123796"
"44409","78890025","92439441"
"44410","78892896","88677667"
"44411","78892900","104170388"
"44412","78892945","86680422"
"44413","78892945","88620998"
"44414","78894669","92253373"
"44415","80123211","86683024"
"44416","80124935","71488057"
"44417","80124935","69507232"
"44418","80124980","61772038"
"44419","80124984","92251635"
"44420","80127855","88671683"
"44421","80129621","103503340"
"44422","80129667","61685858"
"44423","80129668","103336604"
"44424","80129668","103341963"
"44425","86678341","59669757"
"44426","86678341","71485750"
"44427","86678342","80125007"
"44428","86678388","96095713"
"44429","86680154","103083735"
"44430","86683024","88623553"
"44431","86683028","103342215"
"44432","86683073","62960469"
"44433","86683073","61768488"
"44434","86684797","71484823"
"44435","88620406","58336025"
"44436","88622130","99973765"
"44437","88622130","67694491"
"44438","88622175","92441005"
"44439","88622179","67693002"
"44440","88625049","62960470"
"44441","88626815","67695096"
"44442","88626861","103504257"
"44443","88626862","57819387"
"44444","88626862","103340949"
"44445","88669795","86684687"
"44446","88669795","78894895"
"44447","88669796","103341665"
"44448","88669842","94203221"
"44449","88671608","88626757"
"44450","88674478","103087760"
"44451","88674482","97747830"
"44452","88674527","88619830"
"44453","88674527","103342948"
"44454","88676251","103340941"
"44455","92250091","88619081"
"44456","92250091","99972058"
"44457","92250092","103490217"
"44458","92250138","92257394"
"44459","92251904","88619186"
"44460","92254774","104176015"
"44461","92254778","103493265"
"44462","92254823","94199295"
"44463","92254823","69502273"
"44464","92256547","104175995"
"44465","92440950","103492909"
"44466","92442674","61578710"
"44467","92442674","103338882"
"44468","92442719","94202605"
"44469","92442723","67695569"
"44470","92445593","71489241"
"44471","92447359","88625654"
"44472","92447405","96095466"
"44473","92447406","92446274"
"44474","92447406","57819784"
"44475","94195524","96097796"
"44476","94195524","92443815"
"44477","94195525","88673611"
"44478","94195571","92257963"
"44479","94197336","103083317"
"44480","94200206","94203483"
"44481","94200210","92256650"
"44482","94200255","64914430"
"44483","94200255","71482698"
"44484","94201979","103502079"
"44485","96091510","80129621"
"44486","96092872","58142656"
"44487","96094596","103491921"
"44488","96094596","78894057"
"44489","97750469","59660908"
"44490","97750469","86684200"
"44491","97752192","64909695"
"44492","97753551","65798148"
"44493","99975659","103086880"
"44494","99975659","65801089"
"44495","99977382","67690353"
"44496","99978741","92253716"
"44497","103085992","99972259"
"44498","103085992","86684066"
"44499","103085992","103493012"
"44500","103341062","94201499"
"44501","103341062","80126244"
"44502","103341062","61774667"
"44503","103502338","86678365"
"44504","103502338","103336383"
"44505","103502338","88677069"
"44506","104176136","88626712"
"44507","104176136","86686294"
"44508","104176136","103490525"
"44509","104176136","71485468"
"44510","59216483","92253866"
"44511","86684326","103087321"
"44512","86684326","86685964"
"44513","88620877","96092301"
"44514","88620877","69503097"
"44515","88675780","103080240"
"44516","88675780","64916684"
"44517","92256076","65986080"
"44518","92256076","103342204"
"44519","92256076","78895083"
"44520","92441421","103490596"
"44521","92441421","94196762"
"44522","94201508","80125887"
"44523","94201508","78894055"
"44524","94201508","61773809"
"44525","96093343","94202532"
"44526","96093343","103086593"
"44527","96093343","71486583"
"44528","97751721","88669878"
"44529","97751721","71488749"
"44530","97751721","58141938"
"44531","99976911","80129881"
"44532","99976911","61684221"
"44533","99976911","99972705"
"44534","103084686","99972540"
"44535","103084689","67692792"
"44536","103084692","71487357"
"44537","103087289","99970797"
"44538","103087295","92255956"
"44539","103339756","58142668"
"44540","103339759","78888368"
"44541","103339762","88624310"
"44542","103342359","99977609"
"44543","103342365","62959368"
"44544","103501878","78896506"
"44545","103501884","96093473"
"44546","103503357","80123801"
"44547","103503360","67692285"
"44548","103503363","92440415"
"44549","104174830","96091501"
"44550","104174833","88669824"
"44551","104174836","104178801"
"44552","104177433","103494916"
"44553","104177439","88669795"
"44554","57820713","103087119"
"44555","58140998","94201368"
"44556","58336209","65989636"
"44557","59216007","99972243"
"44558","59669312","64915122"
"44559","59669315","59670423"
"44560","61584381","65985929"
"44561","61584384","103088428"
"44562","61680187","61685795"
"44563","61680190","69504627"
"44564","61768091","88620179"
"44565","61768094","103342083"
"44566","62960017","99977351"
"44567","62960020","88675636"
"44568","62960450","78894028"
"44569","62960452","61683549"
"44570","64914640","103335303"
"44571","64914643","96092343"
"44572","64915068","97752956"
"44573","64915070","67695553"
"44574","64982947","65799335"
"44575","64982950","61684312"
"44576","65802098","92253034"
"44577","65802101","88677607"
"44578","65802528","92441519"
"44579","65802530","88624024"
"44580","65987549","104176426"
"44581","65987552","104176190"
"44582","67695213","59667737"
"44583","67695216","58336231"
"44584","67695659","71484934"
"44585","67695661","103085862"
"44586","69505019","104176024"
"44587","69505022","104176023"
"44588","69505465","92440127"
"44589","69505467","103087270"
"44590","71487701","88672308"
"44591","71487704","103501528"
"44592","71488147","67695740"
"44593","71488149","65988766"
"44594","71490475","99977485"
"44595","78892891","88672132"
"44596","78892894","69505250"
"44597","78892897","96097780"
"44598","78895496","86686199"
"44599","78895502","61772037"
"44600","80122378","86684184"
"44601","80122384","96092211"
"44602","80124983","69502062"
"44603","80124986","78894617"
"44604","80124989","94198805"
"44605","86683019","88671609"
"44606","86683022","103494381"
"44607","86683025","88625737"
"44608","86685624","96092730"
"44609","86685630","94202665"
"44610","88619573","92441564"
"44611","88619579","103081215"
"44612","88622178","103501803"
"44613","88622181","96098586"
"44614","88622184","88619056"
"44615","88674473","92441542"
"44616","88674476","62960417"
"44617","88674479","88623869"
"44618","88677078","61586755"
"44619","88677084","104175992"
"44620","92254769","65802255"
"44621","92254772","64984798"
"44622","92254775","64910057"
"44623","92257374","57823880"
"44624","92257380","58140051"
"44625","92440117","62957221"
"44626","92440123","88673563"
"44627","92442722","61768582"
"44628","92442725","86685352"
"44629","92442728","103083435"
"44630","94200201","86686093"
"44631","94200204","103338684"
"44632","94200207","94199310"
"44633","94202806","71484919"
"44634","94202812","78888206"
"44635","96098193","96091925"
"44636","103080055","69722536"
"44637","103080055","94202080"
"44638","103084697","103335126"
"44639","103084743","61772116"
"44640","103086529","61683450"
"44641","103335125","67690325"
"44642","103335125","58142582"
"44643","103339767","71485263"
"44644","103339813","94201562"
"44645","103341599","92252606"
"44646","103490424","69502580"
"44647","103490424","86684317"
"44648","103494517","59665143"
"44649","103503306","88625620"
"44650","103503352","99973265"
"44651","104170199","67693304"
"44652","104170199","67694891"
"44653","104174841","103081534"
"44654","104174887","97752311"
"44655","104176673","65800481"
"44656","59658476","80123782"
"44657","59658476","80121940"
"44658","59669318","99978781"
"44659","59670413","61687412"
"44660","61578719","80127786"
"44661","61584387","86684196"
"44662","61585520","86684756"
"44663","61680193","80123779"
"44664","61681327","67692800"
"44665","61686937","97753340"
"44666","61686937","92251625"
"44667","61768097","65800339"
"44668","61769231","65803602"
"44669","61774829","99977331"
"44670","61774829","86679869"
"44671","62955176","78890841"
"44672","62955176","65986115"
"44673","62959839","61772519"
"44674","62960023","71483092"
"44675","62961212","71486281"
"44676","62961891","59669030"
"44677","64909954","67693299"
"44678","64909954","71487707"
"44679","64914452","103494810"
"44680","64914646","103086690"
"44681","64915847","65987842"
"44682","64916583","94203261"
"44683","64977446","62957989"
"44684","64982953","78890700"
"44685","64984088","104171305"
"44686","65797273","71487930"
"44687","65797273","71482596"
"44688","65801910","71488522"
"44689","65802104","57822940"
"44690","65803327","69505019"
"44691","65804064","96092895"
"44692","65982848","104173040"
"44693","65982848","64977899"
"44694","65987361","64915129"
"44695","65987555","67696416"
"44696","65988756","67690269"
"44697","65989493","94195551"
"44698","67690221","69506261"
"44699","67690221","94198109"
"44700","67695025","78895948"
"44701","67695219","71487322"
"44702","67696441","64914932"
"44703","67697228","96093465"
"44704","69499943","97751773"
"44705","69499943","88625648"
"44706","69504830","86683030"
"44707","69505025","58143223"
"44708","69506267","92252552"
"44709","69507088","57820665"
"44710","71482605","97745607"
"44711","71482605","80122980"
"44712","71487512","96092216"
"44713","71487707","64912353"
"44714","71488958","61768249"
"44715","71489787","86681958"
"44716","78888216","88619473"
"44717","78888216","61685834"
"44718","78892902","86685038"
"44719","78892907","88676551"
"44720","78892948","67690269"
"44721","78894735","67695456"
"44722","80123145","103086316"
"44723","80124932","103336318"
"44724","80124973","67693419"
"44725","80124978","103501845"
"44726","80129664","71482606"
"44727","80129664","67693044"
"44728","86678345","58143197"
"44729","86678345","65985257"
"44730","86683030","92439443"
"44731","86683035","92441542"
"44732","86683076","88676828"
"44733","86684863","103085989"
"44734","88620340","99973504"
"44735","88622127","99974699"
"44736","88622168","64916669"
"44737","88622173","97749344"
"44738","88626858","97751579"
"44739","88626858","103491543"
"44740","88669799","64915130"
"44741","88669799","103342086"
"44742","88674484","62961973"
"44743","88674489","94199301"
"44744","88674530","80129639"
"44745","88676317","80122396"
"44746","92250095","97751592"
"44747","92250095","65800355"
"44748","92254780","99972390"
"44749","92254785","97752042"
"44750","92254826","103087821"
"44751","92256613","88673077"
"44752","92440884","104171364"
"44753","92442671","103338373"
"44754","92442712","103087419"
"44755","92442717","78894491"
"44756","92447402","64909669"
"44757","92447402","86681927"
"44758","94195528","92255946"
"44759","94195528","96096379"
"44760","94200212","94197303"
"44761","94200217","103494662"
"44762","94200258","86684201"
"44763","94202045","62959208"
"44764","96092611","92251614"
"44765","96093348","71485954"
"44766","96094593","72817383"
"44767","97750472","104173190"
"44768","97751716","94198035"
"44769","97752453","67692457"
"44770","99975662","88624327"
"44771","99976906","99978102"
"44772","99977643","62955208"
"44773","103080243","65984804"
"44774","103080243","69724881"
"44775","103080243","103087190"
"44776","103080243","103080246"
"44777","103087689","62960413"
"44778","103087869","88674478"
"44779","103335313","59667617"
"44780","103335313","61683709"
"44781","103335313","104175966"
"44782","103335313","78895226"
"44783","103342759","61681994"
"44784","103342939","65986696"
"44785","103490612","92446197"
"44786","103490612","92260300"
"44787","103490612","64914798"
"44788","103490612","103341764"
"44789","103501694","71486061"
"44790","103501818","65803337"
"44791","104170387","88623577"
"44792","104170387","92444415"
"44793","104170387","69499957"
"44794","104170387","67690269"
"44795","104177833","64977584"
"44796","104178013","88620460"
"44797","57822884","94195529"
"44798","57822894","99978146"
"44799","58143169","86684900"
"44800","58143179","80121813"
"44801","59666551","103342791"
"44802","64910772","57820190"
"44803","65798097","59660674"
"44804","65798097","88675786"
"44805","67691053","92441524"
"44806","69500822","69502595"
"44807","69500822","96095713"
"44808","71483493","88622168"
"44809","71483493","80123823"
"44810","78888404","99973504"
"44811","78888404","92253818"
"44812","80129476","104171622"
"44813","80129476","69505340"
"44814","86678533","59667474"
"44815","86678533","103340910"
"44816","86678533","103087731"
"44817","86686026","57820546"
"44818","88626670","96096691"
"44819","88626670","69507163"
"44820","88669987","88623424"
"44821","88669987","103087469"
"44822","88669987","69505418"
"44823","88669987","88677019"
"44824","88677480","103342343"
"44825","92250283","99973918"
"44826","92250283","67694743"
"44827","92250283","61768506"
"44828","92250283","62960155"
"44829","92257776","97752324"
"44830","92447214","92253035"
"44831","92447214","103084721"
"44832","92447214","96099255"
"44833","94195716","88676351"
"44834","94195716","104177887"
"44835","94195716","92253647"
"44836","94195716","104171624"
"44837","94203208","92439610"
"44838","94203388","61774817"
"44839","96092382","67693411"
"44840","97752682","92257419"
"44841","99977872","64916583"
"44842","103080062","104176045"
"44843","103080062","65801523"
"44844","103080108","103491643"
"44845","103086515","71486206"
"44846","103087301","104176047"
"44847","103335132","69505470"
"44848","103335132","97749361"
"44849","103335178","94198410"
"44850","103341585","99972267"
"44851","103342371","86686493"
"44852","103490431","96093353"
"44853","103490431","103337531"
"44854","103490477","67695655"
"44855","103494503","88623238"
"44856","103501872","59664770"
"44857","104170206","103337127"
"44858","104170206","71487403"
"44859","104170252","92443514"
"44860","104176659","62959872"
"44861","104177445","69504144"
"44862","57822702","104176554"
"44863","58142987","80122681"
"44864","59658443","92251706"
"44865","59658443","69505280"
"44866","59658775","80123812"
"44867","59669123","86681960"
"44868","61578708","103502416"
"44869","61578708","88674482"
"44870","61578821","61773752"
"44871","61680624","64913544"
"44872","61684487","78896173"
"44873","61686926","104178110"
"44874","61686926","64912831"
"44875","61687039","96092894"
"44876","61768528","67696451"
"44877","61772382","88676663"
"44878","61774818","61774876"
"44879","61774818","71483135"
"44880","61774931","80126086"
"44881","62955165","86679551"
"44882","62955165","86686654"
"44883","62955277","103494583"
"44884","62959823","96092761"
"44885","62960454","88671635"
"44886","64909943","103343340"
"44887","64909943","103081245"
"44888","64910055","103491133"
"44889","64914436","57819845"
"44890","64915072","103080108"
"44891","64977435","88671407"
"44892","64977435","67692882"
"44893","64977548","103080110"
"44894","65797262","80122537"
"44895","65797262","80123237"
"44896","65797375","99973874"
"44897","65801894","92440308"
"44898","65802532","104173434"
"44899","65982837","78896480"
"44900","65982837","80123791"
"44901","65982949","96096640"
"44902","65987345","62955908"
"44903","67690210","61771900"
"44904","67690210","97751568"
"44905","67690323","92253708"
"44906","67695009","104179420"
"44907","67695663","103084711"
"44908","69499932","96088616"
"44909","69499932","61769173"
"44910","69500046","65801374"
"44911","69504814","92251613"
"44912","69505469","59658238"
"44913","71482594","94198805"
"44914","71482594","92255689"
"44915","71482711","103494406"
"44916","71487496","59658253"
"44917","71488151","64914899"
"44918","78888223","78895889"
"44919","78888223","67694957"
"44920","78888269","62957246"
"44921","78894721","69503375"
"44922","78895508","61772315"
"44923","80122372","103501830"
"44924","80123159","59658476"
"44925","80129611","78894751"
"44926","80129657","61769239"
"44927","80129657","59664883"
"44928","86678352","78895601"
"44929","86678352","104175075"
"44930","86678398","96093352"
"44931","86684849","92250115"
"44932","86685636","103494666"
"44933","88619567","88620995"
"44934","88620354","88619456"
"44935","88626805","71487568"
"44936","88626851","65802548"
"44937","88626851","97751619"
"44938","88669806","92444097"
"44939","88669806","97749319"
"44940","88669852","103084691"
"44941","88676303","65987139"
"44942","88677090","97747515"
"44943","92250102","71485785"
"44944","92250102","64910686"
"44945","92250148","80123795"
"44946","92256599","80121704"
"44947","92257386","80122400"
"44948","92440111","99976767"
"44949","92440898","69505282"
"44950","92447349","99972509"
"44951","92447395","94203274"
"44952","92447395","62957955"
"44953","94195535","92252623"
"44954","94195535","86681714"
"44955","94195581","103343729"
"44956","94202031","88625736"
"44957","94202818","92256661"
"44958","96091922","64982463"
"44959","96092319","67693281"
"44960","96092763","69502256"
"44961","96093590","97749152"
"44962","96093590","61586230"
"44963","96095842","67690798"
"44964","96097403","103336640"
"44965","97747663","92440179"
"44966","97749223","62955307"
"44967","97751474","97747319"
"44968","97751474","86684229"
"44969","97752301","92443896"
"44970","97752745","59670423"
"44971","97753141","92439093"
"44972","99972853","103341132"
"44973","99974413","103340948"
"44974","99976664","99978777"
"44975","99976664","65804738"
"44976","99977491","64915124"
"44977","99977935","86684875"
"44978","99978331","80127855"
"44979","103084705","92250092"
"44980","103087281","86684208"
"44981","103339775","61773752"
"44982","103342351","103081532"
"44983","103501892","88673581"
"44984","103503344","96092482"
"44985","104174849","103085850"
"44986","104177425","78888271"
"44987","59217072","86681593"
"44988","59669685","99974731"
"44989","59670417","65803279"
"44990","61585524","57821136"
"44991","61680568","96091326"
"44992","61681331","104176189"
"44993","61768472","59215648"
"44994","61769235","78894967"
"44995","62960398","67694848"
"44996","62961216","65801543"
"44997","64915016","92256796"
"44998","64915851","88624401"
"44999","64984092","62959468"
"45000","65802476","94196861"
"45001","65803331","65984835"
"45002","65987925","80123391"
"45003","65988760","103081230"
"45004","67695595","64910713"
"45005","67696445","97752307"
"45006","69505401","69499806"
"45007","69506271","80127935"
"45008","71488083","96093450"
"45009","71488962","62960750"
"45010","78892910","69500763"
"45011","78895488","92257902"
"45012","80122392","64914640"
"45013","80124970","96097374"
"45014","86683038","92256961"
"45015","86685616","88620913"
"45016","88619587","64914232"
"45017","88622165","64915845"
"45018","88674492","103086285"
"45019","88677070","61768584"
"45020","92254788","80123801"
"45021","92257366","59665282"
"45022","92440131","64912769"
"45023","92442709","71487930"
"45024","94200220","78894575"
"45025","94202798","86684156"
"45026","96091923","92250284"
"45027","96096097","71489790"
"45028","96096097","92251714"
"45029","97748968","88676102"
"45030","97748968","80125563"
"45031","97753140","92256620"
"45032","99974158","96096490"
"45033","99974158","88673104"
"45034","99978330","67695688"
"45035","103082352","103337170"
"45036","103082352","58140069"
"45037","103083310","61680795"
"45038","103337422","92256077"
"45039","103337422","71485949"
"45040","103338380","61771497"
"45041","103492721","78894519"
"45042","103492721","78888383"
"45043","103493679","59667492"
"45044","104172496","103491841"
"45045","104172496","62959617"
"45046","104173454","67695502"
"45047","104177147","78894641"
"45048","59218391","80129473"
"45049","59218392","94199640"
"45050","59665097","71485937"
"45051","59667744","78891837"
"45052","59667744","94202849"
"45053","61683105","71485874"
"45054","61683105","88675647"
"45055","61684199","64977435"
"45056","61771003","69505365"
"45057","61771003","62955098"
"45058","61772094","99978060"
"45059","62958204","71487930"
"45060","62958204","67690200"
"45061","62959419","103494554"
"45062","64913050","103083491"
"45063","64913050","99972713"
"45064","64914148","71487989"
"45065","65800488","86683056"
"45066","65800488","99973459"
"45067","65801606","86684185"
"45068","65985955","80128542"
"45069","65985955","92253322"
"45070","65987057","99972995"
"45071","67693603","97746615"
"45072","67693603","78892076"
"45073","67694721","103337524"
"45074","69503407","99978106"
"45075","69503407","69505507"
"45076","69504526","104178908"
"45077","71486089","94199136"
"45078","71486089","88619005"
"45079","71487208","64912763"
"45080","78890556","92438906"
"45081","78890556","65801958"
"45082","78891514","78891461"
"45083","80126366","94203591"
"45084","80127324","92444777"
"45085","80127324","64914343"
"45086","86680685","65985255"
"45087","86680685","103501806"
"45088","86681643","86680434"
"45089","88623560","86686089"
"45090","88624518","69504638"
"45091","88624518","62955105"
"45092","88672139","67692826"
"45093","88672139","88620453"
"45094","88673097","65983609"
"45095","92252435","88677950"
"45096","92252435","92445314"
"45097","92253393","99977343"
"45098","92444104","67690772"
"45099","92445062","78894081"
"45100","92445062","88669987"
"45101","94197867","92438919"
"45102","94197867","92443302"
"45103","94198825","64914994"
"45104","96092612","59658435"
"45105","97752452","94202210"
"45106","99977642","103490601"
"45107","103087260","103342775"
"45108","103087260","78894067"
"45109","103087260","65987956"
"45110","103342330","103342496"
"45111","103342330","88619455"
"45112","103342330","86685525"
"45113","103501913","65803333"
"45114","103501913","86685101"
"45115","103501913","103085844"
"45116","104174821","103337724"
"45117","104177404","67690260"
"45118","104177404","92257281"
"45119","104177404","88675661"
"45120","57822937","103336820"
"45121","57822939","65803279"
"45122","58143222","97747350"
"45123","58143224","69504335"
"45124","61680693","97749623"
"45125","61680693","96093432"
"45126","61680693","104176684"
"45127","61768597","86680065"
"45128","61768597","96095541"
"45129","61768597","88618902"
"45130","62960524","65986845"
"45131","62960524","88618818"
"45132","62960524","92251673"
"45133","64915142","57822984"
"45134","64915142","103086574"
"45135","64915142","86682439"
"45136","65802602","103339738"
"45137","65802602","65799318"
"45138","65802602","92442692"
"45139","67695737","61680534"
"45140","67695737","67697338"
"45141","67695737","62958690"
"45142","69505543","103086438"
"45143","69505543","94202098"
"45144","69505543","99977462"
"45145","71488225","104172704"
"45146","71488225","58143181"
"45147","71488225","88619033"
"45148","78895467","67690804"
"45149","78895467","103342082"
"45150","78895467","97749077"
"45151","80122413","67690200"
"45152","80122413","86684183"
"45153","80122413","67694726"
"45154","86685595","80123211"
"45155","86685595","103490602"
"45156","86685595","96098073"
"45157","88619608","96093472"
"45158","88619608","62959851"
"45159","88619608","80128087"
"45160","88674464","88621004"
"45161","88677049","97747274"
"45162","88677049","97750660"
"45163","88677049","71484878"
"45164","92257345","92440997"
"45165","92257345","62959879"
"45166","92257345","103085878"
"45167","92440152","96092755"
"45168","92440152","88673582"
"45169","92440152","71486986"
"45170","94200192","67695477"
"45171","94202777","80121678"
"45172","94202777","80123474"
"45173","94202777","103081592"
"45174","96095992","78894045"
"45175","96095992","103083896"
"45176","96095992","103502415"
"45177","96099323","103339813"
"45178","97745784","103085862"
"45179","97749073","71482752"
"45180","97749073","86684765"
"45181","99970974","104176047"
"45182","99974263","94199291"
"45183","99974263","67694097"
"45184","99974263","88619131"
"45185","103080238","94202926"
"45186","103080238","71482639"
"45187","103080238","94196648"
"45188","103080239","61773727"
"45189","103085598","92445068"
"45190","103085599","71489694"
"45191","103085986","104176046"
"45192","103086533","69503103"
"45193","103086533","67695511"
"45194","103087867","103503381"
"45195","103087870","104177824"
"45196","103087872","92250272"
"45197","103335308","64914640"
"45198","103335308","96093537"
"45199","103335308","69500460"
"45200","103335309","92257479"
"45201","103340668","92252642"
"45202","103340669","103338684"
"45203","103341056","64912521"
"45204","103341603","61586212"
"45205","103341603","88676217"
"45206","103342937","88671334"
"45207","103342940","99978796"
"45208","103342942","78895618"
"45209","103490607","104173477"
"45210","103490607","57820712"
"45211","103490608","103087870"
"45212","103494521","103494670"
"45213","103494521","104177293"
"45214","103501691","94205732"
"45215","103501693","71488047"
"45216","103501696","62959646"
"45217","103502343","103081077"
"45218","103502564","103086583"
"45219","103502565","103342949"
"45220","104170382","67696445"
"45221","104170382","92251703"
"45222","104170382","86681916"
"45223","104170383","80121627"
"45224","104170383","94201364"
"45225","104175742","65797362"
"45226","104175743","61768382"
"45227","104176130","78890052"
"45228","104176677","78894772"
"45229","104176677","69505475"
"45230","104178011","103336244"
"45231","104178014","86682893"
"45232","104178016","104173412"
"45233","57821034","94195697"
"45234","58141319","65987140"
"45235","58336222","67693002"
"45236","59215839","71486248"
"45237","59660945","67694741"
"45238","59660945","86679553"
"45239","59660982","61680679"
"45240","59660982","58272228"
"45241","59669143","71489863"
"45242","59671092","97752170"
"45243","61579888","86680977"
"45244","61579904","88625087"
"45245","61583850","88673631"
"45246","61586219","99974731"
"45247","61682053","62960369"
"45248","61684507","96098205"
"45249","61684711","67695504"
"45250","61684711","69499975"
"45251","61684727","103088276"
"45252","61684727","67694639"
"45253","61769951","104171734"
"45254","61772402","69507069"
"45255","61772606","92445863"
"45256","61772606","67691078"
"45257","61772622","86682208"
"45258","61772622","69502276"
"45259","62956008","88671002"
"45260","62956008","96091497"
"45261","62956024","88672263"
"45262","62956024","97752130"
"45263","62959843","67692357"
"45264","62959843","78891838"
"45265","62961970","88626674"
"45266","64910797","94202841"
"45267","64910797","103336292"
"45268","64910813","78894067"
"45269","64910813","94199149"
"45270","64914456","86679550"
"45271","64914456","78895368"
"45272","64916664","80127895"
"45273","64978567","80127853"
"45274","64978583","92253768"
"45275","64982467","92251711"
"45276","64984787","92444568"
"45277","65798122","88623090"
"45278","65798122","64915851"
"45279","65798138","97745969"
"45280","65798138","99974698"
"45281","65801914","62960017"
"45282","65801914","88670995"
"45283","65804146","92257124"
"45284","65983696","88619162"
"45285","65983712","86679884"
"45286","65987365","97752452"
"45287","65987365","88623781"
"45288","65989574","103087329"
"45289","67691078","65802360"
"45290","67691078","99974542"
"45291","67691094","69505313"
"45292","67691094","96092451"
"45293","67695029","92441456"
"45294","67695029","86679960"
"45295","67697310","67692350"
"45296","69500847","69506265"
"45297","69500847","71488050"
"45298","69500863","65987178"
"45299","69500863","88620275"
"45300","69504834","65797273"
"45301","69504834","71487701"
"45302","69507170","69504828"
"45303","71483519","103342069"
"45304","71483519","67697246"
"45305","71483519","64914164"
"45306","71483536","88625301"
"45307","71483536","103340921"
"45308","71487516","62957715"
"45309","71487516","59665220"
"45310","71489869","97752816"
"45311","78888399","88619994"
"45312","78888399","97752287"
"45313","78888400","92256550"
"45314","78894192","80123813"
"45315","78894739","92252436"
"45316","78894739","92256047"
"45317","80123141","69505283"
"45318","80123141","61681335"
"45319","80123688","71487254"
"45320","80129480","58140114"
"45321","80129481","88625281"
"45322","80129481","58140071"
"45323","86678528","103081224"
"45324","86678528","92447412"
"45325","86678529","97751617"
"45326","86683932","103336342"
"45327","86683933","64914197"
"45328","86684320","71483448"
"45329","86684867","64911993"
"45330","86684867","103336650"
"45331","88620336","88676241"
"45332","88620336","92257749"
"45333","88620883","104170372"
"45334","88626674","88620469"
"45335","88626675","97753801"
"45336","88626675","103337625"
"45337","88669982","97749518"
"45338","88669982","103342211"
"45339","88669983","103494565"
"45340","88675386","104178011"
"45341","88675774","88669789"
"45342","88676321","59669430"
"45343","88676321","59661022"
"45344","92250278","94204181"
"45345","92250278","103502447"
"45346","92250279","92254829"
"45347","92255682","88625644"
"45348","92256070","64909941"
"45349","92256617","67693306"
"45350","92256617","62957990"
"45351","92440880","57821947"
"45352","92440880","104176708"
"45353","92441427","103492470"
"45354","92447218","103502245"
"45355","92447219","80128124"
"45356","92447219","104171305"
"45357","94195711","99972186"
"45358","94195711","88620287"
"45359","94195712","71489709"
"45360","94201114","71485259"
"45361","94201502","88670946"
"45362","94202049","71489268"
"45363","94202049","92253351"
"45364","94203386","65802893"
"45365","96092760","65986141"
"45366","96093349","92257315"
"45367","97751715","61774669"
"45368","97752304","59667737"
"45369","99976905","88676659"
"45370","99977494","103081472"
"45371","103080073","59669790"
"45372","103080109","59667638"
"45373","103080109","103088142"
"45374","103080109","92445630"
"45375","103080722","71489954"
"45376","103081527","71487389"
"45377","103081527","94203194"
"45378","103081821","96098114"
"45379","103081934","88619539"
"45380","103083243","104170385"
"45381","103083243","64914489"
"45382","103083243","103081855"
"45383","103083243","64914284"
"45384","103083243","69499930"
"45385","103083243","88622180"
"45386","103083243","86680872"
"45387","103083243","88675387"
"45388","103083243","103501746"
"45389","103083243","78895324"
"45390","103083243","88620489"
"45391","103083243","86684132"
"45392","103083243","65987205"
"45393","103083243","59658775"
"45394","103083243","57822579"
"45395","103083243","103341665"
"45396","103083243","67695725"
"45397","103083243","78896305"
"45398","103083243","64915087"
"45399","103083243","97749559"
"45400","103083243","104173099"
"45401","103083289","62961891"
"45402","103083289","65983225"
"45403","103083289","103085987"
"45404","103083289","103341639"
"45405","103083289","65803280"
"45406","103083316","103501610"
"45407","103083339","92254190"
"45408","103083339","80126366"
"45409","103083396","71489801"
"45410","103083397","86686614"
"45411","103083403","61687054"
"45412","103083419","71483550"
"45413","103083421","65797672"
"45414","103083429","103502442"
"45415","103083431","94195544"
"45416","103084603","103491839"
"45417","103084603","88625281"
"45418","103084603","88618591"
"45419","103084603","78898762"
"45420","103084603","59667610"
"45421","103084603","92443570"
"45422","103084603","88673542"
"45423","103084603","99973912"
"45424","103084603","80123208"
"45425","103084603","104176126"
"45426","103084603","104170294"
"45427","103084603","88671663"
"45428","103084603","97752325"
"45429","103084670","96095749"
"45430","103086346","88676164"
"45431","103086349","94198062"
"45432","103086349","92443787"
"45433","103086362","64916156"
"45434","103086364","78892924"
"45435","103086373","65803335"
"45436","103086375","99976782"
"45437","103086376","103490218"
"45438","103086380","59667493"
"45439","103086428","78889414"
"45440","103086535","61769892"
"45441","103087140","86685729"
"45442","103087162","103342766"
"45443","103087163","103494942"
"45444","103087226","78891815"
"45445","103087227","103492001"
"45446","103087229","78888040"
"45447","103087235","59215839"
"45448","103087266","88620471"
"45449","103087272","88671536"
"45450","103087342","97749835"
"45451","103088761","88676952"
"45452","103088761","86683039"
"45453","103335143","103087969"
"45454","103335179","57818934"
"45455","103335179","103084722"
"45456","103335179","65800195"
"45457","103335792","71488022"
"45458","103336597","88620989"
"45459","103336597","88623075"
"45460","103336891","65984781"
"45461","103337004","103341059"
"45462","103338313","80123788"
"45463","103338313","92251309"
"45464","103338313","88671635"
"45465","103338313","97751605"
"45466","103338313","65988713"
"45467","103338313","64915414"
"45468","103338313","80122524"
"45469","103338313","80126580"
"45470","103338313","80124929"
"45471","103338313","104171362"
"45472","103338313","97751682"
"45473","103338313","103336229"
"45474","103338313","78890741"
"45475","103338313","92257083"
"45476","103338313","94196772"
"45477","103338313","99972463"
"45478","103338313","67695038"
"45479","103338313","92253869"
"45480","103338313","104173434"
"45481","103338313","92255922"
"45482","103338313","61582982"
"45483","103338359","71487356"
"45484","103338359","67694048"
"45485","103338359","103087145"
"45486","103338359","103084689"
"45487","103338359","103491840"
"45488","103338386","92441427"
"45489","103338409","69505488"
"45490","103338409","67695503"
"45491","103338466","69502137"
"45492","103338467","61772404"
"45493","103338473","96091652"
"45494","103338489","103342745"
"45495","103338491","69505202"
"45496","103338499","64915145"
"45497","103338501","64910442"
"45498","103339673","103492865"
"45499","103339673","88624395"
"45500","103339673","92444829"
"45501","103339673","103087237"
"45502","103339673","94196987"
"45503","103339673","92255929"
"45504","103339673","88619176"
"45505","103339673","103491997"
"45506","103339673","94198610"
"45507","103339673","94201934"
"45508","103339673","103087674"
"45509","103339673","88669951"
"45510","103339673","99972567"
"45511","103339740","61769951"
"45512","103341416","103081216"
"45513","103341419","92440267"
"45514","103341419","97749019"
"45515","103341432","94195546"
"45516","103341434","86684234"
"45517","103341443","69503221"
"45518","103341445","94201368"
"45519","103341446","64912740"
"45520","103341450","80123796"
"45521","103341498","99974590"
"45522","103341605","92254780"
"45523","103342210","94202056"
"45524","103342232","61772443"
"45525","103342233","58142656"
"45526","103342296","88620979"
"45527","103342297","94196676"
"45528","103342299","86679865"
"45529","103342305","96096046"
"45530","103342336","103504180"
"45531","103342342","88671434"
"45532","103342412","61686937"
"45533","103343831","86684195"
"45534","103343831","64916675"
"45535","103490442","86685780"
"45536","103490478","88671720"
"45537","103490478","104174927"
"45538","103490478","88676306"
"45539","103491091","103502170"
"45540","103491896","104171863"
"45541","103491896","94202849"
"45542","103492190","65802435"
"45543","103492303","88623094"
"45544","103493612","97751604"
"45545","103493612","88620874"
"45546","103493612","103085892"
"45547","103493612","69499998"
"45548","103493612","61680645"
"45549","103493612","61686648"
"45550","103493612","92252603"
"45551","103493612","103493708"
"45552","103493612","61771488"
"45553","103493612","61680536"
"45554","103493612","62960469"
"45555","103493612","88677748"
"45556","103493612","103343036"
"45557","103493612","67692469"
"45558","103493612","94201511"
"45559","103493612","103338888"
"45560","103493612","97745930"
"45561","103493612","64984093"
"45562","103493612","94196984"
"45563","103493612","97752847"
"45564","103493658","62958322"
"45565","103493658","99977316"
"45566","103493658","88673629"
"45567","103493658","103086853"
"45568","103493658","71482606"
"45569","103493685","61768601"
"45570","103493708","65799893"
"45571","103493708","103341774"
"45572","103493765","69503486"
"45573","103493766","97754664"
"45574","103493772","80122427"
"45575","103493788","92439736"
"45576","103493790","104178014"
"45577","103493798","99972387"
"45578","103493800","96092104"
"45579","103494353","97752159"
"45580","103494356","65803320"
"45581","103494356","92258078"
"45582","103494369","65801801"
"45583","103494371","94198467"
"45584","103494380","103504427"
"45585","103494382","78890763"
"45586","103494383","96097236"
"45587","103494387","103341422"
"45588","103494435","61680680"
"45589","103494523","69506239"
"45590","103494953","88675782"
"45591","103495003","71485469"
"45592","103495798","97747202"
"45593","103495798","61687952"
"45594","103501901","62957612"
"45595","103501907","62961992"
"45596","103501938","92258660"
"45597","103501944","97747266"
"45598","103501946","103490217"
"45599","103501947","96095542"
"45600","103503379","103341765"
"45601","103503446","88621264"
"45602","103503446","64916496"
"45603","103503446","97747802"
"45604","103503446","96097325"
"45605","103503446","65985801"
"45606","103503446","86684214"
"45607","103503446","80127822"
"45608","103503446","71487989"
"45609","103503446","78892074"
"45610","103503446","92255960"
"45611","103503446","103087246"
"45612","103503446","88676225"
"45613","104170217","103338022"
"45614","104170253","71489817"
"45615","104170253","78891156"
"45616","104170253","103342298"
"45617","104170253","88675665"
"45618","104170866","99977643"
"45619","104171671","103503352"
"45620","104171671","104174038"
"45621","104171965","65985949"
"45622","104172078","88673555"
"45623","104173387","92251675"
"45624","104173387","96098116"
"45625","104173387","69505247"
"45626","104173387","103494421"
"45627","104173387","69505860"
"45628","104173387","96092612"
"45629","104173387","67697395"
"45630","104173387","64981770"
"45631","104173387","92447412"
"45632","104173387","80121795"
"45633","104173387","88676256"
"45634","104173387","103338024"
"45635","104173387","97747804"
"45636","104173387","99972987"
"45637","104173387","99971121"
"45638","104173387","78888267"
"45639","104173387","62957803"
"45640","104173387","103086364"
"45641","104173387","92440126"
"45642","104173387","62959371"
"45643","104173387","61774654"
"45644","104173433","99976793"
"45645","104173433","88625235"
"45646","104173433","67692804"
"45647","104173433","61683994"
"45648","104173433","104176716"
"45649","104173460","94201914"
"45650","104173483","88672576"
"45651","104173483","94203273"
"45652","104173540","99977346"
"45653","104173541","67695213"
"45654","104173547","61775844"
"45655","104173563","88623084"
"45656","104173565","65801770"
"45657","104173573","104172003"
"45658","104173575","71484746"
"45659","104174747","88673027"
"45660","104174747","65987551"
"45661","104174747","88676222"
"45662","104174747","67693762"
"45663","104174747","103342946"
"45664","104174747","80121801"
"45665","104174747","65985789"
"45666","104174747","71485755"
"45667","104174747","103341383"
"45668","104174747","59211461"
"45669","104174747","86684684"
"45670","104174747","62954917"
"45671","104174747","69507087"
"45672","104174814","92256599"
"45673","104176490","59669145"
"45674","104176493","59214181"
"45675","104176493","80123685"
"45676","104176506","65801760"
"45677","104176508","103085891"
"45678","104176517","96093349"
"45679","104176519","86684198"
"45680","104176520","99979423"
"45681","104176524","103081256"
"45682","104176572","88673319"
"45683","104176679","103088027"
"45684","104177284","64982948"
"45685","104177306","92442672"
"45686","104177307","103338310"
"45687","104177370","80123299"
"45688","104177371","103083239"
"45689","104177373","61684624"
"45690","104177379","103088043"
"45691","104177410","104170402"
"45692","104177416","104171289"
"45693","104177486","97753433"
"45694","104178905","67694760"
"45695","104178905","103085838"
"45696","57819609","99970970"
"45697","57820454","67690212"
"45698","57821028","103492218"
"45699","57821058","99974541"
"45700","57821141","103490593"
"45701","57821143","94201880"
"45702","57821167","88624289"
"45703","57821954","71487327"
"45704","57822025","96096699"
"45705","57822381","62958197"
"45706","57822735","96093276"
"45707","57822735","92440000"
"45708","57822737","86686298"
"45709","57822737","99978679"
"45710","57822947","92258159"
"45711","57822947","78895905"
"45712","57822992","57823878"
"45713","57822992","64915032"
"45714","57824032","78895904"
"45715","57829430","94201930"
"45716","58139894","103081750"
"45717","58140739","97749517"
"45718","58141313","99975662"
"45719","58141343","92441051"
"45720","58141426","99979185"
"45721","58141428","88677758"
"45722","58141452","94201830"
"45723","58142239","97749464"
"45724","58142310","88620461"
"45725","58142666","59657921"
"45726","58143020","104171938"
"45727","58143020","64916695"
"45728","58143022","86680401"
"45729","58143022","92256067"
"45730","58143232","94202242"
"45731","58143232","69505019"
"45732","58143277","62960308"
"45733","58143277","103504417"
"45734","58144317","99977464"
"45735","58151805","71484923"
"45736","59211378","64910336"
"45737","59211380","97751604"
"45738","59211384","103504435"
"45739","59211386","71485255"
"45740","59211390","61579080"
"45741","59211392","59657863"
"45742","59211398","103085841"
"45743","59211400","69499975"
"45744","59211403","59213382"
"45745","59211405","92440222"
"45746","59211408","88676481"
"45747","59211410","65799343"
"45748","59212153","94203214"
"45749","59212153","103085891"
"45750","59212153","92256434"
"45751","59213791","88671076"
"45752","59215551","80129674"
"45753","59215562","103083421"
"45754","59658567","88673131"
"45755","59658778","103490432"
"45756","59658844","64914978"
"45757","59666540","57829541"
"45758","59667614","67690606"
"45759","59668635","58142667"
"45760","59668635","96092171"
"45761","59668635","103342230"
"45762","59668635","103336613"
"45763","59668635","88619565"
"45764","59668635","103343114"
"45765","59668635","88618901"
"45766","59668635","71489960"
"45767","59668635","103085897"
"45768","59668635","103083089"
"45769","59668635","59667495"
"45770","59668839","96095542"
"45771","59668850","97753562"
"45772","59668850","104174273"
"45773","59668945","96096905"
"45774","59668946","96092935"
"45775","59668955","97747201"
"45776","59669014","92256503"
"45777","59669016","80127039"
"45778","59669024","88676227"
"45779","59669026","88671022"
"45780","59669316","103493612"
"45781","59669638","65990160"
"45782","61578752","92440374"
"45783","61578822","104171359"
"45784","61578844","62955210"
"45785","61582982","104171311"
"45786","61582982","86682210"
"45787","61582982","78896456"
"45788","61583546","104176560"
"45789","61583557","62960017"
"45790","61680370","67693286"
"45791","61680370","96093444"
"45792","61680521","103336902"
"45793","61680522","61774143"
"45794","61680524","69503102"
"45795","61680565","92252184"
"45796","61680695","92444004"
"45797","61683999","62958086"
"45798","61683999","65989596"
"45799","61683999","80127200"
"45800","61683999","92438951"
"45801","61683999","103082654"
"45802","61683999","104176003"
"45803","61683999","65801734"
"45804","61683999","104174835"
"45805","61683999","88672677"
"45806","61683999","92444836"
"45807","61683999","67695658"
"45808","61684203","65987057"
"45809","61684214","96092031"
"45810","61684214","97746948"
"45811","61684214","99977911"
"45812","61684214","88620999"
"45813","61684309","92257331"
"45814","61684310","103337664"
"45815","61684319","88676781"
"45816","61684341","69504879"
"45817","61684378","67695078"
"45818","61684380","65984831"
"45819","61684388","103081531"
"45820","61684390","61770475"
"45821","61686242","96093611"
"45822","61686761","80121981"
"45823","61686762","103336539"
"45824","61686766","92445550"
"45825","61686774","104171765"
"45826","61686914","64915124"
"45827","61686970","67695501"
"45828","61687040","80128545"
"45829","61687062","88677465"
"45830","61768274","92253399"
"45831","61768274","59667490"
"45832","61768425","64915847"
"45833","61768426","78894164"
"45834","61768428","64912522"
"45835","61768469","64978593"
"45836","61768599","64914115"
"45837","61771894","103494954"
"45838","61771894","59669005"
"45839","61771894","104173135"
"45840","61771894","94202753"
"45841","61771894","69505291"
"45842","61771894","88619998"
"45843","61771894","96093496"
"45844","61771894","92253321"
"45845","61771894","103492437"
"45846","61771894","99978594"
"45847","61771894","94201377"
"45848","61772098","67695362"
"45849","61772109","69502150"
"45850","61772109","61581973"
"45851","61772109","92260433"
"45852","61772109","96098401"
"45853","61772204","78890715"
"45854","61772205","61684711"
"45855","61772214","78889741"
"45856","61772236","92257312"
"45857","61772273","59214201"
"45858","61772275","92444075"
"45859","61772283","64913737"
"45860","61772285","71484825"
"45861","61774136","61680599"
"45862","61774653","88680347"
"45863","61774654","103490421"
"45864","61774658","71487311"
"45865","61774666","94201377"
"45866","61774674","64915805"
"45867","61774806","61684219"
"45868","61774862","92446256"
"45869","61774932","96094740"
"45870","61774954","69503374"
"45871","62955153","65800340"
"45872","62955210","61585753"
"45873","62955278","57819554"
"45874","62955300","97752852"
"45875","62957540","65985261"
"45876","62958061","97747286"
"45877","62958062","104172217"
"45878","62958066","99970964"
"45879","62958070","96091056"
"45880","62958074","88626851"
"45881","62958082","92439720"
"45882","62958086","58140950"
"45883","62958094","67695083"
"45884","62958098","103085735"
"45885","62959211","64915785"
"45886","62959211","96096882"
"45887","62959211","88669982"
"45888","62959211","92255957"
"45889","62959211","80122889"
"45890","62959211","86684069"
"45891","62959211","99978754"
"45892","62959211","104171735"
"45893","62959211","97752741"
"45894","62959211","88671034"
"45895","62959211","64915798"
"45896","62959211","57820986"
"45897","62959423","92254207"
"45898","62959434","57820713"
"45899","62959434","67690325"
"45900","62959434","88624416"
"45901","62959434","65802524"
"45902","62959529","96095725"
"45903","62959530","92446172"
"45904","62959539","97751600"
"45905","62959574","78894091"
"45906","62959668","104172212"
"45907","62959672","61680678"
"45908","62959693","61680481"
"45909","62959696","67691053"
"45910","62959845","61771642"
"45911","62960200","104177136"
"45912","62960200","59665149"
"45913","62960200","99972219"
"45914","62960200","104173930"
"45915","62960351","65983210"
"45916","62960352","92445591"
"45917","62960354","78896526"
"45918","62960363","61680893"
"45919","62960395","62959839"
"45920","62960526","78888287"
"45921","64909931","65797316"
"45922","64909988","64914249"
"45923","64910056","103086518"
"45924","64910078","69505440"
"45925","64912347","88674723"
"45926","64912884","80123257"
"45927","64912885","61680683"
"45928","64912889","61768405"
"45929","64912893","103491940"
"45930","64912897","61769886"
"45931","64912905","96097836"
"45932","64912909","103342905"
"45933","64912917","61686414"
"45934","64912921","92441815"
"45935","64913941","88620458"
"45936","64913941","88676805"
"45937","64913941","96092343"
"45938","64913941","103083788"
"45939","64913941","94198169"
"45940","64913941","97752118"
"45941","64913941","71489807"
"45942","64913941","97751600"
"45943","64913941","61679665"
"45944","64913941","103502558"
"45945","64913941","104171967"
"45946","64913941","88675658"
"45947","64913941","80125896"
"45948","64913941","80129641"
"45949","64913941","78888259"
"45950","64914080","103086601"
"45951","64914152","67693283"
"45952","64914163","92441536"
"45953","64914163","61775678"
"45954","64914163","64982354"
"45955","64914163","61769231"
"45956","64914258","88620871"
"45957","64914259","69504886"
"45958","64914268","71486234"
"45959","64914290","99977477"
"45960","64914327","94202074"
"45961","64914329","78894679"
"45962","64914337","103502421"
"45963","64914339","88625223"
"45964","64914458","103504431"
"45965","64914823","65802098"
"45966","64914823","94201798"
"45967","64914823","88675424"
"45968","64914823","57822371"
"45969","64914823","103086388"
"45970","64914823","103339818"
"45971","64914823","64977832"
"45972","64914823","69506281"
"45973","64914823","99974422"
"45974","64914823","65799708"
"45975","64914823","103342187"
"45976","64914823","67696755"
"45977","64914969","103342765"
"45978","64914970","103343831"
"45979","64914972","103490432"
"45980","64914981","103494058"
"45981","64915013","80125570"
"45982","64915144","65803617"
"45983","64977479","88676317"
"45984","64977549","103080052"
"45985","64977571","67693442"
"45986","64981647","61684600"
"45987","64981647","78894103"
"45988","64981647","57822405"
"45989","64982163","65986116"
"45990","64982174","65987891"
"45991","65797250","69506277"
"45992","65797307","65801626"
"45993","65797376","64909703"
"45994","65797398","96097974"
"45995","65799679","67694893"
"45996","65800315","103337423"
"45997","65800316","97752285"
"45998","65800320","92446196"
"45999","65800324","86685667"
"46000","65800328","88618619"
"46001","65800336","103495473"
"46002","65800340","58336032"
"46003","65800348","86685287"
"46004","65800352","61774569"
"46005","65801379","103343034"
"46006","65801379","59659867"
"46007","65801379","59671093"
"46008","65801379","71487520"
"46009","65801379","86680880"
"46010","65801379","86686708"
"46011","65801379","71488954"
"46012","65801379","88672021"
"46013","65801379","103339195"
"46014","65801379","61686916"
"46015","65801379","104174839"
"46016","65801379","59215552"
"46017","65801379","80124927"
"46018","65801379","80123804"
"46019","65801389","67695065"
"46020","65801518","69504819"
"46021","65801610","78894204"
"46022","65801621","86685735"
"46023","65801621","103503354"
"46024","65801621","86685536"
"46025","65801621","88678247"
"46026","65801621","92250096"
"46027","65801716","78888399"
"46028","65801717","99972489"
"46029","65801726","94202794"
"46030","65801748","92251905"
"46031","65801785","97748967"
"46032","65801787","88675687"
"46033","65801795","78891450"
"46034","65801797","57821167"
"46035","65801916","103341543"
"46036","65802281","67693310"
"46037","65802281","94202928"
"46038","65802281","88620403"
"46039","65802281","97751614"
"46040","65802281","99974211"
"46041","65802281","88673398"
"46042","65802281","69722475"
"46043","65802281","103502448"
"46044","65802281","80123287"
"46045","65802281","62960429"
"46046","65802281","88680344"
"46047","65802281","80123847"
"46048","65802281","78888007"
"46049","65802429","103087696"
"46050","65802430","104177025"
"46051","65802432","69505494"
"46052","65802441","69503229"
"46053","65802473","92256547"
"46054","65802604","86681324"
"46055","65805347","92251951"
"46056","65805348","94197046"
"46057","65982825","99972164"
"46058","65982882","88618592"
"46059","65982950","104176015"
"46060","65982972","69504834"
"46061","65985789","88618596"
"46062","65985809","103340917"
"46063","65985825","104177137"
"46064","65986850","80123804"
"46065","65986850","92447331"
"46066","65986850","88626858"
"46067","65986850","65982936"
"46068","65986850","104176544"
"46069","65986850","62959369"
"46070","65986850","78889793"
"46071","65986989","64913253"
"46072","65987061","69504010"
"46073","65987072","61586220"
"46074","65987072","88675391"
"46075","65987072","71489852"
"46076","65987167","80124982"
"46077","65987168","88672883"
"46078","65987177","92443520"
"46079","65987199","59665063"
"46080","65987236","67694912"
"46081","65987238","94202528"
"46082","65987367","99977924"
"46083","65987732","67696446"
"46084","65987732","78891543"
"46085","65987732","59211875"
"46086","65987732","57820159"
"46087","65987878","94202111"
"46088","65987879","71485882"
"46089","65987881","86685214"
"46090","65987922","103490424"
"46091","67690198","71486083"
"46092","67690255","96093441"
"46093","67690324","67692798"
"46094","67690346","103080244"
"46095","67692787","103085903"
"46096","67693426","65799691"
"46097","67693427","92442485"
"46098","67693427","88674508"
"46099","67693431","88624367"
"46100","67693435","97748727"
"46101","67693439","86684867"
"46102","67693439","61680189"
"46103","67693443","99970997"
"46104","67693451","69505424"
"46105","67693455","103085849"
"46106","67693463","103342681"
"46107","67693467","58141343"
"46108","67694494","65989498"
"46109","67694494","67695213"
"46110","67694494","92256682"
"46111","67694494","103501946"
"46112","67694494","80127855"
"46113","67694494","103081328"
"46114","67694494","97746940"
"46115","67694494","88622165"
"46116","67694494","96095207"
"46117","67694494","78889365"
"46118","67694494","94202915"
"46119","67694494","65989594"
"46120","67694494","88673207"
"46121","67694494","97754097"
"46122","67694494","65987842"
"46123","67694504","67692799"
"46124","67694633","96092935"
"46125","67694725","65802104"
"46126","67694736","64914452"
"46127","67694736","104176621"
"46128","67694736","88623376"
"46129","67694736","69502088"
"46130","67694736","61772274"
"46131","67694831","103336892"
"46132","67694832","92439586"
"46133","67694841","59669443"
"46134","67694863","103337581"
"46135","67694900","71484745"
"46136","67694902","88675770"
"46137","67694910","92253503"
"46138","67694912","61772055"
"46139","67695031","99974222"
"46140","67695396","103491869"
"46141","67695396","92254825"
"46142","67695396","88671434"
"46143","67695396","65803638"
"46144","67695396","78890557"
"46145","67695396","88626706"
"46146","67695396","64916638"
"46147","67695396","88671076"
"46148","67695396","71488972"
"46149","67695396","71485914"
"46150","67695396","58143269"
"46151","67695396","80125853"
"46152","67695396","61680673"
"46153","67695544","103492820"
"46154","67695545","61775619"
"46155","67695547","78891624"
"46156","67695556","67693811"
"46157","67695592","103080098"
"46158","67695739","67695485"
"46159","69499920","99974010"
"46160","69499977","69508395"
"46161","69500047","103504422"
"46162","69500069","80124071"
"46163","69502575","92440397"
"46164","69503216","61769944"
"46165","69503217","96092922"
"46166","69503217","94202052"
"46167","69503221","92253706"
"46168","69503225","103492446"
"46169","69503229","59670418"
"46170","69503229","103338386"
"46171","69503233","97752323"
"46172","69503241","61768392"
"46173","69503245","64982354"
"46174","69503253","88620990"
"46175","69503257","67693705"
"46176","69504298","94203568"
"46177","69504298","103082431"
"46178","69504298","88620982"
"46179","69504298","88624864"
"46180","69504298","94197300"
"46181","69504298","86685024"
"46182","69504298","71489801"
"46183","69504298","97747202"
"46184","69504298","88676806"
"46185","69504298","57822648"
"46186","69504298","103081181"
"46187","69504298","104171615"
"46188","69504298","92439362"
"46189","69504298","80123124"
"46190","69504298","59668632"
"46191","69504308","88623256"
"46192","69504437","104177900"
"46193","69504530","71489928"
"46194","69504541","67694770"
"46195","69504541","96095211"
"46196","69504541","86678529"
"46197","69504541","88620979"
"46198","69504541","65800606"
"46199","69504636","57824020"
"46200","69504637","61584384"
"46201","69504646","80128146"
"46202","69504668","80124927"
"46203","69504705","64914903"
"46204","69504707","69503408"
"46205","69504715","57820446"
"46206","69504717","62957552"
"46207","69504836","61771188"
"46208","69505202","86684228"
"46209","69505202","104172027"
"46210","69505202","99976778"
"46211","69505202","88677522"
"46212","69505202","65797412"
"46213","69505202","80127792"
"46214","69505202","94203388"
"46215","69505202","67694725"
"46216","69505202","80122889"
"46217","69505202","65988764"
"46218","69505202","61578703"
"46219","69505202","103501535"
"46220","69505202","59667475"
"46221","69505350","86683937"
"46222","69505351","104176005"
"46223","69505353","61687319"
"46224","69505362","67694536"
"46225","69505398","86678528"
"46226","69505545","86684300"
"46227","69508392","88623260"
"46228","69508393","88622758"
"46229","71482582","103080233"
"46230","71482641","97752514"
"46231","71482712","65804063"
"46232","71482712","103338377"
"46233","71482712","97752129"
"46234","71482734","65989511"
"46235","71485251","88623560"
"46236","71485897","69507227"
"46237","71485898","88624401"
"46238","71485898","88671333"
"46239","71485902","67697395"
"46240","71485906","104171682"
"46241","71485910","69500464"
"46242","71485910","69503072"
"46243","71485914","103338694"
"46244","71485922","88677753"
"46245","71485926","92442746"
"46246","71485934","97749220"
"46247","71485938","88676196"
"46248","71486980","78888234"
"46249","71486980","67690255"
"46250","71486980","58280733"
"46251","71486980","104178022"
"46252","71486980","61679666"
"46253","71486980","71483121"
"46254","71486980","71482646"
"46255","71486980","64912359"
"46256","71486980","69504565"
"46257","71486980","103343037"
"46258","71486980","103086463"
"46259","71486980","94198032"
"46260","71486980","78889348"
"46261","71486980","97749587"
"46262","71486980","57822026"
"46263","71486980","92445554"
"46264","71486980","86681965"
"46265","71486980","69502796"
"46266","71486980","61772454"
"46267","71486990","99977335"
"46268","71486990","104173638"
"46269","71487119","67695478"
"46270","71487212","61680183"
"46271","71487223","61769464"
"46272","71487223","97751711"
"46273","71487223","61768697"
"46274","71487223","103492864"
"46275","71487223","88670960"
"46276","71487318","92253925"
"46277","71487319","61682054"
"46278","71487328","99975026"
"46279","71487350","58141271"
"46280","71487387","71488212"
"46281","71487389","104172078"
"46282","71487397","103494815"
"46283","71487399","88675682"
"46284","71487518","103494369"
"46285","71487884","97748569"
"46286","71487884","104177340"
"46287","71487884","71485910"
"46288","71487884","103493779"
"46289","71487884","86684184"
"46290","71487884","59669699"
"46291","71487884","80129611"
"46292","71487884","103337611"
"46293","71487884","103083344"
"46294","71487884","88675682"
"46295","71487884","104176133"
"46296","71487884","71486276"
"46297","71487884","61581953"
"46298","71488032","92258357"
"46299","71488033","92444110"
"46300","71488035","96096757"
"46301","71488044","92440139"
"46302","71488080","88623435"
"46303","71488227","78890702"
"46304","71491096","103081536"
"46305","71491097","96098482"
"46306","78888234","67695370"
"46307","78888270","104178418"
"46308","78888270","97748824"
"46309","78888270","69505244"
"46310","78889730","104173967"
"46311","78889730","99978593"
"46312","78890024","61774531"
"46313","78890137","61769971"
"46314","78891447","99970997"
"46315","78891447","67690703"
"46316","78891447","88673090"
"46317","78891447","61772285"
"46318","78891447","59658866"
"46319","78891447","88625301"
"46320","78891447","104172685"
"46321","78891447","103492946"
"46322","78891447","61775825"
"46323","78891447","80123146"
"46324","78891447","86685119"
"46325","78891447","104177266"
"46326","78891447","103503338"
"46327","78891447","67697228"
"46328","78891447","58143382"
"46329","78891447","103501927"
"46330","78891447","104169985"
"46331","78891447","65803266"
"46332","78891447","80124739"
"46333","78891493","78891639"
"46334","78891493","69507145"
"46335","78891493","103083780"
"46336","78891493","78892911"
"46337","78891493","62960506"
"46338","78891520","61687946"
"46339","78891543","104170270"
"46340","78891543","96097803"
"46341","78891600","59213791"
"46342","78891601","65801966"
"46343","78891607","71489330"
"46344","78891623","88624352"
"46345","78891625","88677471"
"46346","78891633","61583542"
"46347","78891635","92250166"
"46348","78892808","71488964"
"46349","78892808","64910069"
"46350","78892808","88618710"
"46351","78892808","88626868"
"46352","78892808","59667479"
"46353","78892808","65987394"
"46354","78892808","94198056"
"46355","78892808","103494096"
"46356","78892808","103490591"
"46357","78892808","103085839"
"46358","78892808","64917772"
"46359","78892808","80123781"
"46360","78892808","65797411"
"46361","78894552","92255960"
"46362","78894555","103493659"
"46363","78894555","97748997"
"46364","78894568","96099539"
"46365","78894570","103086535"
"46366","78894579","92256977"
"46367","78894581","99977459"
"46368","78894582","69503375"
"46369","78894586","88676343"
"46370","78894634","61774546"
"46371","78894741","65989636"
"46372","78895347","88619749"
"46373","78895369","58138728"
"46374","78895370","61680188"
"46375","78895433","88675652"
"46376","78895434","59671092"
"46377","78895436","103501297"
"46378","78895442","103494380"
"46379","78895473","96097438"
"46380","78895479","104176038"
"46381","78895549","62960412"
"46382","78898762","97754494"
"46383","78898762","61768487"
"46384","80119118","103087876"
"46385","80119118","88619550"
"46386","80122331","97753301"
"46387","80122401","64982503"
"46388","80122407","96092807"
"46389","80122438","97751599"
"46390","80122444","103335145"
"46391","80122446","96098619"
"46392","80122447","103340957"
"46393","80122510","69507173"
"46394","80122511","86681934"
"46395","80122533","86681649"
"46396","80123139","103085866"
"46397","80123246","88618590"
"46398","80123294","103341031"
"46399","80123298","78889359"
"46400","80123299","65989406"
"46401","80123301","92440373"
"46402","80123310","71485829"
"46403","80123312","61687298"
"46404","80123325","103081251"
"46405","80123325","97747303"
"46406","80123328","96093465"
"46407","80125072","61774860"
"46408","80125072","104172723"
"46409","80125072","78895390"
"46410","80125072","61578696"
"46411","80125072","61774144"
"46412","80125072","88625620"
"46413","80125072","103491842"
"46414","80125072","103086515"
"46415","80125072","69507164"
"46416","80125072","78896482"
"46417","80125072","69503094"
"46418","80125072","88624394"
"46419","80125072","69502262"
"46420","80126245","94196765"
"46421","80126247","103340669"
"46422","80126255","69502583"
"46423","80126257","103501981"
"46424","80126273","59669206"
"46425","80126279","59658427"
"46426","80126280","97754300"
"46427","80126337","99977334"
"46428","80126337","103080233"
"46429","80126360","69505177"
"46430","80126387","94201948"
"46431","80126387","97753693"
"46432","80126387","67695717"
"46433","80126387","80123802"
"46434","80126387","62957216"
"46435","80126433","86681689"
"46436","80126433","80123795"
"46437","80126433","86682113"
"46438","80126433","92252623"
"46439","80126433","88677495"
"46440","80126433","92252764"
"46441","80126433","65800982"
"46442","80126433","78892900"
"46443","80126433","99976795"
"46444","80126433","59658405"
"46445","80126433","62959374"
"46446","80126433","65988766"
"46447","80126433","78896278"
"46448","80126433","103490612"
"46449","80126433","71487704"
"46450","80126433","92258363"
"46451","80126433","94201578"
"46452","80126433","99976814"
"46453","80127743","103088761"
"46454","80127856","99976764"
"46455","80128150","104171680"
"46456","80128150","61680696"
"46457","80129610","64909990"
"46458","80129610","96097794"
"46459","80129610","92439679"
"46460","80129610","99973477"
"46461","80129646","94199148"
"46462","86678363","65802366"
"46463","86678399","64910315"
"46464","86678399","80126088"
"46465","86678399","92439366"
"46466","86679859","86685480"
"46467","86679859","99974187"
"46468","86680153","67695444"
"46469","86680266","65984925"
"46470","86681576","78890749"
"46471","86681576","103336555"
"46472","86681576","104177904"
"46473","86681576","103341598"
"46474","86681576","96093348"
"46475","86681576","88672240"
"46476","86681576","103494696"
"46477","86681576","62960514"
"46478","86681576","99974223"
"46479","86681576","103086875"
"46480","86681576","92445322"
"46481","86681576","71486234"
"46482","86681576","97749587"
"46483","86681576","88675783"
"46484","86681576","67693316"
"46485","86681576","62960146"
"46486","86681576","96092799"
"46487","86681576","103085998"
"46488","86681576","71487999"
"46489","86681622","71484738"
"46490","86681622","88669975"
"46491","86681622","65802589"
"46492","86681622","78892330"
"46493","86681622","86678491"
"46494","86681649","103502446"
"46495","86681672","64910091"
"46496","86681672","104170379"
"46497","86681729","104170866"
"46498","86681730","64917824"
"46499","86681736","103342261"
"46500","86681752","64914164"
"46501","86681754","80123254"
"46502","86681762","94202535"
"46503","86681764","99978966"
"46504","86682936","94201393"
"46505","86682936","99975045"
"46506","86682936","88673416"
"46507","86682936","65988001"
"46508","86682936","103339178"
"46509","86682936","78894800"
"46510","86682936","64914469"
"46511","86682936","94198070"
"46512","86682936","99977355"
"46513","86682936","103504364"
"46514","86682936","86684916"
"46515","86682936","69503144"
"46516","86682936","92252576"
"46517","86683003","58142310"
"46518","86684680","78889922"
"46519","86684683","86682929"
"46520","86684683","65982839"
"46521","86684696","96092899"
"46522","86684698","78896246"
"46523","86684707","97747224"
"46524","86684709","61584985"
"46525","86684710","88669819"
"46526","86684714","86685168"
"46527","86684762","94196688"
"46528","86684869","104172640"
"46529","86685475","58141314"
"46530","86685497","88676251"
"46531","86685498","64909990"
"46532","86685561","97749599"
"46533","86685562","69503217"
"46534","86685564","58143222"
"46535","86685570","62961902"
"46536","86685601","88674494"
"46537","86685607","103502424"
"46538","86685677","92441523"
"46539","86688890","61686970"
"46540","86688890","71489818"
"46541","88616313","97747278"
"46542","88616313","103085895"
"46543","88619526","103502438"
"46544","88619596","99978253"
"46545","88619602","92257776"
"46546","88619633","103490607"
"46547","88619639","57821844"
"46548","88619641","61768582"
"46549","88619642","62958982"
"46550","88619705","65801727"
"46551","88619706","71486889"
"46552","88619728","80129492"
"46553","88620334","86686301"
"46554","88620441","103340931"
"46555","88620489","88676386"
"46556","88620493","92251966"
"46557","88620494","99978205"
"46558","88620496","92445592"
"46559","88620505","103490218"
"46560","88620507","103343109"
"46561","88620520","69499922"
"46562","88620520","64911927"
"46563","88620523","78892925"
"46564","88622200","92250263"
"46565","88622267","61684492"
"46566","88622267","103342399"
"46567","88622267","103492722"
"46568","88622267","88619850"
"46569","88622267","103502424"
"46570","88622267","88676786"
"46571","88622267","64910056"
"46572","88622267","99972931"
"46573","88622267","61773753"
"46574","88622267","69505356"
"46575","88622267","104176022"
"46576","88622267","86683081"
"46577","88622267","78889427"
"46578","88623439","103081468"
"46579","88623441","97752682"
"46580","88623449","80127222"
"46581","88623451","103502418"
"46582","88623467","104170222"
"46583","88623473","88625338"
"46584","88623474","71487444"
"46585","88623531","92251959"
"46586","88623531","92444004"
"46587","88623554","88619042"
"46588","88623581","103341923"
"46589","88623581","57822992"
"46590","88623581","88671505"
"46591","88623581","64977571"
"46592","88623581","80119114"
"46593","88623627","78890657"
"46594","88623627","64913653"
"46595","88623627","62957218"
"46596","88623627","92253714"
"46597","88623627","78888206"
"46598","88623627","78894193"
"46599","88623627","78888397"
"46600","88623627","65799354"
"46601","88623627","80123219"
"46602","88623627","64914441"
"46603","88623627","104172685"
"46604","88623627","62961823"
"46605","88623627","103336208"
"46606","88623627","92439577"
"46607","88623627","94203566"
"46608","88623627","78890700"
"46609","88623627","64977585"
"46610","88623627","92251615"
"46611","88623627","71489719"
"46612","88624937","99972267"
"46613","88625050","71487701"
"46614","88625344","86684760"
"46615","88625344","94201896"
"46616","88626804","88672238"
"46617","88626804","92256073"
"46618","88626804","65989574"
"46619","88626840","103494962"
"46620","88669817","59214199"
"46621","88669853","71488152"
"46622","88669853","61685920"
"46623","88669853","88620165"
"46624","88671313","61686685"
"46625","88671313","92258111"
"46626","88671607","103491182"
"46627","88671720","103504336"
"46628","88673030","96092902"
"46629","88673030","92253754"
"46630","88673030","65801536"
"46631","88673030","92258748"
"46632","88673030","64913238"
"46633","88673030","94201378"
"46634","88673030","103083294"
"46635","88673030","96092455"
"46636","88673030","67695616"
"46637","88673030","88676223"
"46638","88673030","88622761"
"46639","88673030","92440831"
"46640","88673030","65802099"
"46641","88673030","69500047"
"46642","88673030","71485467"
"46643","88673030","78889439"
"46644","88673030","99972461"
"46645","88673030","94200091"
"46646","88673030","99977499"
"46647","88673030","58141161"
"46648","88673030","99972146"
"46649","88673076","78896566"
"46650","88673076","78891809"
"46651","88673076","104177462"
"46652","88673076","78891831"
"46653","88673076","92256540"
"46654","88673103","88676911"
"46655","88673126","61772314"
"46656","88673126","97745987"
"46657","88673183","96091236"
"46658","88673184","92257248"
"46659","88673190","92445325"
"46660","88673206","64984787"
"46661","88673208","92250150"
"46662","88673216","65802100"
"46663","88673218","97751606"
"46664","88674390","62958595"
"46665","88674390","65801379"
"46666","88674390","71488107"
"46667","88674390","92256373"
"46668","88674390","71486633"
"46669","88674390","104178905"
"46670","88674390","103341588"
"46671","88674390","80129611"
"46672","88674390","88675749"
"46673","88674390","103491870"
"46674","88674390","104171619"
"46675","88674390","57819267"
"46676","88674390","94195695"
"46677","88674457","65982896"
"46678","88676134","103490571"
"46679","88676137","80124969"
"46680","88676137","103336539"
"46681","88676150","69504685"
"46682","88676152","94196674"
"46683","88676161","99976965"
"46684","88676163","65988012"
"46685","88676164","96097234"
"46686","88676168","96097789"
"46687","88676216","65804177"
"46688","88676323","64912748"
"46689","88676929","99977935"
"46690","88676951","80129881"
"46691","88676952","67694494"
"46692","88677015","94203588"
"46693","88677016","103084721"
"46694","88677018","71487996"
"46695","88677024","103339195"
"46696","88677055","78888365"
"46697","88677061","104171430"
"46698","88677131","92441538"
"46699","88680344","92255958"
"46700","88680344","78895351"
"46701","92250113","80123201"
"46702","92250149","69505481"
"46703","92250149","103081543"
"46704","92250149","86684896"
"46705","92250149","103339777"
"46706","92251609","61578856"
"46707","92251903","67692434"
"46708","92252016","80127856"
"46709","92253326","103087343"
"46710","92253326","61772506"
"46711","92253326","69500481"
"46712","92253326","92444168"
"46713","92253326","78890673"
"46714","92253326","80128145"
"46715","92253326","104173776"
"46716","92253326","103086572"
"46717","92253326","69505857"
"46718","92253326","99972471"
"46719","92253326","103493265"
"46720","92253326","88675610"
"46721","92253326","78889755"
"46722","92253326","88619058"
"46723","92253326","65804140"
"46724","92253326","92257189"
"46725","92253326","96096640"
"46726","92253326","64912888"
"46727","92253326","59657955"
"46728","92253326","71482593"
"46729","92253372","86686072"
"46730","92253372","71484929"
"46731","92253372","65797398"
"46732","92253372","97749298"
"46733","92253372","61686765"
"46734","92253399","65984890"
"46735","92253422","88621029"
"46736","92253422","65802547"
"46737","92253479","99974681"
"46738","92253480","94202627"
"46739","92253486","103336318"
"46740","92253502","103504432"
"46741","92253504","92252183"
"46742","92253512","69506265"
"46743","92253514","88671611"
"46744","92254686","97746972"
"46745","92254686","103340921"
"46746","92254686","59664821"
"46747","92254686","103490600"
"46748","92254686","80129668"
"46749","92254686","62955703"
"46750","92254686","92249923"
"46751","92254686","78890655"
"46752","92254686","96097247"
"46753","92254686","61683264"
"46754","92254686","104178412"
"46755","92254686","80123803"
"46756","92254686","92256614"
"46757","92254753","103087994"
"46758","92256430","61774653"
"46759","92256433","86678534"
"46760","92256433","80123310"
"46761","92256446","86683081"
"46762","92256448","80123788"
"46763","92256457","78894804"
"46764","92256459","88671641"
"46765","92256460","62960412"
"46766","92256464","69500873"
"46767","92256512","97747200"
"46768","92256619","62960360"
"46769","92257225","62960445"
"46770","92257247","97747529"
"46771","92257248","94196796"
"46772","92257311","59657948"
"46773","92257312","103087761"
"46774","92257314","71489908"
"46775","92257320","65801733"
"46776","92257351","99977334"
"46777","92257357","99972816"
"46778","92257427","65801736"
"46779","92260296","86686631"
"46780","92260296","64977548"
"46781","92436857","88620874"
"46782","92436857","64912884"
"46783","92440070","64914978"
"46784","92440140","67695570"
"46785","92440146","61769875"
"46786","92440177","71487927"
"46787","92440183","65797390"
"46788","92440185","94203388"
"46789","92440186","88626804"
"46790","92440272","65803318"
"46791","92440878","92443781"
"46792","92440985","94201387"
"46793","92441033","92440847"
"46794","92441037","103082056"
"46795","92441038","65988140"
"46796","92441040","71485327"
"46797","92441049","69503593"
"46798","92441051","86679872"
"46799","92441064","88671009"
"46800","92441064","65802690"
"46801","92441067","67695062"
"46802","92442744","92444954"
"46803","92442811","103494422"
"46804","92442811","62954924"
"46805","92442811","97749020"
"46806","92442811","88677481"
"46807","92442811","97745852"
"46808","92442811","96092903"
"46809","92442811","86685667"
"46810","92442811","103491993"
"46811","92442811","92440464"
"46812","92442811","62960013"
"46813","92442811","61680510"
"46814","92442811","86685423"
"46815","92442811","59668641"
"46816","92443983","64914231"
"46817","92443985","103502422"
"46818","92443993","71482594"
"46819","92443995","103334919"
"46820","92444011","78892046"
"46821","92444017","92440390"
"46822","92444018","99976789"
"46823","92444075","99979013"
"46824","92444075","96096440"
"46825","92444098","67695093"
"46826","92444125","64977433"
"46827","92444125","92253712"
"46828","92444125","69503567"
"46829","92444125","99976796"
"46830","92444125","103340668"
"46831","92444171","94201868"
"46832","92444171","64977549"
"46833","92444171","69504675"
"46834","92444171","88673218"
"46835","92444171","104176517"
"46836","92444171","78892947"
"46837","92444171","99973538"
"46838","92444171","88677401"
"46839","92444171","65987367"
"46840","92444171","96097865"
"46841","92444171","103086605"
"46842","92444171","88626858"
"46843","92444171","104177929"
"46844","92444171","99978680"
"46845","92444171","58140910"
"46846","92444171","104170382"
"46847","92444171","97749301"
"46848","92444171","80126419"
"46849","92444171","92253518"
"46850","92445481","88620493"
"46851","92445594","92441552"
"46852","92445888","97748825"
"46853","92447348","92255964"
"46854","92447348","64916575"
"46855","92447384","88618514"
"46856","94195546","103080201"
"46857","94195582","94202528"
"46858","94195582","62957949"
"46859","94195582","103339175"
"46860","94195582","58141420"
"46861","94195582","99972390"
"46862","94196232","65987345"
"46863","94197041","80123811"
"46864","94197041","103343506"
"46865","94197335","97755034"
"46866","94197448","88620133"
"46867","94198758","103336609"
"46868","94198758","103081223"
"46869","94198758","59669015"
"46870","94198758","99976765"
"46871","94198758","92257908"
"46872","94198758","65800456"
"46873","94198758","71483212"
"46874","94198758","104173754"
"46875","94198758","103491581"
"46876","94198758","103336285"
"46877","94198758","92256647"
"46878","94198758","103081538"
"46879","94198758","65802367"
"46880","94198758","62956019"
"46881","94198758","80129664"
"46882","94198758","88676157"
"46883","94198758","99976818"
"46884","94198758","103082461"
"46885","94198758","94196675"
"46886","94198758","92250278"
"46887","94198758","67695612"
"46888","94198804","103491719"
"46889","94198804","103338646"
"46890","94198804","103084677"
"46891","94198804","57820563"
"46892","94198804","103086289"
"46893","94198831","97752143"
"46894","94198854","96096034"
"46895","94198854","80122001"
"46896","94198911","96090743"
"46897","94198912","80128539"
"46898","94198918","67695551"
"46899","94198934","71488972"
"46900","94198936","80123815"
"46901","94198944","96099175"
"46902","94198946","99978880"
"46903","94200118","59215551"
"46904","94200118","59667488"
"46905","94200118","103081181"
"46906","94200118","71484882"
"46907","94200118","78894662"
"46908","94200118","97753999"
"46909","94200118","64910464"
"46910","94200118","99977345"
"46911","94200118","94199648"
"46912","94200118","92440279"
"46913","94200118","97753550"
"46914","94200118","71487850"
"46915","94200118","71487212"
"46916","94200185","103340918"
"46917","94201862","64979687"
"46918","94201865","103082654"
"46919","94201865","64909997"
"46920","94201878","92446191"
"46921","94201880","71487047"
"46922","94201889","103083257"
"46923","94201891","78888385"
"46924","94201892","65802385"
"46925","94201896","96093457"
"46926","94201944","65797754"
"46927","94202051","103338699"
"46928","94202657","103502347"
"46929","94202679","103087411"
"46930","94202680","92444124"
"46931","94202743","61684560"
"46932","94202744","103495432"
"46933","94202746","65800676"
"46934","94202752","86684172"
"46935","94202783","96092913"
"46936","94202789","88622976"
"46937","94202859","92254789"
"46938","94205728","58142433"
"46939","94205728","59671112"
"46940","96091499","88675386"
"46941","96092068","104174834"
"46942","96092074","103083792"
"46943","96092074","92256078"
"46944","96092074","103339792"
"46945","96092171","86685057"
"46946","96092172","92260296"
"46947","96092194","103342399"
"46948","96092217","99979684"
"46949","96092566","78894056"
"46950","96092807","71485257"
"46951","96095997","61771394"
"46952","96095997","86684911"
"46953","96098619","71487697"
"46954","97749068","103493686"
"46955","97749068","62955177"
"46956","97752257","69502609"
"46957","97752498","92256504"
"46958","97752846","103340947"
"46959","97752869","80126433"
"46960","97752989","92255959"
"46961","97752989","97752748"
"46962","97752989","94197142"
"46963","97752995","103341634"
"46964","97753562","103501775"
"46965","99974258","88624332"
"46966","99974258","69499982"
"46967","99977447","104175891"
"46968","99977688","62955264"
"46969","99978036","59216288"
"46970","99978059","88625280"
"46971","99978179","96097793"
"46972","99978179","86684932"
"46973","99978179","88669800"
"46974","99978185","69503173"
"46975","99978752","96095224"
"46976","103082794","94202469"
"46977","103337864","103336288"
"46978","103493163","88676800"
"46979","104172938","69506271"
"46980","57821042","58144301"
"46981","58141327","58140731"
"46982","64913492","88623108"
"46983","67694045","86679576"
"46984","69503849","99974545"
"46985","71486531","103501945"
"46986","78890998","71482726"
"46987","80126882","65801943"
"46988","86681127","88619846"
"46989","88624076","99977457"
"46990","88672581","86682128"
"46991","92252877","97749316"
"46992","92444620","88672581"
"46993","94198309","78890276"
"46994","96096984","61774577"
"46995","96096984","59669312"
"46996","96096991","92252662"
"46997","96096991","104176010"
"46998","97748074","65985423"
"46999","97748074","65801718"
"47000","97748081","104172704"
"47001","97748081","64912017"
"47002","99973264","96093603"
"47003","99973264","97749505"
"47004","99973271","71487513"
"47005","99973271","59214310"
"47006","103089433","96095544"
"47007","103089434","58141327"
"47008","103344503","64914768"
"47009","103344504","92250092"
"47010","103496145","88676152"
"47011","103496146","64909728"
"47012","104179577","103343526"
"47013","104179578","99980296"
"47014","96092765","97749521"
"47015","97752299","58139223"
"47016","97755162","80124038"
"47017","97755163","103083628"
"47018","99977489","62955755"
"47019","99980352","88670598"
"47020","99980353","96091939"
"47021","103086531","88624376"
"47022","103086531","57819534"
"47023","103086532","80128085"
"47024","103086532","104176518"
"47025","103086561","80128543"
"47026","103086561","80128139"
"47027","103086561","88621024"
"47028","103086561","67697349"
"47029","103341601","80123237"
"47030","103341601","94196747"
"47031","103341602","64913400"
"47032","103341602","97746870"
"47033","103341631","103494557"
"47034","103341631","59211405"
"47035","103341631","61686694"
"47036","103341631","59668780"
"47037","103494519","61583878"
"47038","103494519","65797293"
"47039","103494520","67693596"
"47040","103494520","99977349"
"47041","103494549","65802547"
"47042","103494549","65801724"
"47043","103494549","97751685"
"47044","103494549","103089434"
"47045","104176675","103088277"
"47046","104176675","64915031"
"47047","104176676","61684199"
"47048","104176676","103341454"
"47049","104176705","94202929"
"47050","104176705","103491644"
"47051","104176705","57822894"
"47052","104176705","103494599"
"47053","58336229","92251242"
"47054","58336229","103084748"
"47055","59215838","97747299"
"47056","59669141","88676827"
"47057","59669142","88620998"
"47058","59669142","61774140"
"47059","59669171","104171616"
"47060","61583848","67695472"
"47061","61583849","86679554"
"47062","61583878","62957948"
"47063","61684505","94201945"
"47064","61684506","86685571"
"47065","61684506","96095601"
"47066","61684535","62961975"
"47067","61684535","64914368"
"47068","61684535","67695507"
"47069","61684535","92443785"
"47070","61772400","61584573"
"47071","61772401","71487403"
"47072","61772401","65987295"
"47073","61772430","99977375"
"47074","61772430","92257782"
"47075","61772430","99978365"
"47076","61772430","99976555"
"47077","62959841","99973460"
"47078","62959841","65987550"
"47079","62959842","78895550"
"47080","62959842","103080730"
"47081","62959871","103340964"
"47082","62959871","103495052"
"47083","62959871","69505433"
"47084","62959871","103342937"
"47085","64914454","80123927"
"47086","64914454","61687951"
"47087","64914455","78891706"
"47088","64914455","58336024"
"47089","64914484","97748526"
"47090","64914484","97753514"
"47091","64914484","78888399"
"47092","64914484","64914994"
"47093","64982465","65801090"
"47094","64982466","62962040"
"47095","64982495","104176729"
"47096","65801912","58140637"
"47097","65801912","64980484"
"47098","65801913","78895367"
"47099","65801913","65985793"
"47100","65801942","92441038"
"47101","65801942","65983696"
"47102","65801942","62960420"
"47103","65801942","64911931"
"47104","65987363","65982825"
"47105","65987363","92439373"
"47106","65987364","92444902"
"47107","65987364","96099120"
"47108","65987393","65802591"
"47109","65987393","88673912"
"47110","65987393","104176737"
"47111","65987393","103341485"
"47112","67695027","104173764"
"47113","67695027","69505265"
"47114","67695028","96098200"
"47115","67695028","67694880"
"47116","67695057","71487887"
"47117","67695057","80128538"
"47118","67695057","80121395"
"47119","67695057","88672240"
"47120","69504832","71483228"
"47121","69504832","94202741"
"47122","69504833","64977437"
"47123","69504833","103490609"
"47124","69504862","92447382"
"47125","69504862","59658847"
"47126","69504862","57822382"
"47127","69504862","97752745"
"47128","71487514","78892920"
"47129","71487514","103341501"
"47130","71487515","103087810"
"47131","71487515","103502343"
"47132","71487544","104173765"
"47133","71487544","103490571"
"47134","71487544","99979682"
"47135","71487544","94195548"
"47136","78894737","103336205"
"47137","78894737","64910081"
"47138","78894738","92255954"
"47139","78894738","96092545"
"47140","78894767","92256679"
"47141","78894767","65983302"
"47142","78894767","62960020"
"47143","78894767","59671092"
"47144","80123113","99972060"
"47145","80123113","103086466"
"47146","80123113","64912818"
"47147","80123113","86681966"
"47148","80123142","86682114"
"47149","80123142","71485281"
"47150","80123143","103492804"
"47151","80123143","103490209"
"47152","86684865","104177292"
"47153","86684865","86680155"
"47154","86684866","65986079"
"47155","86684866","80121850"
"47156","86684895","88626689"
"47157","86684895","62959590"
"47158","86684895","78896001"
"47159","86684895","59667626"
"47160","88620308","103081139"
"47161","88620308","88675628"
"47162","88620308","62961963"
"47163","88620308","92257897"
"47164","88620337","59658892"
"47165","88620337","92441534"
"47166","88620338","97754297"
"47167","88620338","99973020"
"47168","88676319","78894724"
"47169","88676319","99977704"
"47170","88676320","92444903"
"47171","88676320","58139096"
"47172","88676349","62959756"
"47173","88676349","57820847"
"47174","88676349","103341486"
"47175","88676349","92442835"
"47176","92256615","99972388"
"47177","92256615","61768581"
"47178","92256616","57819550"
"47179","92256616","86682112"
"47180","92256645","88625625"
"47181","92256645","103341525"
"47182","92256645","99975499"
"47183","92256645","88674477"
"47184","92440852","103083788"
"47185","92440852","64982949"
"47186","92440852","58140739"
"47187","92440852","64915093"
"47188","92440881","65801955"
"47189","92440881","80125099"
"47190","92440882","80127587"
"47191","92440882","103088066"
"47192","94202047","97751619"
"47193","94202047","80123144"
"47194","94202048","96092787"
"47195","94202048","64910344"
"47196","94202077","94199033"
"47197","94202077","78895408"
"47198","94202077","67697912"
"47199","94202077","99977631"
"47200","96098196","103504413"
"47201","97746870","62960312"
"47202","99972060","88619171"
"47203","103081131","64980613"
"47204","103081131","103338741"
"47205","103086318","103083631"
"47206","103086525","103081789"
"47207","103086526","104177539"
"47208","103086722","65985828"
"47209","103336201","103501890"
"47210","103336201","78890026"
"47211","103341388","78894928"
"47212","103341595","94200257"
"47213","103341596","103337629"
"47214","103341792","58151739"
"47215","103491500","57820986"
"47216","103491500","99976766"
"47217","103494513","92443622"
"47218","103494514","65986142"
"47219","103502083","69499944"
"47220","103502208","92251672"
"47221","104171275","96098117"
"47222","104171275","71483533"
"47223","104176462","104173240"
"47224","104176669","78891809"
"47225","104176670","71489246"
"47226","104176866","59667482"
"47227","59215831","92441526"
"47228","59215832","86682440"
"47229","59665111","61686766"
"47230","59669135","59211184"
"47231","59669136","88676365"
"47232","59671102","69500350"
"47233","61586229","103088066"
"47234","61682063","94198817"
"47235","61684499","88676741"
"47236","61684500","103342859"
"47237","61685852","65985825"
"47238","61769961","103085877"
"47239","61772394","88672327"
"47240","61772395","92436693"
"47241","61773746","69502300"
"47242","62957148","59659675"
"47243","62959835","71482639"
"47244","62959836","103493612"
"47245","62961980","88625337"
"47246","64911924","88623239"
"47247","64914448","71482662"
"47248","64914449","59667602"
"47249","64916674","97752741"
"47250","64984797","64914448"
"47251","65799249","94197369"
"47252","65799249","71482625"
"47253","65801906","64912355"
"47254","65801907","92254788"
"47255","65804156","58336229"
"47256","65804179","64912913"
"47257","65984824","78895619"
"47258","65987357","88676321"
"47259","65987358","61773740"
"47260","65989584","94201716"
"47261","67692356","103088765"
"47262","67692356","58271969"
"47263","67695021","61687947"
"47264","67695022","57819878"
"47265","67697320","80124978"
"47266","67697343","61686248"
"47267","69502143","94201889"
"47268","69502143","62959540"
"47269","69504826","88669854"
"47270","69504827","65987959"
"47271","69507180","58140754"
"47272","69507203","62960311"
"47273","71484816","94203793"
"47274","71484816","69504514"
"47275","71487508","92445825"
"47276","71487509","64909945"
"47277","71489879","67695565"
"47278","71489902","103338699"
"47279","78889334","80127804"
"47280","78889334","65802590"
"47281","78894524","103081475"
"47282","78894731","88625301"
"47283","78894732","97748183"
"47284","78894928","88678106"
"47285","80122952","103085599"
"47286","80123148","92258054"
"47287","80123149","71489955"
"47288","80123356","103495498"
"47289","80128546","78892910"
"47290","80128546","69505021"
"47291","86679463","97752484"
"47292","86679463","92446198"
"47293","86684652","88625662"
"47294","86684859","61684569"
"47295","86684860","88677854"
"47296","86685056","88675658"
"47297","88620147","92251378"
"47298","88620343","61772098"
"47299","88620344","88625006"
"47300","88620551","80121515"
"47301","88625740","65801976"
"47302","88625740","61581009"
"47303","88670917","94196738"
"47304","88670917","94198856"
"47305","88676106","65804160"
"47306","88676313","103087187"
"47307","88676314","88676026"
"47308","88676510","103337171"
"47309","92251213","88675787"
"47310","92251213","71484947"
"47311","92256402","67690325"
"47312","92256609","80123201"
"47313","92256610","80126245"
"47314","92256806","61681985"
"47315","92440691","78891998"
"47316","92440887","67693466"
"47317","92440888","97746956"
"47318","92441095","65982963"
"47319","92446284","88673599"
"47320","92446284","57822947"
"47321","94196645","78894789"
"47322","94196645","71487859"
"47323","94201834","99973271"
"47324","94202041","58143015"
"47325","94202042","92253333"
"47326","94202238","103490597"
"47327","103086604","71484735"
"47328","103341674","92251342"
"47329","103494592","103086046"
"47330","104176748","104171619"
"47331","57819407","92253385"
"47332","58139692","64915845"
"47333","62957618","64914958"
"47334","64912425","92251550"
"47335","65799758","61686786"
"47336","65985327","104178025"
"47337","67692866","97751686"
"47338","69502654","103502082"
"47339","71485331","61687848"
"47340","78894810","59667480"
"47341","80121942","86681127"
"47342","80123070","103341027"
"47343","86684938","61773726"
"47344","88620265","88625611"
"47345","88676392","78894810"
"47346","92256688","103491638"
"47347","92440809","96099172"
"47348","94202120","61680316"
"47349","94203248","64916658"
"47350","96091886","97752166"
"47351","96091890","62960175"
"47352","96092033","88676354"
"47353","96092045","103082538"
"47354","96092088","103340914"
"47355","96092224","94202699"
"47356","96092613","97753166"
"47357","96093494","61773728"
"47358","96096086","58142881"
"47359","96096086","67692469"
"47360","96096086","86681943"
"47361","96096086","92257783"
"47362","96097062","103085856"
"47363","96097805","78894051"
"47364","96097805","99971042"
"47365","96097810","103341388"
"47366","96097810","103082503"
"47367","97746451","99979161"
"47368","97747256","67690773"
"47369","97747256","86681636"
"47370","97747261","96093488"
"47371","97747261","99971045"
"47372","97748979","62961908"
"47373","97748979","88677493"
"47374","97748979","67697315"
"47375","97748979","59669791"
"47376","97751570","71487320"
"47377","97752451","71483033"
"47378","97752839","80126066"
"47379","97752975","92440176"
"47380","97753018","92445845"
"47381","97753030","57822884"
"47382","97753172","104177273"
"47383","97753176","92440836"
"47384","99971641","103084742"
"47385","99972446","96095842"
"47386","99972446","69504680"
"47387","99972451","94195535"
"47388","99972451","92441563"
"47389","99974169","104173492"
"47390","99974169","94202860"
"47391","99974169","103492192"
"47392","99974169","103086384"
"47393","99976760","96091069"
"47394","99977641","103080222"
"47395","99978029","62959907"
"47396","99978165","94199148"
"47397","99978208","103088264"
"47398","99978220","61768699"
"47399","57829447","71485300"
"47400","58151822","103079849"
"47401","96096026","96092739"
"47402","96096047","92256795"
"47403","96096047","65802560"
"47404","96096047","104177159"
"47405","96096047","97751623"
"47406","96096047","71485350"
"47407","97749018","103083290"
"47408","97749018","88622148"
"47409","97749018","67692425"
"47410","97749018","104171403"
"47411","97749018","78890275"
"47412","97749039","71488163"
"47413","99974208","88670927"
"47414","99974208","80124954"
"47415","99974208","96097540"
"47416","99974208","103492234"
"47417","99974208","94201380"
"47418","99974229","88625010"
"47419","103085981","61687335"
"47420","103086721","57823881"
"47421","103341051","103087394"
"47422","103341791","58139352"
"47423","103502084","103082071"
"47424","103502348","64913236"
"47425","104176125","96096098"
"47426","104176865","71488126"
"47427","57819386","78894081"
"47428","58139671","92443590"
"47429","59671084","59660934"
"47430","59671101","103490420"
"47431","61586211","80128465"
"47432","61586228","58139552"
"47433","61682045","99972051"
"47434","61682062","58143232"
"47435","61769943","99978679"
"47436","61769960","94202849"
"47437","62961962","78896503"
"47438","62961979","103081139"
"47439","64916656","59658813"
"47440","64916673","92255906"
"47441","64984779","65987432"
"47442","64984796","61769961"
"47443","65804138","64912909"
"47444","65804155","103502084"
"47445","65989566","59669995"
"47446","65989583","92440971"
"47447","67697302","78892076"
"47448","67697319","78891698"
"47449","69507162","64911982"
"47450","69507179","94201386"
"47451","71489861","96092185"
"47452","71489878","94201388"
"47453","78894187","103502084"
"47454","78894927","78889465"
"47455","80122953","65801606"
"47456","80123693","86681177"
"47457","86684315","94201394"
"47458","86685055","61680616"
"47459","88620148","62957144"
"47460","88620888","96093586"
"47461","88675769","64914463"
"47462","88676509","99972708"
"47463","92256065","103084677"
"47464","92256805","61684159"
"47465","92440692","71483536"
"47466","92441432","61686926"
"47467","94201497","86684220"
"47468","94202237","97748117"
"47469","96091601","103342853"
"47470","96091601","96096098"
"47471","96091602","103501972"
"47472","96092731","97745880"
"47473","96099326","92442818"
"47474","97745781","65986401"
"47475","97752333","62959817"
"47476","97753459","59669488"
"47477","99970971","92251618"
"47478","99977523","86678396"
"47479","99978649","58142176"
"47480","103086524","69504472"
"47481","103086524","88626842"
"47482","103341594","62960310"
"47483","103341594","69505269"
"47484","103494512","78891999"
"47485","103494512","61685859"
"47486","104176668","92253431"
"47487","104176668","62957066"
"47488","59215830","92252579"
"47489","59215830","78889750"
"47490","59669134","80123439"
"47491","59669134","71488163"
"47492","61583841","96095494"
"47493","61583841","71487552"
"47494","61684498","67692463"
"47495","61684498","99978962"
"47496","61772393","99977495"
"47497","61772393","59211830"
"47498","62959834","97747784"
"47499","62959834","92254778"
"47500","64914447","97752138"
"47501","64914447","61581969"
"47502","64982458","96093450"
"47503","64982458","99972080"
"47504","65801905","92255954"
"47505","65801905","65800348"
"47506","65987356","69503070"
"47507","65987356","92439603"
"47508","67695020","64915092"
"47509","67695020","80121917"
"47510","69504825","92447235"
"47511","69504825","92443309"
"47512","71487507","62960433"
"47513","71487507","92253979"
"47514","78894730","78890715"
"47515","78894730","88618803"
"47516","80123150","103088024"
"47517","80123150","94202657"
"47518","86684858","103340933"
"47519","86684858","99976772"
"47520","88620345","67696753"
"47521","88620345","86686296"
"47522","88676312","96095548"
"47523","88676312","64915065"
"47524","92256608","104178419"
"47525","92256608","96093460"
"47526","92440889","80129674"
"47527","92440889","61768185"
"47528","94202040","65988035"
"47529","94202040","92250107"
"47530","96092053","104177436"
"47531","96092062","97752600"
"47532","96098202","103492930"
"47533","96098203","64914098"
"47534","97745796","88618990"
"47535","97746863","97752177"
"47536","97746864","92253711"
"47537","97752202","86684769"
"47538","97753001","94200222"
"47539","97753010","103503357"
"47540","99972053","59669143"
"47541","99972054","61686914"
"47542","99977392","78894085"
"47543","99978191","71487522"
"47544","99978200","88620983"
"47545","103082351","99974209"
"47546","103082351","67691103"
"47547","103082351","78894558"
"47548","103082790","86681650"
"47549","103082790","94196804"
"47550","103084602","86684200"
"47551","103086514","104177819"
"47552","103337421","92255976"
"47553","103337421","67693356"
"47554","103337421","94198074"
"47555","103337860","69504295"
"47556","103337860","104174890"
"47557","103339672","92445665"
"47558","103341584","64910330"
"47559","103492720","94197448"
"47560","103492720","94198361"
"47561","103492720","65804157"
"47562","103493159","88623871"
"47563","103493159","59211410"
"47564","103494502","59669597"
"47565","103503447","103085995"
"47566","104172495","65804208"
"47567","104172495","67695831"
"47568","104172495","104176079"
"47569","104172934","96096044"
"47570","104172934","103494681"
"47571","104174746","104176673"
"47572","104176658","59667634"
"47573","57820030","103336859"
"47574","57821150","59214894"
"47575","58140315","80127165"
"47576","58141435","94198822"
"47577","59215818","61684369"
"47578","59216182","78896044"
"47579","59669122","67690359"
"47580","59669487","103338310"
"47581","61583829","92440142"
"47582","61584563","61768229"
"47583","61680369","99977931"
"47584","61683104","86684917"
"47585","61683104","92441554"
"47586","61684486","103081543"
"47587","61768273","64914906"
"47588","61771002","88673549"
"47589","61771002","78894756"
"47590","61772381","71487960"
"47591","62958203","86683001"
"47592","62958203","80122656"
"47593","62959822","92442703"
"47594","62960199","92258135"
"47595","64913049","61685918"
"47596","64913049","92251625"
"47597","64913488","103341819"
"47598","64914435","64977828"
"47599","64914822","97749342"
"47600","64982446","61772110"
"47601","64983129","92445845"
"47602","65800487","61768087"
"47603","65800487","97752163"
"47604","65801893","65983243"
"47605","65802280","62958059"
"47606","65985954","59669016"
"47607","65985954","69502128"
"47608","65987344","96095988"
"47609","65987731","64983549"
"47610","67693602","99975665"
"47611","67693602","69504654"
"47612","67694041","88677124"
"47613","67695008","80129475"
"47614","67695395","64914267"
"47615","69503406","103086529"
"47616","69503406","69502708"
"47617","69503845","64912524"
"47618","69504813","88678055"
"47619","69505201","62961146"
"47620","71486088","88623509"
"47621","71486088","69504856"
"47622","71486088","64910713"
"47623","71486527","78888920"
"47624","71487495","97751589"
"47625","71487883","59216483"
"47626","78890555","78889796"
"47627","78890555","71488181"
"47628","78890555","61684500"
"47629","78890994","71487291"
"47630","78892807","88620450"
"47631","78894720","94202647"
"47632","80123160","97749348"
"47633","80125073","103082577"
"47634","80126886","59665063"
"47635","80127325","61768492"
"47636","80127325","59668345"
"47637","80127325","62957986"
"47638","86680684","67690358"
"47639","86680684","88669842"
"47640","86680684","80122519"
"47641","86681123","99976778"
"47642","86681123","92439532"
"47643","86682935","86681130"
"47644","86684848","97752439"
"47645","88620355","69507088"
"47646","88622268","65989604"
"47647","88624080","69505263"
"47648","88624519","103338852"
"47649","88624519","80129652"
"47650","88672138","65797857"
"47651","88672138","88625319"
"47652","88672138","103338328"
"47653","88672577","71487360"
"47654","88672577","78894778"
"47655","88674389","97753021"
"47656","88676302","65800244"
"47657","92252434","103341469"
"47658","92252434","88677066"
"47659","92252873","99974552"
"47660","92252873","96092968"
"47661","92254685","69505423"
"47662","92256598","96096240"
"47663","92440899","103081934"
"47664","92442812","99972093"
"47665","92444624","80128466"
"47666","92445063","61772382"
"47667","92445063","80123628"
"47668","94197866","104175876"
"47669","94197866","86679663"
"47670","94197866","61683265"
"47671","94198305","103337146"
"47672","94198305","103340931"
"47673","94200117","103081160"
"47674","94202030","104178415"
"47675","103082065","64913043"
"47676","103082065","104173460"
"47677","103082065","62961210"
"47678","103082065","94203512"
"47679","103082065","103086514"
"47680","103083893","67697319"
"47681","103084600","99974655"
"47682","103085980","59213415"
"47683","103085980","69502670"
"47684","103086060","59660786"
"47685","103086060","62960309"
"47686","103086060","58142047"
"47687","103087147","57819059"
"47688","103337135","96091035"
"47689","103337135","64914523"
"47690","103337135","99977704"
"47691","103337135","103492193"
"47692","103337135","103490414"
"47693","103338679","61686798"
"47694","103338963","97751632"
"47695","103339670","78895401"
"47696","103341050","97747512"
"47697","103341050","59217074"
"47698","103341130","78895898"
"47699","103341130","64915240"
"47700","103341130","78896278"
"47701","103342217","80121799"
"47702","103492434","92251217"
"47703","103492434","97752138"
"47704","103492434","103083685"
"47705","103492434","99976876"
"47706","103492434","92444081"
"47707","103494216","94201355"
"47708","103494216","69504421"
"47709","103494216","103336893"
"47710","103494960","96097261"
"47711","103502349","69500470"
"47712","103502349","103083842"
"47713","103503449","94200258"
"47714","103504156","61686635"
"47715","104172209","61768438"
"47716","104172209","67693289"
"47717","104172209","103085756"
"47718","104172209","92440211"
"47719","104172209","99972134"
"47720","104173753","92440278"
"47721","104174037","61774541"
"47722","104174744","65800456"
"47723","104176124","92445862"
"47724","104176124","80126256"
"47725","104176204","94203476"
"47726","104176204","71484981"
"47727","104176204","69724918"
"47728","104177291","103491644"
"47729","57819406","69503553"
"47730","57820036","62959884"
"47731","57820434","97753589"
"47732","58139691","65983305"
"47733","58140321","96096840"
"47734","58140719","92441546"
"47735","58336200","86684652"
"47736","59213864","71488176"
"47737","59214231","103084600"
"47738","59216180","64912351"
"47739","59217714","88676261"
"47740","59666834","61771162"
"47741","59667523","86684895"
"47742","59667653","94198467"
"47743","59669485","92442728"
"47744","59669619","88674716"
"47745","59669620","103086690"
"47746","59669622","103341951"
"47747","59669808","92256656"
"47748","59669809","92444877"
"47749","59669811","104172613"
"47750","59669811","99974413"
"47751","59671083","88675647"
"47752","59671083","94201410"
"47753","61581490","99977514"
"47754","61581870","58139344"
"47755","61584561","65804738"
"47756","61586210","78892907"
"47757","61586210","103342937"
"47758","61680367","65801740"
"47759","61682044","78894763"
"47760","61682044","92441573"
"47761","61686315","78896024"
"47762","61686315","69502209"
"47763","61686682","104171488"
"47764","61686682","65801961"
"47765","61686813","88672739"
"47766","61768271","104171359"
"47767","61769942","92442707"
"47768","61769942","103504480"
"47769","61774209","104177262"
"47770","61774209","80123800"
"47771","61774575","92258080"
"47772","61774575","99973372"
"47773","61774705","97752197"
"47774","62957617","58151805"
"47775","62957617","88623082"
"47776","62957617","103081145"
"47777","62957983","103341599"
"47778","62957983","96092141"
"47779","62957983","61683846"
"47780","62958113","65801942"
"47781","62960173","62957995"
"47782","62960197","78890746"
"47783","62961961","57820876"
"47784","62961961","80125894"
"47785","64912424","58139680"
"47786","64912424","96092796"
"47787","64912424","64983650"
"47788","64912806","71486231"
"47789","64912806","58139754"
"47790","64912806","88676509"
"47791","64912806","64916656"
"47792","64912806","92440124"
"47793","64912936","104170351"
"47794","64914796","94201403"
"47795","64914820","71487881"
"47796","64916655","103494829"
"47797","64916655","103501845"
"47798","64980169","59215731"
"47799","64980535","97751588"
"47800","64983127","61583105"
"47801","64984778","92443912"
"47802","64984778","103080226"
"47803","65799757","65988141"
"47804","65799757","99974350"
"47805","65799757","103088522"
"47806","65800237","80121400"
"47807","65800237","78889363"
"47808","65800237","67696037"
"47809","65800237","71488228"
"47810","65800237","67696776"
"47811","65800367","65988714"
"47812","65802254","65803341"
"47813","65802278","92442709"
"47814","65804137","78894185"
"47815","65804137","69499927"
"47816","65985326","69507134"
"47817","65985326","80121677"
"47818","65985326","65797656"
"47819","65985710","97752143"
"47820","65985710","99972392"
"47821","65985710","69499920"
"47822","65985710","103492822"
"47823","65985840","86685329"
"47824","65987705","69507179"
"47825","65987729","103085630"
"47826","65989565","103340955"
"47827","65989565","103341432"
"47828","67692865","69507203"
"47829","67692865","88671863"
"47830","67692865","61686634"
"47831","67693348","88626757"
"47832","67693348","59668346"
"47833","67693348","103088156"
"47834","67693348","67694833"
"47835","67693348","88625337"
"47836","67693482","96093340"
"47837","67695369","61586219"
"47838","67695393","104176030"
"47839","67697301","99978943"
"47840","67697301","99977319"
"47841","69502653","65802345"
"47842","69502653","88620890"
"47843","69502653","94201576"
"47844","69503136","88625655"
"47845","69503136","71487703"
"47846","69503136","99972714"
"47847","69503136","92441522"
"47848","69503136","69505657"
"47849","69503272","92441575"
"47850","69505175","94201502"
"47851","69505199","67693482"
"47852","69507085","64914430"
"47853","69507161","92251302"
"47854","69507161","103338914"
"47855","71485330","99974547"
"47856","71485330","64909943"
"47857","71485330","88618602"
"47858","71485817","86686213"
"47859","71485817","71488053"
"47860","71485817","71486061"
"47861","71485817","67693350"
"47862","71485817","59211379"
"47863","71485953","86684710"
"47864","71487857","80123076"
"47865","71487881","61583852"
"47866","71489784","88625653"
"47867","71489860","61686250"
"47868","71489860","88671434"
"47869","78890268","96097260"
"47870","78890268","58142311"
"47871","78890268","103491588"
"47872","78890268","80128046"
"47873","78890268","92441810"
"47874","78891778","61687922"
"47875","78891813","94201878"
"47876","78892098","78896076"
"47877","78892805","59668088"
"47878","78894186","103085598"
"47879","78894186","86679879"
"47880","78894266","99975024"
"47881","78894266","96093475"
"47882","78894266","65988009"
"47883","78895354","94198169"
"47884","80122526","103490611"
"47885","80123614","103080227"
"47886","80123614","88669982"
"47887","80123614","88623531"
"47888","80123694","80123691"
"47889","80123694","62959876"
"47890","80125075","71487501"
"47891","80125782","103341449"
"47892","80126067","80122528"
"47893","80126102","103494154"
"47894","80127612","80123795"
"47895","80127612","103502434"
"47896","80127612","78891833"
"47897","80127612","65799350"
"47898","80127612","67693446"
"47899","86680397","65987432"
"47900","86680397","80121400"
"47901","86680397","88620340"
"47902","86680397","103502241"
"47903","86680397","94200210"
"47904","86681907","96092920"
"47905","86681942","99974506"
"47906","86682226","65802547"
"47907","86682933","64914454"
"47908","86684314","86686841"
"47909","86684314","65799316"
"47910","86684394","88676350"
"47911","86684394","62955570"
"47912","86684394","99978787"
"47913","86685482","59669144"
"47914","88619721","88675682"
"47915","88620809","64912893"
"47916","88620809","80123113"
"47917","88620809","99981616"
"47918","88620889","94198935"
"47919","88620889","103341605"
"47920","88622270","97746868"
"47921","88622977","67695072"
"47922","88623261","65797260"
"47923","88623296","92440723"
"47924","88624806","62955278"
"47925","88624806","80128462"
"47926","88624806","94203593"
"47927","88624806","96092903"
"47928","88624806","61685846"
"47929","88671851","62959833"
"47930","88671851","103338851"
"47931","88671851","80123717"
"47932","88671851","88675651"
"47933","88671851","92257761"
"47934","88673361","99972454"
"47935","88673396","64915797"
"47936","88673680","99973911"
"47937","88674387","96091012"
"47938","88675768","92252603"
"47939","88675768","65987552"
"47940","88675848","94201119"
"47941","88675848","92444151"
"47942","88675848","61579117"
"47943","88676936","92253703"
"47944","92252147","92256223"
"47945","92252147","103088263"
"47946","92252147","71489874"
"47947","92252147","94195525"
"47948","92252147","62959550"
"47949","92253657","88675685"
"47950","92253692","61581949"
"47951","92253976","96092797"
"47952","92254683","59216125"
"47953","92256064","78895356"
"47954","92256064","65798122"
"47955","92256144","86686611"
"47956","92256144","86684210"
"47957","92256144","67697319"
"47958","92257232","71487950"
"47959","92440265","96099222"
"47960","92441353","67695505"
"47961","92441353","86684181"
"47962","92441353","103087395"
"47963","92441433","64911868"
"47964","92441433","94201895"
"47965","92442814","103080233"
"47966","92443521","58151758"
"47967","92443840","71485898"
"47968","92445350","94196761"
"47969","92445350","69504830"
"47970","92445350","61581490"
"47971","92445350","88669985"
"47972","92445350","67695457"
"47973","94197579","94203340"
"47974","94197579","65984824"
"47975","94197579","88676167"
"47976","94197579","92444835"
"47977","94197579","99978549"
"47978","94199089","97746944"
"47979","94199124","67693312"
"47980","94199408","62959696"
"47981","94200115","103339775"
"47982","94201496","103504477"
"47983","94201496","103338851"
"47984","94201576","71485468"
"47985","94201576","80122889"
"47986","94201576","88677660"
"47987","94202664","103083622"
"47988","96091603","92440338"
"47989","96092039","64911904"
"47990","96092187","69505175"
"47991","96092614","86681918"
"47992","96092774","67697311"
"47993","96092805","59669056"
"47994","96093354","103340918"
"47995","96093497","86678361"
"47996","96093497","86684299"
"47997","96093497","69500432"
"47998","96095727","94195551"
"47999","96095905","103338025"
"48000","96095907","104173554"
"48001","96099282","71489287"
"48002","97745825","92440808"
"48003","97749158","94196783"
"48004","97749160","92257848"
"48005","97751567","69502650"
"48006","97751567","97748820"
"48007","97751567","88625278"
"48008","97751710","94201955"
"48009","97752259","92441563"
"48010","97752290","64913941"
"48011","97752450","92252580"
"48012","97752876","67690257"
"48013","97753024","61680604"
"48014","99971015","64909918"
"48015","99974348","104176014"
"48016","99974350","103336624"
"48017","99976757","71485934"
"48018","99976757","65802442"
"48019","99976757","86684174"
"48020","99976900","88618994"
"48021","99977449","92446281"
"48022","99977480","97752162"
"48023","99977640","88618588"
"48024","99978066","67694617"
"48025","99978214","103341351"
"48026","103082839","88677597"
"48027","103082839","99970981"
"48028","103082843","88673678"
"48029","103082843","103339630"
"48030","103082843","61687418"
"48031","103083891","92251213"
"48032","103083891","104176621"
"48033","103084713","96092217"
"48034","103337909","71484932"
"48035","103337909","80126369"
"48036","103337913","103493717"
"48037","103337913","67695037"
"48038","103337913","94202695"
"48039","103338961","104175990"
"48040","103338961","103341951"
"48041","103339783","62958282"
"48042","103493208","94200263"
"48043","103493208","69507144"
"48044","103493212","96091543"
"48045","103493212","88675849"
"48046","103493212","80122440"
"48047","103503336","88618438"
"48048","103504158","69506263"
"48049","103504158","86685587"
"48050","104172983","92251291"
"48051","104172983","92441528"
"48052","104172987","69500565"
"48053","104172987","103338159"
"48054","104172987","61774523"
"48055","104174035","59216491"
"48056","104174035","103341603"
"48057","104174857","103083494"
"48058","57819322","99977382"
"48059","57821157","103504263"
"48060","57821157","104170385"
"48061","57829540","96095231"
"48062","58139607","62960414"
"48063","58141442","61683747"
"48064","58141442","80121701"
"48065","58151915","61771689"
"48066","59214943","69508324"
"48067","59217080","80123298"
"48068","59668235","88625335"
"48069","59668235","65985256"
"48070","59669459","88620555"
"48071","59669459","92440947"
"48072","59670425","64915146"
"48073","61582582","88620494"
"48074","61585532","62957554"
"48075","61680341","88620290"
"48076","61680341","88676168"
"48077","61681339","71485285"
"48078","61683593","104171624"
"48079","61683597","71483427"
"48080","61683597","94201314"
"48081","61683597","103491091"
"48082","61768245","96092382"
"48083","61768245","99976757"
"48084","61769243","94196984"
"48085","61771490","65801797"
"48086","61771494","78891814"
"48087","61771494","64915122"
"48088","61771494","80123786"
"48089","62958691","58143253"
"48090","62958695","97747524"
"48091","62958695","99976785"
"48092","62958695","59668488"
"48093","62960171","86684927"
"48094","62960171","103085870"
"48095","62961224","86678345"
"48096","64913537","104177873"
"48097","64913541","92439404"
"48098","64913541","103343638"
"48099","64913541","64914296"
"48100","64914794","103338660"
"48101","64914794","57822631"
"48102","64915859","99977794"
"48103","64981247","64910405"
"48104","64984100","61687727"
"48105","65800975","86683010"
"48106","65800979","65801796"
"48107","65800979","71487557"
"48108","65800979","99976907"
"48109","65802252","61768094"
"48110","65802252","92251302"
"48111","65803339","86678491"
"48112","65986450","69505249"
"48113","65986450","61768494"
"48114","65987703","59658866"
"48115","65987703","80127241"
"48116","65988769","99972144"
"48117","67694090","69503216"
"48118","67694094","103086397"
"48119","67694094","96093445"
"48120","67694094","94195706"
"48121","67695367","88622267"
"48122","67695367","103342795"
"48123","67696453","92445350"
"48124","69503894","65985258"
"48125","69503898","78890086"
"48126","69503898","65797668"
"48127","69503898","65801923"
"48128","69505173","62958698"
"48129","69505173","69506622"
"48130","69506279","88675768"
"48131","71486576","103501611"
"48132","71486580","88676362"
"48133","71486580","88621271"
"48134","71486580","71489235"
"48135","71487855","65802346"
"48136","71487855","61682064"
"48137","71488970","57822939"
"48138","78891043","65802512"
"48139","78891047","61768494"
"48140","78891047","99974546"
"48141","78891047","58336231"
"48142","78892096","78894741"
"48143","78892096","92253706"
"48144","78892918","94199132"
"48145","80124962","69502256"
"48146","80125784","65799892"
"48147","80125784","61686652"
"48148","80126833","104171776"
"48149","80126833","88619779"
"48150","80126833","94202030"
"48151","80126837","88625646"
"48152","86681172","92255906"
"48153","86681172","94200204"
"48154","86681176","86685733"
"48155","86681176","99970800"
"48156","86681176","88620809"
"48157","86682224","92251615"
"48158","86682224","92256794"
"48159","86683046","92446074"
"48160","88622157","61771746"
"48161","88622979","67692468"
"48162","88622979","103495398"
"48163","88624027","103339630"
"48164","88624027","92249888"
"48165","88624027","80127138"
"48166","88624031","61775839"
"48167","88672626","88621941"
"48168","88672626","80126184"
"48169","88672630","88624800"
"48170","88672630","64984088"
"48171","88672630","96092918"
"48172","88673678","69503249"
"48173","88673678","103341444"
"48174","88674500","96092757"
"48175","92252922","86684863"
"48176","92252922","104171999"
"48177","92252926","88670921"
"48178","92252926","62957991"
"48179","92252926","92255974"
"48180","92253974","71484749"
"48181","92253974","88670955"
"48182","92254796","88620305"
"48183","92442701","88676314"
"48184","92443523","99978609"
"48185","92443523","96096692"
"48186","92444571","65799243"
"48187","92444571","88677653"
"48188","92444571","62957573"
"48189","92444575","69507193"
"48190","94198354","86680802"
"48191","94198354","86685327"
"48192","94198358","69504808"
"48193","94198358","65987396"
"48194","94198358","92251553"
"48195","94199406","78894100"
"48196","94199406","67693747"
"48197","94200228","96092311"
"48198","96094657","80122486"
"48199","96094657","65804238"
"48200","96094659","57821492"
"48201","97750408","69500060"
"48202","99975598","86684752"
"48203","103086771","88673047"
"48204","103341841","103340933"
"48205","103502075","88625300"
"48206","104176915","92444873"
"48207","57821960","69507139"
"48208","58142245","86684906"
"48209","58342995","96092764"
"48210","59217721","58139767"
"48211","59671090","97752563"
"48212","61586217","104170368"
"48213","61682051","61680676"
"48214","61769949","65800569"
"48215","62961968","99974539"
"48216","64916662","103088069"
"48217","64984785","103086556"
"48218","65804144","94201404"
"48219","65989572","96098062"
"48220","67697308","103341610"
"48221","69507168","80125864"
"48222","71489867","103342402"
"48223","78894977","103088277"
"48224","80122903","64914338"
"48225","86685105","96091295"
"48226","88620098","104170383"
"48227","88676559","78891050"
"48228","92256855","86681960"
"48229","92440642","86685452"
"48230","94202287","97753699"
"48231","96099269","80123389"
"48232","96099269","96097270"
"48233","96099269","69505445"
"48234","96099269","57819395"
"48235","97745838","59669995"
"48236","97745838","61579803"
"48237","99971028","88620179"
"48238","99971028","103336545"
"48239","103081129","104177432"
"48240","103081847","69505547"
"48241","103084694","103492823"
"48242","103086447","97747511"
"48243","103086447","65984822"
"48244","103086447","94198807"
"48245","103086447","103340961"
"48246","103086447","80125834"
"48247","103086447","92255947"
"48248","103086447","97747068"
"48249","103086447","92444319"
"48250","103086447","58350169"
"48251","103086447","71483073"
"48252","103086447","103087103"
"48253","103086447","71483514"
"48254","103086517","67695624"
"48255","103086522","99976779"
"48256","103086769","65802281"
"48257","103089776","71484810"
"48258","103336199","88677498"
"48259","103336917","78895453"
"48260","103338643","88671651"
"48261","103339764","65988771"
"48262","103341517","97745987"
"48263","103341517","96088758"
"48264","103341517","103491589"
"48265","103341517","97752079"
"48266","103341517","97752094"
"48267","103341517","103085901"
"48268","103341517","59211559"
"48269","103341517","88675670"
"48270","103341517","103493790"
"48271","103341517","78894728"
"48272","103341517","71488101"
"48273","103341517","64914638"
"48274","103341587","65803324"
"48275","103341592","103082540"
"48276","103341839","103501685"
"48277","103344845","64910792"
"48278","103491498","92258329"
"48279","103492216","69504813"
"48280","103494505","64914098"
"48281","103494510","88621028"
"48282","103496391","80129491"
"48283","103502077","99973815"
"48284","103502180","103492471"
"48285","103502180","64915276"
"48286","103502180","65797727"
"48287","103502180","96095517"
"48288","103502180","58280769"
"48289","103502180","103081824"
"48290","103502180","58142933"
"48291","103502180","99976806"
"48292","103502180","97746944"
"48293","103502180","104176659"
"48294","103502180","62959833"
"48295","103502180","58139895"
"48296","103503355","64977560"
"48297","104171273","64984785"
"48298","104171991","88678085"
"48299","104173717","69502300"
"48300","104174838","86686038"
"48301","104176591","96092758"
"48302","104176591","96092186"
"48303","104176591","103083091"
"48304","104176591","96092645"
"48305","104176591","86684221"
"48306","104176591","57820985"
"48307","104176591","94196840"
"48308","104176591","103081865"
"48309","104176591","99978609"
"48310","104176591","67695036"
"48311","104176591","97749039"
"48312","104176591","103341644"
"48313","104176661","103337524"
"48314","104176666","94202038"
"48315","104176913","78891625"
"48316","104179919","92251303"
"48317","59215828","71486581"
"48318","59216215","99970994"
"48319","59216215","92440130"
"48320","59216215","61768520"
"48321","59217065","61586210"
"48322","59660904","61584595"
"48323","59665109","96092631"
"48324","59669127","59215344"
"48325","59669132","103502446"
"48326","59669519","92256469"
"48327","59669519","99977354"
"48328","59669519","88675629"
"48329","59669519","58142209"
"48330","59669519","92257949"
"48331","59670410","104171356"
"48332","59671098","57819467"
"48333","61583839","97745960"
"48334","61584595","88620448"
"48335","61584595","61775813"
"48336","61584595","59669117"
"48337","61585517","103340929"
"48338","61586225","92442724"
"48339","61680401","97751591"
"48340","61680401","88620523"
"48341","61680401","62961210"
"48342","61680401","92436857"
"48343","61680401","103337302"
"48344","61680401","61686316"
"48345","61680401","99978741"
"48346","61680401","80128120"
"48347","61680401","104177840"
"48348","61681324","71489847"
"48349","61682059","65987729"
"48350","61684491","103087133"
"48351","61684496","104172686"
"48352","61684696","104171276"
"48353","61768305","61578706"
"48354","61768305","103087286"
"48355","61768305","78894091"
"48356","61768305","59658778"
"48357","61768305","92256619"
"48358","61768305","67695079"
"48359","61769228","62960218"
"48360","61769957","104176429"
"48361","61772386","103491998"
"48362","61772391","67697310"
"48363","61772591","88674506"
"48364","62957146","92252595"
"48365","62959827","80121804"
"48366","62959832","57821165"
"48367","62960231","64977481"
"48368","62960231","59658443"
"48369","62960231","71485330"
"48370","62960231","61774862"
"48371","62960231","61774525"
"48372","62960231","88677259"
"48373","62961209","104171408"
"48374","62961976","59667472"
"48375","64911922","104178599"
"48376","64914440","59214231"
"48377","64914445","94198806"
"48378","64914854","88674476"
"48379","64914854","64977840"
"48380","64914854","99974713"
"48381","64914854","67697220"
"48382","64914854","64984870"
"48383","64914854","80121011"
"48384","64914854","58142385"
"48385","64915844","94195704"
"48386","64916670","88673401"
"48387","64982456","86679870"
"48388","64983161","92443518"
"48389","64983161","92439649"
"48390","64983161","78894141"
"48391","64984085","92251706"
"48392","64984793","64980169"
"48393","65799247","92440293"
"48394","65801898","96091923"
"48395","65801903","104177306"
"48396","65802312","61768305"
"48397","65802312","94199375"
"48398","65802312","94202534"
"48399","65802312","96097552"
"48400","65802312","61680640"
"48401","65802312","94203226"
"48402","65802312","103342478"
"48403","65802312","94196688"
"48404","65803324","61774682"
"48405","65804152","86684212"
"48406","65987349","88673549"
"48407","65987354","78895615"
"48408","65987763","103492881"
"48409","65987763","86684768"
"48410","65987763","104172637"
"48411","65987763","57819346"
"48412","65987763","94199200"
"48413","65987763","57822192"
"48414","65988753","86680193"
"48415","65989580","103082797"
"48416","67691063","88669815"
"48417","67691063","103339777"
"48418","67692354","97752872"
"48419","67695013","88673582"
"48420","67695018","103340668"
"48421","67695427","103336333"
"48422","67695427","88622165"
"48423","67695427","103079840"
"48424","67695427","61680691"
"48425","67695427","103340931"
"48426","67695427","62961222"
"48427","67695427","96096035"
"48428","67695427","88672140"
"48429","67696438","99977317"
"48430","67697316","71489330"
"48431","69499951","103088049"
"48432","69500832","80128538"
"48433","69500832","69505523"
"48434","69502141","61684379"
"48435","69504818","78894187"
"48436","69504823","99973388"
"48437","69505233","67695008"
"48438","69505233","69504870"
"48439","69505233","94203395"
"48440","69505233","67695626"
"48441","69505233","71489323"
"48442","69505233","78894720"
"48443","69505233","97750472"
"48444","69505233","103087149"
"48445","69505233","88619989"
"48446","69506264","71487944"
"48447","69507176","103338639"
"48448","71482613","88623439"
"48449","71483503","92256869"
"48450","71483503","94200204"
"48451","71483503","59671098"
"48452","71484814","61774678"
"48453","71487500","64982950"
"48454","71487505","71486190"
"48455","71487915","88622758"
"48456","71487915","61772314"
"48457","71487915","88618204"
"48458","71487915","97753454"
"48459","71487915","69502656"
"48460","71487915","99971150"
"48461","71487915","59669128"
"48462","71487915","71487429"
"48463","71487915","88673175"
"48464","71487915","78895914"
"48465","71487915","80123095"
"48466","71487915","86684207"
"48467","71488955","96092246"
"48468","71489875","78888317"
"48469","78889332","71486198"
"48470","78890050","61581985"
"48471","78892899","69507091"
"48472","78894653","103085877"
"48473","78894653","103341648"
"48474","78894653","58139765"
"48475","78894653","94198466"
"48476","78894653","103343226"
"48477","78894653","86684696"
"48478","78894653","69503595"
"48479","78894653","103495052"
"48480","78894653","80127612"
"48481","78894653","86684289"
"48482","78894653","64913937"
"48483","78894653","94202042"
"48484","78894723","62957146"
"48485","78894728","104178216"
"48486","78894975","92257954"
"48487","80122905","94200207"
"48488","80123152","69505306"
"48489","80123157","103081630"
"48490","80123227","62959772"
"48491","80123227","103340945"
"48492","80123227","88620889"
"48493","80123227","103086536"
"48494","80123227","97752453"
"48495","80123227","99975024"
"48496","80123227","94203208"
"48497","80123227","61769942"
"48498","80123227","59667476"
"48499","80123227","103339762"
"48500","80123227","104173579"
"48501","80123227","71487372"
"48502","80123877","92256679"
"48503","80123877","59669699"
"48504","80124981","59216180"
"48505","80127830","103490444"
"48506","80128548","88675658"
"48507","86679461","97752145"
"48508","86680179","103342219"
"48509","86683027","71487915"
"48510","86684781","103491998"
"48511","86684781","64915419"
"48512","86684781","97752164"
"48513","86684781","103338338"
"48514","86684781","59671085"
"48515","86684781","97747060"
"48516","86684781","99978888"
"48517","86684781","86682935"
"48518","86684781","64914933"
"48519","86684781","94200444"
"48520","86684781","104171966"
"48521","86684781","65801385"
"48522","86684851","69504673"
"48523","86684856","61774830"
"48524","86685103","104178421"
"48525","88620100","61578750"
"48526","88620347","103501723"
"48527","88620352","92256460"
"48528","88620422","64910085"
"48529","88620422","104171410"
"48530","88620422","103339816"
"48531","88620422","78892875"
"48532","88620422","88676197"
"48533","88620422","65801981"
"48534","88620422","103336623"
"48535","88620422","88669988"
"48536","88620422","65797307"
"48537","88620422","61774630"
"48538","88620422","88620355"
"48539","88620422","103340917"
"48540","88621072","92446195"
"48541","88621072","94200217"
"48542","88622176","94196658"
"48543","88625024","61772451"
"48544","88625742","92445843"
"48545","88670915","78894556"
"48546","88671633","86683075"
"48547","88674481","71484822"
"48548","88676235","64978583"
"48549","88676235","99977316"
"48550","88676235","103080722"
"48551","88676235","88671608"
"48552","88676235","80122341"
"48553","88676235","92257818"
"48554","88676235","64983551"
"48555","88676235","94202077"
"48556","88676235","69503265"
"48557","88676235","71483196"
"48558","88676235","58141132"
"48559","88676235","96088959"
"48560","88676305","97752877"
"48561","88676310","97746940"
"48562","88676557","103504153"
"48563","92251211","103087858"
"48564","92251929","58142372"
"48565","92254777","103340669"
"48566","92256531","71488116"
"48567","92256531","62958807"
"48568","92256531","61682044"
"48569","92256531","59669605"
"48570","92256531","61687053"
"48571","92256531","69504707"
"48572","92256531","80122512"
"48573","92256531","80125115"
"48574","92256531","71482741"
"48575","92256531","80122344"
"48576","92256531","80123771"
"48577","92256531","71487358"
"48578","92256601","88678068"
"48579","92256606","64980486"
"48580","92256853","103085899"
"48581","92261136","71486692"
"48582","92440644","71487356"
"48583","92440891","58142176"
"48584","92440896","86679508"
"48585","92440966","62960021"
"48586","92440966","104179079"
"48587","92440966","88672365"
"48588","92440966","92442746"
"48589","92440966","92447256"
"48590","92440966","71491081"
"48591","92440966","96092002"
"48592","92440966","88625318"
"48593","92440966","92251332"
"48594","92440966","61681333"
"48595","92440966","61683391"
"48596","92440966","80126088"
"48597","92442720","103084702"
"48598","92445568","92257230"
"48599","92446286","97751626"
"48600","94196643","71482582"
"48601","94197361","61772392"
"48602","94200209","80122800"
"48603","94201963","94198056"
"48604","94201963","61684164"
"48605","94201963","57824029"
"48606","94201963","65984830"
"48607","94201963","57819965"
"48608","94201963","80125941"
"48609","94201963","99978317"
"48610","94201963","80122391"
"48611","94201963","94201497"
"48612","94201963","88620312"
"48613","94201963","78896176"
"48614","94201963","103083502"
"48615","94202033","65804146"
"48616","94202038","78889337"
"48617","94202285","94201982"
"48618","94206567","71487359"
"48619","96092565","59669597"
"48620","96093589","94203790"
"48621","96099303","88670925"
"48622","96099303","69507180"
"48623","97745804","62955212"
"48624","97745804","78895489"
"48625","97751475","78894162"
"48626","97752499","97751607"
"48627","99970994","59217072"
"48628","99970994","86685754"
"48629","99976665","94198825"
"48630","99977689","65802503"
"48631","57819307","92442668"
"48632","57819748","71485957"
"48633","57820466","103493890"
"48634","57821127","88624276"
"48635","57829451","65987077"
"48636","58139592","88624416"
"48637","58140033","61768581"
"48638","58140751","61683996"
"48639","58141412","103502421"
"48640","58151826","103087012"
"48641","96095915","61682073"
"48642","96095917","92441005"
"48643","97749148","69722436"
"48644","97749150","61686938"
"48645","99974338","78891836"
"48646","99974340","61769883"
"48647","103081528","96093291"
"48648","103081529","88675387"
"48649","103081767","59668798"
"48650","103081820","61775227"
"48651","103081872","64914926"
"48652","103084745","103343344"
"48653","103087007","96093371"
"48654","103087009","69503256"
"48655","103087014","69507108"
"48656","103087014","97752837"
"48657","103336598","59213432"
"48658","103336599","78890744"
"48659","103336837","61774932"
"48660","103336890","78891813"
"48661","103336942","69502147"
"48662","103339815","59669463"
"48663","103342077","80123356"
"48664","103342079","62962514"
"48665","103342084","96092225"
"48666","103342084","57829355"
"48667","103491897","67692278"
"48668","103491898","88677520"
"48669","103492136","99976790"
"48670","103492189","67695508"
"48671","103492241","64911856"
"48672","103494824","104176678"
"48673","103494826","97752161"
"48674","103494831","57821280"
"48675","103494831","92251636"
"48676","103503304","64983161"
"48677","104171672","97752923"
"48678","104171673","92440991"
"48679","104171911","99976965"
"48680","104171964","99972207"
"48681","104172016","62955300"
"48682","104174889","94195629"
"48683","104177151","103080075"
"48684","104177153","80122265"
"48685","104177158","88623260"
"48686","104177158","92443782"
"48687","57818614","92253400"
"48688","57818657","97752322"
"48689","57819356","65987412"
"48690","57819405","104174859"
"48691","57819703","65987349"
"48692","57820566","64913209"
"48693","57820666","99973573"
"48694","57820698","65797399"
"48695","57820749","88672937"
"48696","57821206","61772308"
"48697","57821614","86684311"
"48698","57821765","67696761"
"48699","57821806","92250096"
"48700","57822151","97749301"
"48701","57822255","104171358"
"48702","57829443","103087701"
"48703","57829450","103087707"
"48704","58138899","78890683"
"48705","58138942","71485946"
"48706","58139641","97749343"
"48707","58139690","92257247"
"48708","58139988","80129613"
"48709","58140851","104175941"
"48710","58140951","92251216"
"48711","58140983","59657863"
"48712","58141034","94195548"
"48713","58141491","103340677"
"48714","58141899","88676781"
"48715","58142050","94198092"
"48716","58142091","92439367"
"48717","58142436","103340942"
"48718","58142540","104177556"
"48719","58151818","104174838"
"48720","58151825","64912920"
"48721","58272260","103085861"
"48722","58342241","104169986"
"48723","59211593","92252737"
"48724","59211862","61683913"
"48725","59213792","92439254"
"48726","59658843","103501982"
"48727","59659718","58141031"
"48728","59666542","80121377"
"48729","59666545","104177156"
"48730","59668787","96097238"
"48731","59668789","69500427"
"48732","59668794","97745955"
"48733","59669629","61687053"
"48734","59669763","96093734"
"48735","61578843","103336171"
"48736","61579112","97752871"
"48737","61581418","59669598"
"48738","61583141","65798097"
"48739","61684151","92257091"
"48740","61684153","67695342"
"48741","61684158","88677183"
"48742","61684158","103342942"
"48743","61686243","103087810"
"48744","61686244","61579904"
"48745","61687061","78892048"
"48746","61687330","103082550"
"48747","61772046","99972392"
"48748","61772048","86682125"
"48749","61772053","103502412"
"48750","61772053","86684204"
"48751","61774137","88676106"
"48752","61774138","62959871"
"48753","61774953","61774837"
"48754","61775222","104171402"
"48755","62955299","69505662"
"48756","62955573","92250118"
"48757","62957541","71488172"
"48758","62957542","61680680"
"48759","62959363","58141777"
"48760","62959365","96092219"
"48761","62959370","104176137"
"48762","62959370","99977374"
"48763","64910077","88676804"
"48764","64910347","104176099"
"48765","64912348","62957936"
"48766","64912349","94199084"
"48767","64914093","65801656"
"48768","64914095","97748987"
"48769","64914100","103086437"
"48770","64914100","65985326"
"48771","64916585","94197043"
"48772","64977570","94201394"
"48773","64977839","65987705"
"48774","64980097","69504572"
"48775","64981806","80123360"
"48776","65797397","88675665"
"48777","65797667","61579172"
"48778","65799680","71483191"
"48779","65799681","88619192"
"48780","65801531","69502651"
"48781","65801533","64916589"
"48782","65801538","97752423"
"48783","65804066","104172682"
"48784","65982971","64980658"
"48785","65983242","88626691"
"48786","65985250","62955598"
"48787","65985251","71485331"
"48788","65987002","88619580"
"48789","65987004","78894065"
"48790","65987009","59669719"
"48791","67690345","88620292"
"48792","67690613","92257428"
"48793","67692788","92257494"
"48794","67692789","67693382"
"48795","67694646","62954892"
"48796","67694648","65801753"
"48797","67694653","88619721"
"48798","67694653","71485350"
"48799","67697230","104174040"
"48800","69500068","71489290"
"48801","69500367","99974785"
"48802","69502576","96095517"
"48803","69502577","69505428"
"48804","69504450","62963071"
"48805","69504452","65989485"
"48806","69504457","97747201"
"48807","69504457","92256526"
"48808","69507090","99977337"
"48809","71482733","80126052"
"48810","71483032","99977523"
"48811","71485252","92445873"
"48812","71485253","64982953"
"48813","71487132","92443781"
"48814","71487134","88677077"
"48815","71487139","61578858"
"48816","71487139","94203215"
"48817","71489789","92251596"
"48818","78889731","97751589"
"48819","78889732","103085876"
"48820","78890023","62960412"
"48821","78890075","71482725"
"48822","78892950","96091068"
"48823","78895213","65987960"
"48824","78895215","65985253"
"48825","78895220","96098119"
"48826","78895220","99978991"
"48827","80122660","86684205"
"48828","80122660","67692467"
"48829","80122665","104177372"
"48830","80122667","67692793"
"48831","80124930","80126255"
"48832","80127805","67697310"
"48833","80127857","78895480"
"48834","80128148","61774210"
"48835","80128149","80128411"
"48836","86679860","96096859"
"48837","86679861","58142436"
"48838","86680152","96094589"
"48839","86680204","103494139"
"48840","86683078","62960507"
"48841","86685341","88674535"
"48842","86685343","61680602"
"48843","86685348","69506267"
"48844","86685348","57819925"
"48845","88619855","67690152"
"48846","88619855","61682130"
"48847","88619860","78889760"
"48848","88619862","78894210"
"48849","88622125","99977498"
"48850","88624999","97754009"
"48851","88625051","99972456"
"48852","88625342","64915088"
"48853","88625343","67694648"
"48854","88671314","69499943"
"48855","88671315","88675675"
"48856","88671606","71487699"
"48857","88671658","65985327"
"48858","88674532","80127857"
"48859","88676795","99977333"
"48860","88676797","78894658"
"48861","88676802","78890293"
"48862","88676802","64914266"
"48863","92251610","92441525"
"48864","92251611","61774698"
"48865","92251849","86678528"
"48866","92251902","62955279"
"48867","92251954","103492191"
"48868","92254828","94201942"
"48869","92257091","94199390"
"48870","92257093","88672368"
"48871","92257098","92439534"
"48872","92257098","94201481"
"48873","92440399","104178184"
"48874","92440399","78890027"
"48875","92440404","69507170"
"48876","92440406","103504207"
"48877","92442669","99972853"
"48878","92445543","88622181"
"48879","92445595","86683024"
"48880","92445886","69500847"
"48881","92445887","88622764"
"48882","94197042","57822579"
"48883","94197043","69502122"
"48884","94197281","88677885"
"48885","94197334","96093468"
"48886","94197386","88625342"
"48887","94200260","94202088"
"48888","94202523","67694403"
"48889","94202525","88675775"
"48890","94202530","88625726"
"48891","94202530","103335168"
"48892","96091475","103338850"
"48893","96092218","88620274"
"48894","96092219","86680152"
"48895","96092220","96092795"
"48896","96092221","103341456"
"48897","96092222","64980646"
"48898","96092223","59669315"
"48899","96092225","62957144"
"48900","96092226","94199147"
"48901","96092228","99972472"
"48902","96092229","88623440"
"48903","96092232","103088266"
"48904","96092233","61686774"
"48905","96092234","96099147"
"48906","96092235","104170351"
"48907","96092236","78890998"
"48908","96092237","61774209"
"48909","96092238","69505020"
"48910","96092910","88619638"
"48911","96093355","99977872"
"48912","96093355","103083714"
"48913","96093734","61772131"
"48914","96094589","103502418"
"48915","96094636","78891982"
"48916","96094645","88622998"
"48917","96096093","92255929"
"48918","96096093","97750471"
"48919","96096093","104170250"
"48920","96096093","59667491"
"48921","96096093","80126360"
"48922","96096093","71485284"
"48923","96096093","103492190"
"48924","96096093","88620972"
"48925","96096093","103341533"
"48926","96096093","67690198"
"48927","96096093","71488001"
"48928","96096093","94197143"
"48929","96096093","97748975"
"48930","96096093","103341923"
"48931","96096093","92256658"
"48932","96096093","80122393"
"48933","96096093","57820434"
"48934","96096093","103490478"
"48935","96096093","103493322"
"48936","96096093","65982884"
"48937","96096093","71489838"
"48938","96099280","92251297"
"48939","97745827","65983303"
"48940","97745827","97749309"
"48941","97748972","92256500"
"48942","97748972","92440844"
"48943","97748972","104177543"
"48944","97748972","67690353"
"48945","97748972","78888236"
"48946","97748972","80124955"
"48947","97748972","103342306"
"48948","97748972","103080109"
"48949","97748972","88625241"
"48950","97748972","64914148"
"48951","97748972","103087586"
"48952","97748972","61769236"
"48953","97748972","96091607"
"48954","97748972","104172209"
"48955","97748972","61687076"
"48956","97748972","92252580"
"48957","97748972","67693762"
"48958","97748972","57819766"
"48959","97748972","103083844"
"48960","97748972","59658775"
"48961","97750429","58140043"
"48962","97750476","103336286"
"48963","97751330","103086540"
"48964","97751709","104173932"
"48965","97751709","65989564"
"48966","97752154","92440273"
"48967","97752825","94202532"
"48968","97752826","92255963"
"48969","97752827","103339747"
"48970","97752828","103340932"
"48971","97752829","88623243"
"48972","97752830","94201395"
"48973","97752831","65987837"
"48974","97752834","80126067"
"48975","97752835","92257373"
"48976","97752837","96092223"
"48977","97752838","88620979"
"48978","97752840","78894141"
"48979","97752841","71488956"
"48980","97752842","67695559"
"48981","97752843","86679923"
"48982","97752844","94200115"
"48983","97752845","86683932"
"48984","97753586","104176866"
"48985","97753603","62960023"
"48986","99971017","67695022"
"48987","99974162","103336279"
"48988","99974162","88675654"
"48989","99974162","64914890"
"48990","99974162","92447359"
"48991","99974162","103494444"
"48992","99974162","88626803"
"48993","99974162","67697303"
"48994","99974162","92440940"
"48995","99974162","96095707"
"48996","99974162","71487259"
"48997","99974162","88625740"
"48998","99974162","65982979"
"48999","99974162","69505266"
"49000","99974162","88671553"
"49001","99974162","103340946"
"49002","99974162","61772602"
"49003","99974162","65804212"
"49004","99974162","64916655"
"49005","99974162","94197067"
"49006","99974162","59669451"
"49007","99975619","78890436"
"49008","99975666","88623254"
"49009","99976520","64912422"
"49010","99976899","71485782"
"49011","99976899","88619287"
"49012","99977344","67693468"
"49013","99978015","80129593"
"49014","99978016","88623627"
"49015","99978017","86686309"
"49016","99978018","103491659"
"49017","99978019","71489860"
"49018","99978020","103087754"
"49019","99978021","61771497"
"49020","99978024","103490576"
"49021","99978025","103338969"
"49022","99978027","65800343"
"49023","99978028","92257100"
"49024","99978030","97747202"
"49025","99978031","67693317"
"49026","99978032","69504542"
"49027","99978033","67693721"
"49028","99978034","96092193"
"49029","99978035","67693455"
"49030","99978776","78891299"
"49031","99978793","104173575"
"49032","97750420","59669617"
"49033","97750420","71487388"
"49034","99975610","99972055"
"49035","99975610","62961971"
"49036","99975610","97751621"
"49037","103081871","94202666"
"49038","103083347","104176130"
"49039","103085831","71483025"
"49040","103085831","71486835"
"49041","103085831","94202049"
"49042","103085831","92256663"
"49043","103085831","78896173"
"49044","103085831","92445481"
"49045","103085831","58141503"
"49046","103085831","92257224"
"49047","103085831","104171991"
"49048","103085831","61584387"
"49049","103085975","71488184"
"49050","103086474","103340802"
"49051","103086474","103342279"
"49052","103086474","99976912"
"49053","103086559","103082789"
"49054","103086559","88676573"
"49055","103086560","99971028"
"49056","103086560","99978201"
"49057","103086591","71485951"
"49058","103086592","103341052"
"49059","103086592","96098029"
"49060","103336941","62955930"
"49061","103338417","64914430"
"49062","103338417","97753597"
"49063","103340901","71488955"
"49064","103340901","103335792"
"49065","103340901","61680370"
"49066","103340901","67695369"
"49067","103340901","103501964"
"49068","103340901","64915281"
"49069","103340901","103336900"
"49070","103340901","86686381"
"49071","103340901","65802409"
"49072","103340901","103495353"
"49073","103341045","62955566"
"49074","103341544","65799306"
"49075","103341544","64915031"
"49076","103341544","65801914"
"49077","103341629","103082346"
"49078","103341629","71488116"
"49079","103341630","57819758"
"49080","103341630","86686401"
"49081","103341661","58151915"
"49082","103341662","80125941"
"49083","103341662","61684543"
"49084","103492240","65987836"
"49085","103493716","78890088"
"49086","103494462","69505320"
"49087","103494462","61768440"
"49088","103494462","99971017"
"49089","103494547","69725002"
"49090","103494547","94195581"
"49091","103494548","88619060"
"49092","103494548","61684711"
"49093","103494579","71482735"
"49094","103494580","96092614"
"49095","103494580","80127022"
"49096","103502354","65985813"
"49097","103502472","97753544"
"49098","103502472","86684233"
"49099","103502472","69500844"
"49100","103502472","92444107"
"49101","103502472","57818611"
"49102","103502472","88676150"
"49103","103502472","88627073"
"49104","103502472","96092948"
"49105","103502472","88677492"
"49106","103502472","88620889"
"49107","104172015","94201471"
"49108","104173491","96094588"
"49109","104173491","57818404"
"49110","104173491","62957953"
"49111","104175975","80123801"
"49112","104175975","86684572"
"49113","104175975","65804139"
"49114","104175975","92443911"
"49115","104175975","62959843"
"49116","104175975","88619751"
"49117","104175975","99971120"
"49118","104175975","62958548"
"49119","104175975","86685103"
"49120","104175975","88673683"
"49121","104176119","92253907"
"49122","104176618","67690613"
"49123","104176618","88678065"
"49124","104176618","92440891"
"49125","104176703","64910340"
"49126","104176703","61683456"
"49127","104176704","65989567"
"49128","104176704","62959841"
"49129","104176735","61774579"
"49130","104176736","78894097"
"49131","104176736","61774651"
"49132","57819323","69503849"
"49133","57819719","99977666"
"49134","57820029","103341064"
"49135","57820340","99978793"
"49136","57821203","58143179"
"49137","57821203","97745837"
"49138","57821927","80128125"
"49139","58139608","99976905"
"49140","58140004","80126343"
"49141","58140314","86684193"
"49142","58140625","64914881"
"49143","58141488","104176726"
"49144","58141488","64910079"
"49145","58142212","96091054"
"49146","58272259","61586228"
"49147","58342238","96098126"
"49148","58342238","71488215"
"49149","59211861","80123239"
"49150","59215865","65800320"
"49151","59215865","65797401"
"49152","59215866","65982971"
"49153","59216144","103494932"
"49154","59216210","103086374"
"49155","59216210","92442717"
"49156","59216210","57819720"
"49157","59216210","103342941"
"49158","59216210","92252581"
"49159","59216210","58140275"
"49160","59658850","86681721"
"49161","59658850","64914907"
"49162","59658850","88619295"
"49163","59659716","78891959"
"49164","59669169","92440268"
"49165","59669169","99976807"
"49166","59669170","62960451"
"49167","59669203","97752166"
"49168","59669204","61583846"
"49169","59669204","94201367"
"49170","59669449","86686170"
"49171","59669515","103085886"
"49172","59669515","103085993"
"49173","59669515","88620586"
"49174","59669515","65987415"
"49175","59669515","88623269"
"49176","59669515","59216182"
"49177","59669515","58141530"
"49178","59669515","86682933"
"49179","59669515","78894185"
"49180","61578846","88675638"
"49181","61578846","58142468"
"49182","61579111","58140998"
"49183","61583876","61768579"
"49184","61583876","64916688"
"49185","61583877","78894898"
"49186","61584525","65805335"
"49187","61584591","57829431"
"49188","61584591","64914517"
"49189","61584591","104172684"
"49190","61584591","67695021"
"49191","61584591","94200192"
"49192","61584591","80122510"
"49193","61584591","80121397"
"49194","61584591","59217760"
"49195","61584591","88673916"
"49196","61680331","94202661"
"49197","61680397","104176618"
"49198","61680397","86681807"
"49199","61680397","78894900"
"49200","61680397","99977354"
"49201","61680397","59658844"
"49202","61680397","67695436"
"49203","61680397","61769951"
"49204","61680397","104177875"
"49205","61680397","65989496"
"49206","61684533","103081532"
"49207","61684533","88673911"
"49208","61684534","64912818"
"49209","61684534","103081221"
"49210","61684567","103502464"
"49211","61684568","92440460"
"49212","61684568","62955938"
"49213","61684735","65799311"
"49214","61687064","99976805"
"49215","61687064","71487310"
"49216","61687064","67694849"
"49217","61687329","96091926"
"49218","61768235","88674478"
"49219","61768301","99974488"
"49220","61768301","103336661"
"49221","61768301","92260300"
"49222","61768301","71485772"
"49223","61768301","64982447"
"49224","61768301","99974223"
"49225","61768301","96096879"
"49226","61768301","88676202"
"49227","61768301","96091068"
"49228","61772428","78891817"
"49229","61772428","64910080"
"49230","61772429","103494935"
"49231","61772429","103080067"
"49232","61772462","65802856"
"49233","61772463","96092913"
"49234","61772463","92257291"
"49235","61772630","78892920"
"49236","61774956","94198862"
"49237","61774956","92439985"
"49238","61774956","103495589"
"49239","61775221","69504526"
"49240","62955302","103338961"
"49241","62955302","65987425"
"49242","62955302","86684225"
"49243","62955572","78896472"
"49244","62956032","69504438"
"49245","62959869","88619165"
"49246","62959869","96095512"
"49247","62959870","104176666"
"49248","62959870","78894568"
"49249","62959903","59211218"
"49250","62959904","61769170"
"49251","62959904","97752160"
"49252","62960161","97753772"
"49253","62960227","72766459"
"49254","62960227","71488171"
"49255","62960227","67695093"
"49256","62960227","92256367"
"49257","62960227","88673458"
"49258","62960227","94203280"
"49259","62960227","97749515"
"49260","62960227","104177307"
"49261","62960227","80122554"
"49262","62960227","59211211"
"49263","64910080","61769959"
"49264","64910080","61684419"
"49265","64910080","88673894"
"49266","64910346","59669992"
"49267","64910821","96092282"
"49268","64914482","64912806"
"49269","64914482","58141442"
"49270","64914483","86684774"
"49271","64914483","92443514"
"49272","64914516","103336661"
"49273","64914517","65982950"
"49274","64914517","65802387"
"49275","64914784","104171475"
"49276","64914850","69504895"
"49277","64914850","92249888"
"49278","64914850","61775814"
"49279","64914850","96095653"
"49280","64914850","103342940"
"49281","64914850","65984860"
"49282","64914850","92254212"
"49283","64914850","94198822"
"49284","64914850","88676548"
"49285","64914850","58140033"
"49286","64977573","97748182"
"49287","64977573","104177268"
"49288","64977838","88620422"
"49289","64982493","103490425"
"49290","64982493","86685620"
"49291","64982494","62960019"
"49292","64983091","58140475"
"49293","64983157","65987062"
"49294","64983157","64912031"
"49295","64983157","80122681"
"49296","64983157","104176430"
"49297","64983157","88675413"
"49298","64983157","57822968"
"49299","64983157","92442707"
"49300","64983157","103341025"
"49301","64983157","103081470"
"49302","65797400","88677071"
"49303","65797400","80124933"
"49304","65797400","67697330"
"49305","65797666","88620434"
"49306","65798146","103088271"
"49307","65801940","103502439"
"49308","65801940","69506255"
"49309","65801941","103084705"
"49310","65801941","97753772"
"49311","65801974","103336318"
"49312","65801975","88620977"
"49313","65801975","103085872"
"49314","65802242","80124075"
"49315","65802308","78894780"
"49316","65802308","103494824"
"49317","65802308","96097709"
"49318","65802308","57820038"
"49319","65802308","103491503"
"49320","65802308","97749362"
"49321","65802308","96092000"
"49322","65802308","62960366"
"49323","65802308","86689508"
"49324","65802308","65982949"
"49325","65982974","92447250"
"49326","65982974","65987430"
"49327","65982974","78890882"
"49328","65983241","94197281"
"49329","65983720","78891836"
"49330","65987391","103338417"
"49331","65987391","59211409"
"49332","65987392","92258053"
"49333","65987392","88622175"
"49334","65987425","92257077"
"49335","65987426","88623280"
"49336","65987426","97753512"
"49337","65987693","99978036"
"49338","65987759","99974229"
"49339","65987759","88623610"
"49340","65987759","104178023"
"49341","65987759","103337503"
"49342","65987759","59216292"
"49343","65987759","103342797"
"49344","65987759","103494143"
"49345","65987759","92445879"
"49346","65987759","103342217"
"49347","65987759","88623245"
"49348","67690348","58342312"
"49349","67690348","103492471"
"49350","67690348","71482712"
"49351","67690612","69505201"
"49352","67691102","88621266"
"49353","67695055","71484741"
"49354","67695055","103490593"
"49355","67695056","61774579"
"49356","67695056","88623294"
"49357","67695089","103493163"
"49358","67695090","92252154"
"49359","67695090","103335292"
"49360","67695357","59669798"
"49361","67695423","96092613"
"49362","67695423","92445648"
"49363","67695423","65987013"
"49364","67695423","104171365"
"49365","67695423","65982832"
"49366","67695423","64912929"
"49367","67695423","99976901"
"49368","67695423","78888001"
"49369","67695423","92253602"
"49370","67695423","64912900"
"49371","69500071","92440182"
"49372","69500071","97752827"
"49373","69500071","61774818"
"49374","69500366","88669822"
"49375","69500871","97745610"
"49376","69504860","92445340"
"49377","69504860","104172613"
"49378","69504861","96096076"
"49379","69504861","61686916"
"49380","69504894","104176667"
"49381","69504895","103083420"
"49382","69504895","57821855"
"49383","69505163","78890074"
"49384","69505229","103336931"
"49385","69505229","103342088"
"49386","69505229","92441067"
"49387","69505229","69499979"
"49388","69505229","103342203"
"49389","69505229","92445920"
"49390","69505229","61680346"
"49391","69505229","67696438"
"49392","69505229","64977447"
"49393","69505229","88676929"
"49394","71482736","103083779"
"49395","71482736","78894524"
"49396","71482736","99972154"
"49397","71483031","67694489"
"49398","71483544","58139596"
"49399","71487542","69506565"
"49400","71487542","92443283"
"49401","71487543","65802345"
"49402","71487543","99976763"
"49403","71487576","94201834"
"49404","71487577","103086060"
"49405","71487577","80127245"
"49406","71487845","59214185"
"49407","71487911","96091017"
"49408","71487911","92440882"
"49409","71487911","86683044"
"49410","71487911","92439715"
"49411","71487911","103087751"
"49412","71487911","80122464"
"49413","71487911","92446141"
"49414","71487911","94195579"
"49415","71487911","103494961"
"49416","71487911","78892334"
"49417","78890074","69505443"
"49418","78891551","104176026"
"49419","78894037","94199411"
"49420","78894037","65797397"
"49421","78894037","96097488"
"49422","78894037","71488970"
"49423","78894037","94196735"
"49424","78894037","78895605"
"49425","78894037","94198469"
"49426","78894037","80121632"
"49427","78894037","103081869"
"49428","78894037","97749149"
"49429","78894181","88675638"
"49430","78894680","99976782"
"49431","78894680","64914249"
"49432","78894680","80121622"
"49433","78894765","71487911"
"49434","78894765","92255978"
"49435","78894766","64915047"
"49436","78894766","71482584"
"49437","78894797","65988756"
"49438","78894798","97752433"
"49439","78894798","61584685"
"49440","80123082","71484935"
"49441","80123082","69505362"
"49442","80123083","86679884"
"49443","80123114","92256463"
"49444","80123114","103340867"
"49445","80123115","62959822"
"49446","80123115","104176749"
"49447","80123200","64980098"
"49448","80123200","104177542"
"49449","80123200","99976491"
"49450","80123699","58142666"
"49451","80123843","97752499"
"49452","80123843","92255682"
"49453","80123843","103081591"
"49454","80123843","61684695"
"49455","80123843","94202525"
"49456","80123843","78890680"
"49457","80123843","88626669"
"49458","80123843","92441034"
"49459","80123843","103342216"
"49460","80123843","99978704"
"49461","80126329","99977328"
"49462","80127806","104178103"
"49463","86680203","103340917"
"49464","86681680","99977641"
"49465","86684165","67695722"
"49466","86684165","64909955"
"49467","86684165","96096991"
"49468","86684165","67695851"
"49469","86684165","94201378"
"49470","86684165","88619470"
"49471","86684165","94199295"
"49472","86684165","64913216"
"49473","86684165","99978068"
"49474","86684165","71487969"
"49475","86684309","65798038"
"49476","86684808","67695393"
"49477","86684808","57821028"
"49478","86684808","92442719"
"49479","86684893","67694617"
"49480","86684893","88675649"
"49481","86684894","78894070"
"49482","86684894","78896025"
"49483","86684925","103492949"
"49484","86684926","86684864"
"49485","86684926","99974835"
"49486","88620277","80129517"
"49487","88620277","88619105"
"49488","88620278","65987808"
"49489","88620309","103086376"
"49490","88620309","104175975"
"49491","88620310","103342209"
"49492","88620310","69504901"
"49493","88620395","103502461"
"49494","88620395","57821927"
"49495","88620395","99977487"
"49496","88620894","65986847"
"49497","88621038","103087170"
"49498","88621038","99976981"
"49499","88621038","58272259"
"49500","88621038","64914510"
"49501","88621038","58320983"
"49502","88621038","104173662"
"49503","88621038","78894770"
"49504","88621038","96099155"
"49505","88621038","99971641"
"49506","88621038","71487542"
"49507","88623523","67693045"
"49508","88625000","80123300"
"49509","88671657","59216491"
"49510","88673134","80121377"
"49511","88675619","88620887"
"49512","88675619","67693888"
"49513","88675619","103340934"
"49514","88675619","103083290"
"49515","88675619","61680490"
"49516","88675619","62958363"
"49517","88675619","65802351"
"49518","88675619","104176618"
"49519","88675619","69505250"
"49520","88675619","103088069"
"49521","88675763","80123739"
"49522","88676262","80123807"
"49523","88676262","65804137"
"49524","88676262","104178108"
"49525","88676347","92440690"
"49526","88676347","65799353"
"49527","88676348","78889426"
"49528","88676348","78891444"
"49529","88676379","86680423"
"49530","88676380","103087870"
"49531","88676380","65797387"
"49532","92251953","104170366"
"49533","92253430","65801894"
"49534","92255915","88624291"
"49535","92255915","80121879"
"49536","92255915","69503576"
"49537","92255915","92256643"
"49538","92255915","78888405"
"49539","92255915","65801736"
"49540","92255915","97747319"
"49541","92255915","65797376"
"49542","92255915","88671607"
"49543","92255915","103492866"
"49544","92256059","99972930"
"49545","92256558","103341056"
"49546","92256558","103493702"
"49547","92256558","104172021"
"49548","92256643","59658887"
"49549","92256643","104175080"
"49550","92256644","86685621"
"49551","92256644","86686408"
"49552","92256675","67695057"
"49553","92256676","58271970"
"49554","92256676","71487339"
"49555","92440821","71485327"
"49556","92440821","88625643"
"49557","92440822","92439600"
"49558","92440853","78891592"
"49559","92440853","97751614"
"49560","92440854","99976963"
"49561","92440854","88619729"
"49562","92440939","99977200"
"49563","92440939","65987339"
"49564","92440939","88620439"
"49565","92441438","58342323"
"49566","92441582","103502564"
"49567","92441582","69505524"
"49568","92441582","61686807"
"49569","92441582","88673127"
"49570","92441582","59215837"
"49571","92441582","57822939"
"49572","92441582","97745807"
"49573","92441582","88624937"
"49574","92441582","103086722"
"49575","92441582","97753137"
"49576","92444067","67690709"
"49577","92445544","86679866"
"49578","94197385","62960360"
"49579","94198862","78891442"
"49580","94201347","94200075"
"49581","94201347","99970767"
"49582","94201347","67694839"
"49583","94201347","67695068"
"49584","94201347","103087966"
"49585","94201347","96095557"
"49586","94201347","94202829"
"49587","94201347","65988762"
"49588","94201347","62957142"
"49589","94201347","80123105"
"49590","94201491","88671032"
"49591","94201990","64914451"
"49592","94201990","99974524"
"49593","94201990","64977562"
"49594","94202075","78892902"
"49595","94202075","88673895"
"49596","94202076","97753124"
"49597","94202076","65800566"
"49598","94202107","86683023"
"49599","94202108","69505498"
"49600","94202108","64914929"
"49601","96091451","80123811"
"49602","96091453","88673575"
"49603","96091454","94203209"
"49604","96091454","71486583"
"49605","96091456","65803266"
"49606","96091456","57822940"
"49607","96091642","97749033"
"49608","96092915","97751573"
"49609","96093726","61774144"
"49610","96093728","103494387"
"49611","96093730","80123328"
"49612","96094644","80126064"
"49613","96094646","65987252"
"49614","97750419","61680485"
"49615","97750421","86684179"
"49616","97752149","96092905"
"49617","97753605","96095210"
"49618","97753607","64912004"
"49619","99975609","96091630"
"49620","99975611","103493609"
"49621","99977339","92258358"
"49622","99978795","92445886"
"49623","99978795","88619722"
"49624","99978797","86678357"
"49625","99978797","99974488"
"49626","99978798","92253869"
"49627","99978800","88619559"
"49628","103084700","65797257"
"49629","103084700","65802447"
"49630","103084700","92256651"
"49631","103085601","78889338"
"49632","103086512","59671611"
"49633","103087874","97751606"
"49634","103339770","92257278"
"49635","103339770","88676379"
"49636","103339770","71489924"
"49637","103340671","104178016"
"49638","103341582","61768389"
"49639","103342944","80122330"
"49640","103494500","97747663"
"49641","103501689","65987011"
"49642","103502562","78892873"
"49643","103503349","92447384"
"49644","103503349","96099117"
"49645","103503349","80121702"
"49646","104174844","69507093"
"49647","104174844","97746864"
"49648","104174844","88616335"
"49649","104175745","88625152"
"49650","104176656","103342174"
"49651","104178018","103341764"
"49652","57821202","88623090"
"49653","58141487","88676990"
"49654","58342237","62961968"
"49655","59215815","64914820"
"49656","59218214","96094643"
"49657","59669119","58140616"
"49658","59671611","99973757"
"49659","59671611","103342949"
"49660","61586759","86684781"
"49661","61586759","80121644"
"49662","61682596","97751632"
"49663","61682596","104170242"
"49664","61684483","67695553"
"49665","61770494","67693439"
"49666","61770494","94200206"
"49667","61772378","94200237"
"49668","62959819","92441131"
"49669","62962518","103503327"
"49670","62962518","62960307"
"49671","64914432","104173749"
"49672","64917254","94198604"
"49673","64917254","61773842"
"49674","64985326","69504904"
"49675","64985326","67695461"
"49676","65801890","94202799"
"49677","65804742","103343076"
"49678","65804742","64984092"
"49679","65987341","80126049"
"49680","65990164","57821280"
"49681","65990164","92253903"
"49682","67695005","69505418"
"49683","67697916","67695675"
"49684","67697916","86684744"
"49685","69504810","94202664"
"49686","69507778","80129879"
"49687","69507778","59671097"
"49688","71487492","65801904"
"49689","71490479","92443521"
"49690","71490479","88620308"
"49691","71490479","65802096"
"49692","78892905","97751724"
"49693","78892905","103083347"
"49694","78892905","99977458"
"49695","78894718","97747517"
"49696","80123162","62955313"
"49697","80124975","103492909"
"49698","80124975","78894807"
"49699","80124975","88621024"
"49700","86683033","78890025"
"49701","86683033","80122364"
"49702","86683033","80125072"
"49703","86684846","61684353"
"49704","88620357","103341790"
"49705","88622170","104179042"
"49706","88622170","103087857"
"49707","88622170","65797261"
"49708","88674487","103504426"
"49709","88674487","103083576"
"49710","88674487","104173391"
"49711","88675389","80123787"
"49712","88676300","71487705"
"49713","92254783","64984787"
"49714","92254783","65797377"
"49715","92254783","57822183"
"49716","92255685","59669594"
"49717","92256596","103087800"
"49718","92440901","99976526"
"49719","92442714","59669596"
"49720","92442714","103080156"
"49721","92442714","61769942"
"49722","94200215","88673680"
"49723","94200215","88623256"
"49724","94200215","61775834"
"49725","94201117","104174814"
"49726","94202028","103342903"
"49727","96093350","64977570"
"49728","96094668","99977497"
"49729","96094668","64980535"
"49730","96094668","58140302"
"49731","96097809","65801904"
"49732","96098208","61686762"
"49733","97746858","97747514"
"49734","97747257","99977447"
"49735","97750397","61680584"
"49736","97750397","103501985"
"49737","97750397","103494551"
"49738","97751714","92440421"
"49739","99972048","88619159"
"49740","99972447","103341662"
"49741","99975587","64913738"
"49742","99975587","58140163"
"49743","99975587","78895443"
"49744","99976904","92251390"
"49745","103082845","88622127"
"49746","103083346","69507170"
"49747","103083607","62960417"
"49748","103083607","103494519"
"49749","103084561","78890024"
"49750","103085978","67690273"
"49751","103085978","59671129"
"49752","103085978","69500466"
"49753","103085985","99976770"
"49754","103086770","80124986"
"49755","103337915","96092005"
"49756","103338416","65802850"
"49757","103338677","78894066"
"49758","103338677","61769229"
"49759","103339631","69505287"
"49760","103341048","71487225"
"49761","103341048","88626833"
"49762","103341048","62955224"
"49763","103341055","78889756"
"49764","103341840","71488546"
"49765","103493214","103087690"
"49766","103493715","99976811"
"49767","103502076","69500048"
"49768","103502344","62960512"
"49769","103502351","65803277"
"49770","103502351","92445881"
"49771","103502351","69505025"
"49772","103503488","80129475"
"49773","103504442","62961224"
"49774","103504442","65801936"
"49775","104172989","88620496"
"49776","104173490","67691102"
"49777","104173490","99976786"
"49778","104173751","103340958"
"49779","104173751","86684182"
"49780","104174705","78894585"
"49781","104176122","69505263"
"49782","104176122","92444576"
"49783","104176122","104171615"
"49784","104176129","103501244"
"49785","104176914","64914765"
"49786","57820626","61772055"
"49787","57821201","57820340"
"49788","58140911","103336603"
"49789","58141486","94201249"
"49790","58342236","57829448"
"49791","59216147","62960171"
"49792","59216147","71483533"
"49793","59217722","96093447"
"49794","59217738","103086993"
"49795","59669452","80125114"
"49796","59669452","86678342"
"49797","59669452","65802852"
"49798","59671091","99978530"
"49799","59671107","65802396"
"49800","61584528","64985326"
"49801","61584528","103342891"
"49802","61584528","69503592"
"49803","61586218","65799364"
"49804","61586234","104171968"
"49805","61680334","104176004"
"49806","61680334","94202239"
"49807","61680334","67690209"
"49808","61681975","57822703"
"49809","61682052","64911990"
"49810","61682068","64914329"
"49811","61683599","57821218"
"49812","61684720","59669733"
"49813","61768238","59666545"
"49814","61768238","64912035"
"49815","61768238","58141899"
"49816","61769873","97745930"
"49817","61769950","96095845"
"49818","61769966","99977340"
"49819","61771496","86683019"
"49820","61772615","86679492"
"49821","62956017","59669791"
"49822","62958697","103087012"
"49823","62960164","65982972"
"49824","62960164","92257954"
"49825","62960164","92256484"
"49826","62961881","80127935"
"49827","62961969","88673134"
"49828","62961985","92253976"
"49829","64910806","99973436"
"49830","64913543","97753597"
"49831","64914787","103080071"
"49832","64914787","96093449"
"49833","64914787","78895940"
"49834","64916573","104172234"
"49835","64916663","65797756"
"49836","64916679","80123829"
"49837","64983094","103503358"
"49838","64983094","104174844"
"49839","64983094","71482711"
"49840","64984786","96092879"
"49841","64984802","59671095"
"49842","65798131","97752164"
"49843","65800981","69506622"
"49844","65802245","71487991"
"49845","65802245","61585517"
"49846","65802245","104175963"
"49847","65802850","67693703"
"49848","65804054","103341506"
"49849","65804145","94197992"
"49850","65804161","58342263"
"49851","65983705","97752826"
"49852","65987696","58142050"
"49853","65987696","71489817"
"49854","65987696","61768595"
"49855","65989483","59661018"
"49856","65989573","59669005"
"49857","65989589","88623265"
"49858","67691087","61687384"
"49859","67694096","78888397"
"49860","67695360","92441510"
"49861","67695360","88676138"
"49862","67695360","103341544"
"49863","67695993","64915840"
"49864","67697218","88672633"
"49865","67697309","57829451"
"49866","67697325","78888217"
"49867","69500856","103504378"
"49868","69503900","86682153"
"49869","69505166","71485005"
"49870","69505166","62959435"
"49871","69505166","94201396"
"49872","69505814","99978027"
"49873","69507078","88675635"
"49874","69507078","88672328"
"49875","69507169","64982495"
"49876","69507185","103085885"
"49877","71483528","99972095"
"49878","71486582","97745839"
"49879","71487848","57821805"
"49880","71487848","62955176"
"49881","71487848","88678246"
"49882","71488502","59658245"
"49883","71489777","99978319"
"49884","71489777","71482338"
"49885","71489868","103086447"
"49886","71489884","104176011"
"49887","78891049","65797399"
"49888","78891550","64912917"
"49889","78891811","104171300"
"49890","78891811","65986888"
"49891","78892766","65797660"
"49892","78894184","80122662"
"49893","78894184","97752300"
"49894","78894184","64915103"
"49895","78894191","80124073"
"49896","78894976","86685476"
"49897","80122904","92443896"
"49898","80123689","94198055"
"49899","80123696","78890549"
"49900","80123696","88671004"
"49901","80123696","64916158"
"49902","80125114","88620336"
"49903","80126069","92440693"
"49904","80126069","92446109"
"49905","80126330","88674500"
"49906","80126831","97748180"
"49907","86681178","103493711"
"49908","86681679","103504442"
"49909","86681940","88675393"
"49910","86681940","92257767"
"49911","86682894","103343526"
"49912","86684312","78894070"
"49913","86684312","103335277"
"49914","86684312","78895205"
"49915","86684319","88672424"
"49916","86685104","103339781"
"49917","88620099","58141172"
"49918","88620884","62957991"
"49919","88620891","97751611"
"49920","88620891","86681680"
"49921","88620891","61774816"
"49922","88622309","104177426"
"49923","88623263","88676386"
"49924","88623263","96092172"
"49925","88623524","69502792"
"49926","88624025","71486525"
"49927","88672632","69504546"
"49928","88673133","88619659"
"49929","88673394","78892891"
"49930","88673394","92444171"
"49931","88674348","61578835"
"49932","88675766","99973556"
"49933","88675766","64914794"
"49934","88675766","64916130"
"49935","88675773","97747000"
"49936","88676558","103083310"
"49937","92252928","103085894"
"49938","92253429","99972151"
"49939","92253690","103494059"
"49940","92253690","92256794"
"49941","92254644","61586233"
"49942","92256062","99975666"
"49943","92256062","61772381"
"49944","92256062","103081224"
"49945","92256069","86682438"
"49946","92256854","69722495"
"49947","92440643","97751527"
"49948","92441428","99977685"
"49949","92441435","99979683"
"49950","92441435","103494661"
"49951","92441435","92440003"
"49952","92442853","94201865"
"49953","92443807","103495419"
"49954","92443807","97752842"
"49955","92444068","94198611"
"49956","92444569","86684309"
"49957","94198360","86682441"
"49958","94198861","57819253"
"49959","94199122","97745930"
"49960","94199122","71487226"
"49961","94200076","88674363"
"49962","94201494","94201338"
"49963","94201494","92443518"
"49964","94201494","67690335"
"49965","94201501","97746867"
"49966","94202286","96095767"
"49967","96093357","99970964"
"49968","96093357","57821164"
"49969","96093357","92256689"
"49970","96094650","88674494"
"49971","97750415","103086599"
"49972","97751707","103343365"
"49973","97751707","104177833"
"49974","97751707","88624525"
"49975","99975605","61684151"
"49976","99976897","58142539"
"49977","99976897","88621010"
"49978","99976897","88620876"
"49979","103086520","99978041"
"49980","103086521","61578808"
"49981","103086521","62958046"
"49982","103086527","62957546"
"49983","103341590","94201393"
"49984","103341591","78894624"
"49985","103341591","104171629"
"49986","103341597","88620147"
"49987","103494508","99974766"
"49988","103494509","88620520"
"49989","103494509","97754300"
"49990","103494515","59665097"
"49991","104176664","88625656"
"49992","104176665","78894076"
"49993","104176665","65802101"
"49994","104176671","92441523"
"49995","57818600","61686811"
"49996","57822047","92441565"
"49997","58138885","92447401"
"49998","58142332","94201578"
"49999","58336199","71485325"
"50000","58336199","94202075"
"50001","59215816","104172938"
"50002","59215826","96096991"
"50003","59215827","64912355"
"50004","59215827","88623301"
"50005","59668633","78891159"
"50006","59669120","78894801"
"50007","59669130","61773664"
"50008","59669131","103084705"
"50009","59669131","86685438"
"50010","61583827","88624292"
"50011","61583837","104177848"
"50012","61583838","61586759"
"50013","61583838","94197991"
"50014","61684484","67695993"
"50015","61684494","57818811"
"50016","61684495","80122261"
"50017","61684495","62957618"
"50018","61772379","103494517"
"50019","61772389","92436854"
"50020","61772390","88625653"
"50021","61772390","104175751"
"50022","62959820","97749854"
"50023","62959830","97752724"
"50024","62959831","78892805"
"50025","62959831","103086442"
"50026","64914433","64981249"
"50027","64914443","88624986"
"50028","64914444","94196648"
"50029","64914444","58342240"
"50030","64982444","78894571"
"50031","64982454","59669135"
"50032","64982455","104170206"
"50033","64982455","99977329"
"50034","65801891","58139607"
"50035","65801901","92254188"
"50036","65801902","92439144"
"50037","65801902","61772614"
"50038","65987342","103492216"
"50039","65987352","61774527"
"50040","65987353","80124986"
"50041","65987353","92252513"
"50042","67695006","69505357"
"50043","67695016","65983242"
"50044","67695017","59217721"
"50045","67695017","65797373"
"50046","69504811","59669757"
"50047","69504821","57819719"
"50048","69504822","86685562"
"50049","69504822","78888212"
"50050","71487493","80122984"
"50051","71487503","94197144"
"50052","71487504","96092236"
"50053","71487504","94201953"
"50054","78894726","59665138"
"50055","78894727","80121910"
"50056","78894727","62960021"
"50057","78894733","71487578"
"50058","80123147","88625024"
"50059","80123153","92441436"
"50060","80123153","80122531"
"50061","80123154","61681977"
"50062","86684854","103494958"
"50063","86684855","99979575"
"50064","86684855","88623580"
"50065","86684861","65802850"
"50066","88620342","96092190"
"50067","88620348","64910536"
"50068","88620348","78890028"
"50069","88620349","64914279"
"50070","88676308","92255882"
"50071","88676309","92255944"
"50072","88676309","78888362"
"50073","88676315","65804147"
"50074","92256604","57829383"
"50075","92256605","92438963"
"50076","92256605","80128406"
"50077","92256611","78888001"
"50078","92440886","103334950"
"50079","92440892","61686761"
"50080","92440892","97746665"
"50081","92440893","62958107"
"50082","94202036","94200117"
"50083","94202037","88620994"
"50084","94202037","71484795"
"50085","94202043","67695405"
"50086","103080107","103503449"
"50087","103081136","57820908"
"50088","103081722","86681222"
"50089","103081759","99972547"
"50090","103081791","78894024"
"50091","103081817","61684481"
"50092","103081831","92439368"
"50093","103082045","92444859"
"50094","103082045","69502261"
"50095","103082045","59658600"
"50096","103082045","69503375"
"50097","103082058","65985424"
"50098","103082098","80128411"
"50099","103082231","103085950"
"50100","103082233","88627034"
"50101","103082519","58139819"
"50102","103082519","67696439"
"50103","103082889","65803331"
"50104","103082889","104177288"
"50105","103082893","57822984"
"50106","103083087","92439985"
"50107","103083087","62959895"
"50108","103083299","62958198"
"50109","103083299","64914339"
"50110","103083322","103494694"
"50111","103083409","64914948"
"50112","103083411","88673394"
"50113","103083434","64911924"
"50114","103083436","88621047"
"50115","103083443","96097708"
"50116","103083443","71489893"
"50117","103083604","80125832"
"50118","103083606","99976890"
"50119","103084575","71489812"
"50120","103084577","103493214"
"50121","103084669","78895369"
"50122","103084669","64913238"
"50123","103084669","86682175"
"50124","103084669","80124975"
"50125","103084669","78892807"
"50126","103084669","92441552"
"50127","103084671","59671612"
"50128","103084672","103494521"
"50129","103084672","78888228"
"50130","103084672","92444518"
"50131","103084672","78891695"
"50132","103084672","58144162"
"50133","103084673","86685174"
"50134","103084679","78890658"
"50135","103084685","80124975"
"50136","103084699","94195546"
"50137","103084699","65988749"
"50138","103084699","92444938"
"50139","103084729","58141082"
"50140","103084729","86686381"
"50141","103084729","92445867"
"50142","103084729","80123697"
"50143","103084732","69500372"
"50144","103084747","88677832"
"50145","103085736","103502434"
"50146","103085739","103492909"
"50147","103085740","78888223"
"50148","103085741","61584561"
"50149","103085742","86682936"
"50150","103085743","97751722"
"50151","103085744","57820732"
"50152","103085751","59216308"
"50153","103085752","67695551"
"50154","103085754","94199146"
"50155","103085755","59658571"
"50156","103085757","80128460"
"50157","103085758","62959648"
"50158","103085760","62957714"
"50159","103085761","104172017"
"50160","103085763","71486188"
"50161","103085764","96098065"
"50162","103085769","78894900"
"50163","103085769","88676995"
"50164","103085824","65986445"
"50165","103086085","59666808"
"50166","103086272","94203478"
"50167","103086272","96091349"
"50168","103086273","97749353"
"50169","103086273","59671043"
"50170","103086274","80123160"
"50171","103086274","104171958"
"50172","103086287","59670639"
"50173","103086287","103083322"
"50174","103086311","62957614"
"50175","103086342","78894628"
"50176","103086342","71486085"
"50177","103086465","80123070"
"50178","103086467","57819703"
"50179","103086511","103503334"
"50180","103086513","71483232"
"50181","103086513","62959907"
"50182","103086516","104177839"
"50183","103086519","88671000"
"50184","103086519","80126382"
"50185","103086581","65800456"
"50186","103086589","97752959"
"50187","103086589","61773796"
"50188","103086590","99972142"
"50189","103086745","103080126"
"50190","103086772","88620507"
"50191","103086773","61682596"
"50192","103086876","96091284"
"50193","103086996","58142304"
"50194","103087002","67694494"
"50195","103087008","94199108"
"50196","103087008","103342205"
"50197","103087011","71488114"
"50198","103087093","104171735"
"50199","103087200","86682458"
"50200","103087269","64916670"
"50201","103087275","80129879"
"50202","103087276","67690710"
"50203","103087278","58142885"
"50204","103087279","103494446"
"50205","103087287","103340867"
"50206","103087290","59657922"
"50207","103087291","86679864"
"50208","103087293","104176581"
"50209","103087299","103502562"
"50210","103087308","64914936"
"50211","103087397","71486990"
"50212","103087410","86685734"
"50213","103087420","88672742"
"50214","103087693","80121879"
"50215","103087694","65985658"
"50216","103087728","67690798"
"50217","103087730","92439451"
"50218","103087822","65803341"
"50219","103335177","67692290"
"50220","103336206","62957995"
"50221","103336792","86686032"
"50222","103336829","103343025"
"50223","103336861","96094634"
"50224","103336887","97745936"
"50225","103336901","103086522"
"50226","103337115","71489777"
"50227","103337115","97753362"
"50228","103337115","104173383"
"50229","103337115","103502077"
"50230","103337128","88676670"
"50231","103337168","59669118"
"50232","103337301","65803323"
"50233","103337303","103342482"
"50234","103337589","103502442"
"50235","103337589","71488548"
"50236","103337959","88625742"
"50237","103337959","69504689"
"50238","103337963","96097801"
"50239","103338157","99971150"
"50240","103338157","67696752"
"50241","103338369","64914981"
"50242","103338369","88623241"
"50243","103338392","103081131"
"50244","103338479","92250278"
"50245","103338481","61583831"
"50246","103338504","71483198"
"50247","103338506","92254658"
"50248","103338513","65801827"
"50249","103338513","103341674"
"50250","103338674","94198053"
"50251","103338676","57829444"
"50252","103339645","88620175"
"50253","103339647","92441521"
"50254","103339739","64916664"
"50255","103339739","88623199"
"50256","103339739","103339745"
"50257","103339739","62960307"
"50258","103339739","92442728"
"50259","103339739","94202526"
"50260","103339741","69499963"
"50261","103339742","88677200"
"50262","103339742","104177345"
"50263","103339742","62959820"
"50264","103339742","71487847"
"50265","103339742","103341793"
"50266","103339743","64912354"
"50267","103339749","97753403"
"50268","103339753","86681625"
"50269","103339755","65990158"
"50270","103339769","92440401"
"50271","103339769","64914485"
"50272","103339769","97752514"
"50273","103339769","88620998"
"50274","103339799","67692357"
"50275","103339799","92257091"
"50276","103339799","88678068"
"50277","103339799","69504451"
"50278","103339802","99974077"
"50279","103339817","65799257"
"50280","103340806","61768239"
"50281","103340809","96093347"
"50282","103340810","94202539"
"50283","103340811","88671376"
"50284","103340812","96092925"
"50285","103340813","78891498"
"50286","103340814","103339818"
"50287","103340821","103085831"
"50288","103340822","64910079"
"50289","103340824","62959817"
"50290","103340825","99975587"
"50291","103340827","65801683"
"50292","103340828","103501970"
"50293","103340830","71487494"
"50294","103340831","88620999"
"50295","103340833","65802587"
"50296","103340834","80128462"
"50297","103340839","96095916"
"50298","103340839","92251256"
"50299","103340894","65987973"
"50300","103341155","61772385"
"50301","103341342","61772376"
"50302","103341342","103491669"
"50303","103341343","71484932"
"50304","103341343","92440992"
"50305","103341344","92257887"
"50306","103341344","65987414"
"50307","103341357","58140279"
"50308","103341357","86679904"
"50309","103341381","69507193"
"50310","103341381","64915032"
"50311","103341412","61769246"
"50312","103341412","69503146"
"50313","103341535","86681576"
"50314","103341537","96095524"
"50315","103341581","62960174"
"50316","103341583","86684789"
"50317","103341583","71486277"
"50318","103341586","96095767"
"50319","103341589","103083723"
"50320","103341589","64914458"
"50321","103341651","88674480"
"50322","103341659","69505021"
"50323","103341659","86684893"
"50324","103341660","96093497"
"50325","103341815","103491550"
"50326","103341842","103081590"
"50327","103341843","57822614"
"50328","103341946","88676244"
"50329","103342066","64915122"
"50330","103342072","65983694"
"50331","103342078","67690338"
"50332","103342078","86682004"
"50333","103342081","96091283"
"50334","103342163","94200220"
"50335","103342270","65800457"
"50336","103342339","99973498"
"50337","103342345","97745936"
"50338","103342346","94201408"
"50339","103342348","103087705"
"50340","103342349","92443289"
"50341","103342357","78894069"
"50342","103342360","96093485"
"50343","103342361","86682224"
"50344","103342363","69504453"
"50345","103342369","96092817"
"50346","103342378","103085851"
"50347","103342467","61772398"
"50348","103342480","86684285"
"50349","103342490","104176662"
"50350","103342763","92255978"
"50351","103342764","86689091"
"50352","103342798","88623576"
"50353","103342800","104176024"
"50354","103342892","92440885"
"50355","103490476","103339760"
"50356","103491505","67694619"
"50357","103492091","71490475"
"50358","103492128","61768509"
"50359","103492160","64909988"
"50360","103492186","99977374"
"50361","103492200","58141412"
"50362","103492414","80124988"
"50363","103492414","78891722"
"50364","103492414","103501852"
"50365","103492427","103495798"
"50366","103492467","80122414"
"50367","103492600","99976873"
"50368","103492602","58342280"
"50369","103492888","61768494"
"50370","103492888","67695217"
"50371","103493258","69500060"
"50372","103493258","92250095"
"50373","103493262","61687063"
"50374","103493456","67693705"
"50375","103493668","92257496"
"50376","103493668","92251307"
"50377","103493691","97751716"
"50378","103493778","61579112"
"50379","103493780","92444525"
"50380","103493803","65987549"
"50381","103493805","88673664"
"50382","103493812","104171911"
"50383","103493812","71487547"
"50384","103494045","78890268"
"50385","103494048","92446270"
"50386","103494049","103494122"
"50387","103494050","103494549"
"50388","103494051","88618794"
"50389","103494052","86684743"
"50390","103494053","61769952"
"50391","103494060","88670005"
"50392","103494061","96092107"
"50393","103494063","103336642"
"50394","103494064","69505424"
"50395","103494066","103342759"
"50396","103494067","104172598"
"50397","103494069","69500426"
"50398","103494070","96092234"
"50399","103494072","71487932"
"50400","103494073","103337583"
"50401","103494078","88623282"
"50402","103494078","94201890"
"50403","103494122","80123322"
"50404","103494342","65801611"
"50405","103494342","97752603"
"50406","103494343","96092609"
"50407","103494343","65800456"
"50408","103494344","71487257"
"50409","103494344","58142257"
"50410","103494499","88619050"
"50411","103494501","71482624"
"50412","103494501","88673409"
"50413","103494504","92250244"
"50414","103494507","104174886"
"50415","103494507","104178951"
"50416","103494569","103343027"
"50417","103494577","71487845"
"50418","103494577","67690347"
"50419","103494578","80122529"
"50420","103494710","58140249"
"50421","103494813","61774555"
"50422","103494819","103342469"
"50423","103494825","61775211"
"50424","103494825","103085859"
"50425","103494828","103341953"
"50426","103494906","61585746"
"50427","103495054","61680311"
"50428","103495064","86680123"
"50429","103495350","67695626"
"50430","103495352","61579803"
"50431","103495364","61585533"
"50432","103501813","86684194"
"50433","103501814","62958111"
"50434","103501831","104171792"
"50435","103501865","64980634"
"50436","103501874","97748618"
"50437","103501880","59218215"
"50438","103501882","59215822"
"50439","103501883","80124999"
"50440","103501886","88623571"
"50441","103501894","67695478"
"50442","103501895","65988035"
"50443","103501897","71487704"
"50444","103501898","88620035"
"50445","103501904","96093019"
"50446","103501973","69502655"
"50447","103502073","80123200"
"50448","103502074","57819002"
"50449","103502078","57819786"
"50450","103502167","92256617"
"50451","103502169","65989585"
"50452","103502184","94200220"
"50453","103502184","92445863"
"50454","103502215","99977872"
"50455","103502239","103082549"
"50456","103502239","67695409"
"50457","103503302","57820454"
"50458","103503317","80123155"
"50459","103503320","65987962"
"50460","103503320","86684707"
"50461","103503320","96099225"
"50462","103503320","92255986"
"50463","103503350","67695018"
"50464","103503350","61581009"
"50465","103503350","92256036"
"50466","103503364","103081135"
"50467","103503370","92441064"
"50468","103503376","61768217"
"50469","103503377","103341517"
"50470","103503377","96093461"
"50471","103503377","88620912"
"50472","103503377","103502208"
"50473","103503377","65801656"
"50474","103503378","99978338"
"50475","103503380","61771747"
"50476","103503380","86685344"
"50477","103503380","88620104"
"50478","103503380","57820887"
"50479","103503380","88620977"
"50480","103503380","67697221"
"50481","103503472","103082577"
"50482","103503474","97752137"
"50483","103504443","96098118"
"50484","103504445","57820098"
"50485","104170251","86682464"
"50486","104171280","96092482"
"50487","104171866","59669006"
"50488","104171903","64980170"
"50489","104171935","69505525"
"50490","104171961","94201115"
"50491","104171975","59668635"
"50492","104172189","59669131"
"50493","104172189","71487988"
"50494","104172189","61686938"
"50495","104172189","88671658"
"50496","104172202","103084668"
"50497","104172242","67695553"
"50498","104172375","104174859"
"50499","104172377","71489724"
"50500","104172663","65989041"
"50501","104172663","80126329"
"50502","104173033","58142690"
"50503","104173033","61772386"
"50504","104173037","88620414"
"50505","104173231","71483550"
"50506","104173231","103086892"
"50507","104173443","78893134"
"50508","104173443","92255934"
"50509","104173466","104176125"
"50510","104173553","97751593"
"50511","104173555","65988044"
"50512","104173578","99976790"
"50513","104173580","58142129"
"50514","104173587","88620874"
"50515","104173587","71487851"
"50516","104173748","86685343"
"50517","104173750","97751709"
"50518","104174719","88619568"
"50519","104174721","97754184"
"50520","104174813","103492376"
"50521","104174813","99974213"
"50522","104174813","99971026"
"50523","104174813","71482621"
"50524","104174813","88677552"
"50525","104174813","103084688"
"50526","104174815","99976807"
"50527","104174816","65988054"
"50528","104174816","65987957"
"50529","104174816","69505833"
"50530","104174816","86680113"
"50531","104174816","97752441"
"50532","104174817","92256401"
"50533","104174819","92256059"
"50534","104174820","94202787"
"50535","104174823","64984103"
"50536","104174827","65800183"
"50537","104174827","64980497"
"50538","104174829","103084709"
"50539","104174843","58336222"
"50540","104174843","80126589"
"50541","104174843","62959365"
"50542","104174843","67690249"
"50543","104174843","80122667"
"50544","104174873","61686686"
"50545","104174873","88670917"
"50546","104174873","96097808"
"50547","104174873","65798146"
"50548","104174876","65985838"
"50549","104174891","94199200"
"50550","104175880","103341664"
"50551","104175883","96099154"
"50552","104175884","61579101"
"50553","104175885","92256653"
"50554","104175886","104176008"
"50555","104175887","96089120"
"50556","104175888","88674524"
"50557","104175895","59217747"
"50558","104175896","61774943"
"50559","104175898","80123800"
"50560","104175899","92250115"
"50561","104175901","61686662"
"50562","104175902","96096044"
"50563","104175904","59216299"
"50564","104175905","65797321"
"50565","104175907","69505531"
"50566","104175908","78896079"
"50567","104175913","99971679"
"50568","104175913","88625340"
"50569","104175968","104171765"
"50570","104176229","96092921"
"50571","104176416","94201386"
"50572","104176416","92257037"
"50573","104176417","65802853"
"50574","104176417","67695015"
"50575","104176418","92257107"
"50576","104176418","104177552"
"50577","104176431","104176139"
"50578","104176431","65800647"
"50579","104176455","99978925"
"50580","104176455","62960506"
"50581","104176486","86678512"
"50582","104176486","103085882"
"50583","104176609","65797321"
"50584","104176611","86678398"
"50585","104176655","103086604"
"50586","104176657","96092872"
"50587","104176657","80129512"
"50588","104176660","103087147"
"50589","104176663","88669974"
"50590","104176663","58141573"
"50591","104176725","92254644"
"50592","104176733","94202640"
"50593","104176733","80127116"
"50594","104176734","86679049"
"50595","104176889","104178409"
"50596","104176916","71484811"
"50597","104176917","71482613"
"50598","104177020","103081471"
"50599","104177140","67693004"
"50600","104177146","103341633"
"50601","104177152","62957933"
"50602","104177152","88625241"
"50603","104177155","61769243"
"50604","104177237","61686672"
"50605","104177344","64984096"
"50606","104177413","61585518"
"50607","104177419","64915054"
"50608","104177420","62957983"
"50609","104177422","58141920"
"50610","104177423","88622175"
"50611","104177431","65987393"
"50612","104177434","92254660"
"50613","104177435","57821614"
"50614","104177437","96093275"
"50615","104177443","61581419"
"50616","104177452","69504706"
"50617","104177541","103494513"
"50618","104177554","64914938"
"50619","104177564","103494570"
"50620","104177837","92254783"
"50621","104177838","103082456"
"50622","104177872","88674466"
"50623","104177874","80121838"
"50624","104177966","64977477"
"50625","57818366","65804054"
"50626","57818408","69504729"
"50627","57818446","86678352"
"50628","57818924","69506639"
"50629","57818931","86678342"
"50630","57818931","64983257"
"50631","57819580","65797758"
"50632","57819763","78894647"
"50633","57819765","78895416"
"50634","57819964","65797250"
"50635","57819989","65989485"
"50636","57820091","88676508"
"50637","57820098","62960747"
"50638","57820127","62957544"
"50639","57820152","88619141"
"50640","57820330","94198360"
"50641","57820545","103087218"
"50642","57820684","86682095"
"50643","57820797","69504603"
"50644","57820848","96095953"
"50645","57820889","103501897"
"50646","57820902","88618988"
"50647","57821033","97749573"
"50648","57821056","92442853"
"50649","57821056","61680313"
"50650","57821487","88622199"
"50651","57821490","96095544"
"50652","57821491","80127183"
"50653","57821654","97745839"
"50654","57821749","103087230"
"50655","57821784","67696774"
"50656","57822083","67697136"
"50657","57822084","104175742"
"50658","57822092","103493265"
"50659","57822398","61772290"
"50660","57822700","65987549"
"50661","57822725","104176005"
"50662","57822725","103085749"
"50663","57822725","103343142"
"50664","57822725","99976900"
"50665","57822911","97753032"
"50666","57822913","94201403"
"50667","57822919","96097974"
"50668","57822919","103342232"
"50669","57829316","103342079"
"50670","57829429","78894552"
"50671","57829446","59667578"
"50672","57829446","61684486"
"50673","57829449","92251551"
"50674","58138651","78896083"
"50675","58138693","62959589"
"50676","58138731","65987852"
"50677","58139209","65797401"
"50678","58139216","88620596"
"50679","58139216","80122970"
"50680","58139865","86680844"
"50681","58140048","62955637"
"50682","58140050","71485895"
"50683","58140249","64915127"
"50684","58140274","67692812"
"50685","58140376","103492948"
"50686","58140383","97745774"
"50687","58140412","61585747"
"50688","58140437","103503361"
"50689","58140615","80127223"
"50690","58140830","92257350"
"50691","58140969","92442816"
"50692","58141082","103082496"
"50693","58141133","104176573"
"50694","58141174","78888406"
"50695","58141187","97751714"
"50696","58141318","103340947"
"50697","58141341","92444770"
"50698","58141341","92440290"
"50699","58141772","103342760"
"50700","58141775","65990162"
"50701","58141776","62958097"
"50702","58141939","78895626"
"50703","58142034","62960751"
"50704","58142069","65804089"
"50705","58142368","61682046"
"50706","58142369","78894725"
"50707","58142377","64913941"
"50708","58142683","96091605"
"50709","58142985","88669966"
"50710","58143010","99974654"
"50711","58143010","97749599"
"50712","58143010","96091571"
"50713","58143010","62960508"
"50714","58143196","64914296"
"50715","58143198","103082454"
"50716","58143204","103494547"
"50717","58143204","61583116"
"50718","58151691","103337521"
"50719","58151804","64914642"
"50720","58151821","92440966"
"50721","58151821","62961962"
"50722","58151824","88675626"
"50723","58336191","58138731"
"50724","58336228","64914154"
"50725","58336228","96092633"
"50726","58336232","61768547"
"50727","58336232","64912352"
"50728","58336233","96092887"
"50729","58336233","104176017"
"50730","58336233","69503202"
"50731","58336233","65800324"
"50732","58336234","58139451"
"50733","58336234","99978031"
"50734","59211583","96098121"
"50735","59211833","67690222"
"50736","59212165","71487566"
"50737","59213424","97750305"
"50738","59214164","69507171"
"50739","59214211","67697915"
"50740","59214211","104173963"
"50741","59214619","103087016"
"50742","59215508","57820310"
"50743","59215508","86680912"
"50744","59215705","78892079"
"50745","59215707","104172189"
"50746","59215730","80128543"
"50747","59215732","99975619"
"50748","59215739","92440901"
"50749","59215739","62960431"
"50750","59215814","59216300"
"50751","59215817","71482721"
"50752","59215817","104176018"
"50753","59215820","92439115"
"50754","59215822","65987732"
"50755","59215825","61579173"
"50756","59215825","80127157"
"50757","59215897","88676392"
"50758","59215897","92440135"
"50759","59215898","65804179"
"50760","59216376","58144317"
"50761","59216681","64914445"
"50762","59217291","71488175"
"50763","59217720","88673403"
"50764","59217739","67693296"
"50765","59217748","103084668"
"50766","59217749","86685060"
"50767","59217761","78895602"
"50768","59218213","92256682"
"50769","59658770","88625080"
"50770","59658807","103087209"
"50771","59658809","92443729"
"50772","59658817","65800930"
"50773","59658827","92256464"
"50774","59659649","104173767"
"50775","59659862","99975619"
"50776","59660645","64984726"
"50777","59665182","97746959"
"50778","59665281","92251672"
"50779","59667456","88671379"
"50780","59667503","61684485"
"50781","59667503","65802278"
"50782","59667911","94197298"
"50783","59668696","103494462"
"50784","59668716","69507103"
"50785","59668760","104176206"
"50786","59668788","103501609"
"50787","59668788","62955140"
"50788","59668806","96092187"
"50789","59668832","103342318"
"50790","59669004","104177951"
"50791","59669006","104177905"
"50792","59669029","69505499"
"50793","59669031","88677601"
"50794","59669038","96092218"
"50795","59669038","80126067"
"50796","59669118","99979199"
"50797","59669121","78890137"
"50798","59669121","103084603"
"50799","59669124","96096882"
"50800","59669125","67695423"
"50801","59669126","103494580"
"50802","59669129","80125852"
"50803","59669129","61771489"
"50804","59669191","88624330"
"50805","59669201","88619733"
"50806","59669201","64980614"
"50807","59669202","103495369"
"50808","59669429","65987341"
"50809","59669431","94201979"
"50810","59669453","92256537"
"50811","59669606","59211607"
"50812","59669615","71483091"
"50813","59669616","78887999"
"50814","59669683","86684394"
"50815","59669684","61680335"
"50816","59669687","78889462"
"50817","59669689","103502343"
"50818","59669691","86683001"
"50819","59669717","94199084"
"50820","59669806","65801502"
"50821","59669996","64984315"
"50822","59670636","96095553"
"50823","59671089","104174819"
"50824","59671099","65804745"
"50825","59671108","92445651"
"50826","59671117","59659860"
"50827","59671118","71483530"
"50828","59671130","103339672"
"50829","59671610","78891614"
"50830","59671610","103503174"
"50831","59671610","65988049"
"50832","61578820","99974541"
"50833","61578831","103501609"
"50834","61578832","94200118"
"50835","61578834","65799277"
"50836","61578837","58142091"
"50837","61579083","69505318"
"50838","61579171","99976789"
"50839","61581052","65987230"
"50840","61581803","80122526"
"50841","61581850","65798131"
"50842","61581850","61682086"
"50843","61582258","67695327"
"50844","61583043","67695686"
"50845","61583135","67697218"
"50846","61583135","103502438"
"50847","61583711","71487132"
"50848","61583736","64912924"
"50849","61583738","97749854"
"50850","61583745","61768592"
"50851","61583745","58142278"
"50852","61583825","103086953"
"50853","61583828","80125003"
"50854","61583828","65987706"
"50855","61583833","64913237"
"50856","61583836","104177160"
"50857","61583836","61681329"
"50858","61583908","69502141"
"50859","61583908","65801379"
"50860","61583909","92445874"
"50861","61584759","59217287"
"50862","61584865","103503349"
"50863","61585086","61687069"
"50864","61585755","57819469"
"50865","61586216","92251338"
"50866","61586226","69503374"
"50867","61586235","94201340"
"50868","61586244","62959707"
"50869","61586245","78894083"
"50870","61586257","78891444"
"50871","61586757","88670920"
"50872","61586758","99978711"
"50873","61586758","58144166"
"50874","61586758","104174719"
"50875","61680311","92257100"
"50876","61680335","103083436"
"50877","61680337","104171924"
"50878","61680489","62955140"
"50879","61680498","94198094"
"50880","61680499","92441808"
"50881","61680566","64914854"
"50882","61680567","97747819"
"50883","61680570","92258114"
"50884","61680571","99972146"
"50885","61680572","67697340"
"50886","61680574","92252976"
"50887","61680600","103087755"
"50888","61680689","92440895"
"50889","61680690","99978149"
"50890","61680894","96098118"
"50891","61681569","92250148"
"50892","61681976","59215624"
"50893","61681978","64984797"
"50894","61681989","65802507"
"50895","61681995","64914508"
"50896","61682001","103494427"
"50897","61682050","67695733"
"50898","61682060","67692803"
"50899","61682069","88623774"
"50900","61682078","65799361"
"50901","61682078","103083875"
"50902","61682079","62955149"
"50903","61682088","64914516"
"50904","61682595","62958098"
"50905","61682595","57822937"
"50906","61682595","94201402"
"50907","61683272","62957916"
"50908","61684060","97752154"
"50909","61684080","62961980"
"50910","61684121","86680852"
"50911","61684124","71485290"
"50912","61684152","64910793"
"50913","61684152","61768795"
"50914","61684170","61768383"
"50915","61684196","64915799"
"50916","61684368","67693276"
"50917","61684370","59215544"
"50918","61684393","69506282"
"50919","61684395","104173776"
"50920","61684402","58140982"
"50921","61684402","104178496"
"50922","61684482","59215508"
"50923","61684485","104174269"
"50924","61684485","92254762"
"50925","61684488","99972408"
"50926","61684489","94199309"
"50927","61684490","104177267"
"50928","61684493","94196986"
"50929","61684493","103341502"
"50930","61684555","71487523"
"50931","61684565","61774817"
"50932","61684565","65799304"
"50933","61684566","61686644"
"50934","61684612","57822631"
"50935","61685877","61581957"
"50936","61685917","69502148"
"50937","61686615","104172706"
"50938","61686662","96091066"
"50939","61686662","71487517"
"50940","61686662","71489847"
"50941","61686675","88625051"
"50942","61687038","94197146"
"50943","61687049","61681997"
"50944","61687050","103492241"
"50945","61687052","97752153"
"50946","61687055","65989047"
"50947","61687301","88620356"
"50948","61687389","92255975"
"50949","61768215","61684505"
"50950","61768239","59660620"
"50951","61768241","64910077"
"50952","61768393","97749547"
"50953","61768402","88677065"
"50954","61768403","104175942"
"50955","61768470","65802588"
"50956","61768471","65799358"
"50957","61768474","78894091"
"50958","61768475","80123255"
"50959","61768476","67695214"
"50960","61768478","64914982"
"50961","61768504","99974604"
"50962","61768593","71487827"
"50963","61768594","71485842"
"50964","61768798","99977319"
"50965","61769473","71484919"
"50966","61769874","67695647"
"50967","61769876","65987867"
"50968","61769887","61774956"
"50969","61769899","59668832"
"50970","61769948","67690209"
"50971","61769958","86681947"
"50972","61769967","99976883"
"50973","61769976","103502459"
"50974","61769976","65799758"
"50975","61769977","86684849"
"50976","61769986","69506275"
"50977","61770493","64916158"
"50978","61770493","61772601"
"50979","61770493","80123154"
"50980","61771170","58143198"
"50981","61771955","61774581"
"50982","61771975","59668792"
"50983","61772016","69503116"
"50984","61772019","96092900"
"50985","61772047","65802098"
"50986","61772047","57822092"
"50987","61772065","86684210"
"50988","61772091","65802403"
"50989","61772263","96092238"
"50990","61772265","86684846"
"50991","61772288","103501693"
"50992","61772290","104171792"
"50993","61772297","97753603"
"50994","61772297","103492183"
"50995","61772377","64915053"
"50996","61772380","65804068"
"50997","61772380","88671416"
"50998","61772383","103491591"
"50999","61772384","59214180"
"51000","61772385","103087398"
"51001","61772388","103341586"
"51002","61772388","67696797"
"51003","61772450","58142641"
"51004","61772460","94200075"
"51005","61772460","104177409"
"51006","61772461","92251652"
"51007","61772507","71486689"
"51008","61773771","86684320"
"51009","61773811","92256066"
"51010","61774508","69503948"
"51011","61774555","92257285"
"51012","61774555","61585753"
"51013","61774555","67695442"
"51014","61774568","94202301"
"51015","61774930","104178012"
"51016","61774941","103082435"
"51017","61774942","97753825"
"51018","61774944","65803284"
"51019","61774947","62959817"
"51020","61775193","103338409"
"51021","61775281","64912728"
"51022","62955276","61684390"
"51023","62955287","94197233"
"51024","62955288","67695995"
"51025","62955290","103086993"
"51026","62955293","59665281"
"51027","62955544","61769235"
"51028","62955632","61586228"
"51029","62955909","92447216"
"51030","62957175","99974488"
"51031","62957200","99977823"
"51032","62957202","104176679"
"51033","62957215","86681677"
"51034","62957916","103084602"
"51035","62957963","57821245"
"51036","62957963","57822025"
"51037","62957976","64979736"
"51038","62958371","99976790"
"51039","62959268","104177423"
"51040","62959270","57821748"
"51041","62959272","104176738"
"51042","62959292","65802493"
"51043","62959336","94196773"
"51044","62959364","61583539"
"51045","62959364","103081303"
"51046","62959382","69503552"
"51047","62959416","62956008"
"51048","62959644","80125779"
"51049","62959648","67695075"
"51050","62959705","69502594"
"51051","62959709","67693315"
"51052","62959725","97752846"
"51053","62959725","88676349"
"51054","62959818","103086274"
"51055","62959821","80126052"
"51056","62959821","97750429"
"51057","62959824","64915129"
"51058","62959825","78895483"
"51059","62959826","97752498"
"51060","62959829","92445624"
"51061","62959829","64914430"
"51062","62959891","92251711"
"51063","62959901","61681560"
"51064","62959901","88676230"
"51065","62959902","92440209"
"51066","62960141","99978155"
"51067","62960143","103083755"
"51068","62960165","61768592"
"51069","62960167","71483158"
"51070","62960319","103493860"
"51071","62960328","97752167"
"51072","62960329","104177153"
"51073","62960396","104177978"
"51074","62960397","103503302"
"51075","62960400","80123776"
"51076","62960401","104173101"
"51077","62960402","71484930"
"51078","62960404","103494158"
"51079","62960430","80123795"
"51080","62960435","104176418"
"51081","62960520","103087294"
"51082","62960521","57819747"
"51083","62960751","67695730"
"51084","62961465","65801900"
"51085","62961882","88625000"
"51086","62961884","92257076"
"51087","62961895","88674455"
"51088","62961915","103335178"
"51089","62961967","103084694"
"51090","62961977","64984319"
"51091","62961986","71489870"
"51092","62961995","92254191"
"51093","62961995","97754691"
"51094","62961996","61772248"
"51095","62962005","104176913"
"51096","62962517","92444863"
"51097","62962517","88676877"
"51098","62962517","67694917"
"51099","64910054","64912921"
"51100","64910065","97752825"
"51101","64910066","59211867"
"51102","64910068","61583135"
"51103","64910071","71487367"
"51104","64910318","71489926"
"51105","64910406","92254831"
"51106","64910698","103492601"
"51107","64911952","88674456"
"51108","64911977","103490477"
"51109","64911979","59217687"
"51110","64911992","67697301"
"51111","64912723","65984892"
"51112","64912786","88674471"
"51113","64912786","103491673"
"51114","64912799","78890783"
"51115","64912839","103493464"
"51116","64913217","65797246"
"51117","64913587","58342307"
"51118","64913591","92439538"
"51119","64913998","92441352"
"51120","64914000","59671102"
"51121","64914002","96098198"
"51122","64914010","88622180"
"51123","64914013","104174249"
"51124","64914022","103082452"
"51125","64914066","57822174"
"51126","64914075","67694504"
"51127","64914076","78889446"
"51128","64914077","71488180"
"51129","64914094","78891987"
"51130","64914094","99972719"
"51131","64914097","67694628"
"51132","64914112","92441525"
"51133","64914145","103491452"
"51134","64914317","92440837"
"51135","64914319","88620919"
"51136","64914342","61769464"
"51137","64914344","103085872"
"51138","64914351","59668771"
"51139","64914351","67694629"
"51140","64914431","92251861"
"51141","64914434","64916131"
"51142","64914434","59671101"
"51143","64914437","65802561"
"51144","64914438","71490480"
"51145","64914439","61768399"
"51146","64914442","59211517"
"51147","64914442","88625090"
"51148","64914504","97749151"
"51149","64914514","88619861"
"51150","64914514","61681325"
"51151","64914515","99978318"
"51152","64914764","104172662"
"51153","64914766","88677545"
"51154","64914788","92442721"
"51155","64914790","104178109"
"51156","64914937","69506637"
"51157","64914946","103492246"
"51158","64914947","103342077"
"51159","64915014","62961225"
"51160","64915015","92253862"
"51161","64915018","62960628"
"51162","64915019","59669902"
"51163","64915020","71484958"
"51164","64915022","86685535"
"51165","64915025","69504452"
"51166","64915048","61771495"
"51167","64915049","71487205"
"51168","64915053","96096841"
"51169","64915138","96097867"
"51170","64915139","59658781"
"51171","64915376","71487518"
"51172","64915376","61771439"
"51173","64915376","59668187"
"51174","64915376","103503377"
"51175","64915376","103504480"
"51176","64916132","92258444"
"51177","64916132","80126082"
"51178","64916139","62960131"
"51179","64916574","96092484"
"51180","64916576","94198361"
"51181","64916587","99974711"
"51182","64916608","92252928"
"51183","64916661","99977935"
"51184","64916671","65804178"
"51185","64916680","65988770"
"51186","64916689","86680566"
"51187","64916689","97753521"
"51188","64916690","99975661"
"51189","64916698","64914940"
"51190","64916698","64977558"
"51191","64917253","88670915"
"51192","64917253","61772522"
"51193","64917253","88624228"
"51194","64917255","61583101"
"51195","64977547","96095844"
"51196","64977558","67692796"
"51197","64977559","67695217"
"51198","64977561","78889994"
"51199","64977564","58142806"
"51200","64977810","88675648"
"51201","64977898","103338679"
"51202","64979731","88623631"
"51203","64980468","94199411"
"51204","64980515","96097716"
"51205","64980515","103085994"
"51206","64980923","71483003"
"51207","64981708","64912861"
"51208","64981800","103493051"
"51209","64981800","65797765"
"51210","64982328","78894717"
"51211","64982353","62955224"
"51212","64982355","67696454"
"51213","64982362","64914225"
"51214","64982362","58142034"
"51215","64982442","86681764"
"51216","64982445","96091516"
"51217","64982445","62958205"
"51218","64982450","88620995"
"51219","64982453","64981808"
"51220","64982453","78890723"
"51221","64982525","99972549"
"51222","64982525","61682044"
"51223","64982526","80123833"
"51224","64983325","103085850"
"51225","64983431","88619862"
"51226","64983654","99977930"
"51227","64984323","78889984"
"51228","64984784","96091464"
"51229","64984794","65798108"
"51230","64984803","78891886"
"51231","64984812","99976717"
"51232","64984813","88625715"
"51233","64984825","65802511"
"51234","64985324","88624639"
"51235","64985325","103336344"
"51236","64985325","97752797"
"51237","64985325","65804155"
"51238","65797374","64981799"
"51239","65797385","97753372"
"51240","65797386","103501584"
"51241","65797388","103335178"
"51242","65797391","61768578"
"51243","65797638","103503357"
"51244","65797726","94202636"
"51245","65798019","103338912"
"51246","65799277","80122274"
"51247","65799302","103502564"
"51248","65799304","88621007"
"51249","65799317","103342744"
"51250","65800154","88624798"
"51251","65800217","64982453"
"51252","65800217","67693478"
"51253","65800230","71487135"
"51254","65800270","80124930"
"51255","65800655","86680829"
"51256","65800655","103084729"
"51257","65801025","96097478"
"51258","65801029","62959871"
"51259","65801436","67692366"
"51260","65801438","103494592"
"51261","65801440","78891300"
"51262","65801448","104177353"
"51263","65801463","103501904"
"51264","65801504","103080073"
"51265","65801513","92256605"
"51266","65801514","61685834"
"51267","65801515","65983300"
"51268","65801532","104171682"
"51269","65801532","92252314"
"51270","65801535","88676796"
"51271","65801550","103336851"
"51272","65801603","92254769"
"51273","65801612","97752750"
"51274","65801775","103503355"
"51275","65801777","65804170"
"51276","65801800","103503374"
"51277","65801802","88622979"
"51278","65801809","71485886"
"51279","65801809","61773779"
"51280","65801889","92439679"
"51281","65801892","61681342"
"51282","65801892","104171925"
"51283","65801895","64911972"
"51284","65801896","57819311"
"51285","65801897","97753515"
"51286","65801900","99974342"
"51287","65801900","58141186"
"51288","65801962","96091629"
"51289","65801972","104174821"
"51290","65801972","92251295"
"51291","65801973","65799249"
"51292","65802222","71489332"
"51293","65802224","64977423"
"51294","65802246","78888391"
"51295","65802248","103343525"
"51296","65802397","59217283"
"51297","65802406","103337592"
"51298","65802407","61772464"
"51299","65802474","96093377"
"51300","65802475","97752834"
"51301","65802478","88622270"
"51302","65802479","61684708"
"51303","65802480","97746948"
"51304","65802482","64977810"
"51305","65802485","80126783"
"51306","65802508","61578857"
"51307","65802509","92252602"
"51308","65802513","61687331"
"51309","65802598","97752682"
"51310","65802599","61686945"
"51311","65802853","103492866"
"51312","65802853","59669813"
"51313","65802853","92443978"
"51314","65802853","65800360"
"51315","65802853","103084929"
"51316","65802853","103087140"
"51317","65803611","99975611"
"51318","65803612","78889344"
"51319","65803612","62959892"
"51320","65803613","61768494"
"51321","65803619","61685770"
"51322","65804055","99976882"
"51323","65804057","61768580"
"51324","65804068","92439443"
"51325","65804089","94196659"
"51326","65804143","80122951"
"51327","65804153","80127207"
"51328","65804162","97752267"
"51329","65804171","103341663"
"51330","65804171","69504334"
"51331","65804172","103083812"
"51332","65804180","86681179"
"51333","65804180","58151818"
"51334","65804741","59658824"
"51335","65804741","94197375"
"51336","65804741","58142676"
"51337","65804743","78891550"
"51338","65804743","88623780"
"51339","65982948","78894158"
"51340","65982959","67695556"
"51341","65982960","104171489"
"51342","65982962","58336229"
"51343","65982965","65983707"
"51344","65983213","88621038"
"51345","65983301","64983653"
"51346","65984852","97751691"
"51347","65984877","94196765"
"51348","65984879","99976770"
"51349","65984892","67695649"
"51350","65985627","94201395"
"51351","65985690","92440129"
"51352","65985690","104177027"
"51353","65986123","62958371"
"51354","65986907","86679556"
"51355","65986909","80123243"
"51356","65986911","71489785"
"51357","65986975","58336026"
"51358","65987003","88676261"
"51359","65987003","78891551"
"51360","65987021","94200224"
"51361","65987054","88676892"
"51362","65987226","103494138"
"51363","65987228","64916678"
"51364","65987251","61768247"
"51365","65987253","99974536"
"51366","65987260","103087881"
"51367","65987260","96098193"
"51368","65987340","67695024"
"51369","65987343","78892900"
"51370","65987343","59669608"
"51371","65987346","61769465"
"51372","65987347","99972134"
"51373","65987348","78894581"
"51374","65987351","94195529"
"51375","65987351","61774526"
"51376","65987413","65799360"
"51377","65987423","69505267"
"51378","65987423","61585536"
"51379","65987424","94201965"
"51380","65987846","86685612"
"51381","65987855","97752843"
"51382","65987856","104177965"
"51383","65987923","103085977"
"51384","65987924","92257229"
"51385","65987927","88669799"
"51386","65987928","99978965"
"51387","65987929","86681640"
"51388","65987931","71488546"
"51389","65987957","96091456"
"51390","65988047","92253697"
"51391","65988285","61680677"
"51392","65989049","65987406"
"51393","65989484","80123073"
"51394","65989486","103491841"
"51395","65989497","64979686"
"51396","65989518","86683036"
"51397","65989571","99978797"
"51398","65989581","97751589"
"51399","65989590","80123227"
"51400","65989599","104171696"
"51401","65989599","104178111"
"51402","65989600","80124996"
"51403","65989608","80124938"
"51404","65990163","97749357"
"51405","65990163","103086474"
"51406","65990163","92251706"
"51407","67690322","67695367"
"51408","67690333","64914928"
"51409","67690334","103503335"
"51410","67690336","97746951"
"51411","67690339","86683003"
"51412","67690584","92447386"
"51413","67690672","103341860"
"51414","67690785","65988046"
"51415","67690975","96091935"
"51416","67692384","65802564"
"51417","67692409","62960318"
"51418","67692411","104172219"
"51419","67692424","65800343"
"51420","67693265","59667529"
"51421","67693328","92251330"
"51422","67693328","62959905"
"51423","67693341","65802359"
"51424","67693381","69503233"
"51425","67693770","94196650"
"51426","67693770","103084687"
"51427","67694140","64917254"
"51428","67694144","62955279"
"51429","67694551","88671008"
"51430","67694553","64915064"
"51431","67694555","57818398"
"51432","67694556","104173930"
"51433","67694563","92256146"
"51434","67694569","92444098"
"51435","67694578","59667651"
"51436","67694619","59669204"
"51437","67694628","92251616"
"51438","67694629","94202038"
"51439","67694630","64914351"
"51440","67694647","61774941"
"51441","67694647","58140516"
"51442","67694650","104174851"
"51443","67694665","78889359"
"51444","67694718","97749000"
"51445","67694727","99972219"
"51446","67694727","88677541"
"51447","67694890","58139985"
"51448","67694892","103491498"
"51449","67694915","88622173"
"51450","67694917","61768395"
"51451","67694924","80127445"
"51452","67694924","88623627"
"51453","67695004","88616309"
"51454","67695007","88677187"
"51455","67695007","92442741"
"51456","67695010","86684714"
"51457","67695011","88671831"
"51458","67695012","94198093"
"51459","67695015","103337303"
"51460","67695015","97753484"
"51461","67695077","103335137"
"51462","67695087","65802242"
"51463","67695087","104173771"
"51464","67695088","104173037"
"51465","67695337","58142310"
"51466","67695339","92447256"
"51467","67695361","80123252"
"51468","67695363","103083316"
"51469","67695512","92253393"
"51470","67695521","94200247"
"51471","67695522","92440121"
"51472","67695593","64914734"
"51473","67695594","61584384"
"51474","67695597","92252623"
"51475","67695598","97751620"
"51476","67695599","80125002"
"51477","67695601","86683046"
"51478","67695604","61769899"
"51479","67695635","104177278"
"51480","67695636","86678361"
"51481","67695640","65988046"
"51482","67695733","69507081"
"51483","67695734","64914906"
"51484","67695996","103082541"
"51485","67695996","88673411"
"51486","67695996","61768089"
"51487","67695996","88671647"
"51488","67695996","99976528"
"51489","67695996","103086771"
"51490","67696770","92254680"
"51491","67696771","61768265"
"51492","67696771","96099177"
"51493","67696772","65982975"
"51494","67696778","92254783"
"51495","67697219","62960448"
"51496","67697221","58141939"
"51497","67697232","103080078"
"51498","67697253","97745836"
"51499","67697307","92253577"
"51500","67697317","103083671"
"51501","67697326","64914319"
"51502","67697335","65989606"
"51503","67697335","103492230"
"51504","67697336","80123852"
"51505","67697336","92440878"
"51506","67697344","71490472"
"51507","67697344","103339764"
"51508","67697915","61683098"
"51509","67697915","64910445"
"51510","67697915","104178018"
"51511","67697917","58140437"
"51512","67697917","94201362"
"51513","69500045","65800217"
"51514","69500056","64916139"
"51515","69500057","104178011"
"51516","69500059","96091602"
"51517","69500062","104176121"
"51518","69500338","65989483"
"51519","69500426","59665281"
"51520","69500546","94203224"
"51521","69500744","65802868"
"51522","69502151","61769975"
"51523","69502171","64914644"
"51524","69502196","103341465"
"51525","69502198","104173096"
"51526","69502211","80124946"
"51527","69503053","103087104"
"51528","69503116","92257791"
"51529","69503116","104174849"
"51530","69503129","103342236"
"51531","69503171","59211851"
"51532","69503574","78895477"
"51533","69503574","62961881"
"51534","69503944","71485784"
"51535","69503948","62960199"
"51536","69504142","99974157"
"51537","69504355","62959211"
"51538","69504356","62957947"
"51539","69504357","92255687"
"51540","69504358","71483503"
"51541","69504359","103085885"
"51542","69504360","103086346"
"51543","69504367","92256642"
"51544","69504373","103340921"
"51545","69504382","62954950"
"51546","69504385","96095709"
"51547","69504423","103087273"
"51548","69504432","61684497"
"51549","69504433","92258054"
"51550","69504434","57818408"
"51551","69504451","88620882"
"51552","69504451","103083618"
"51553","69504454","58139822"
"51554","69504469","92441591"
"51555","69504523","97752161"
"51556","69504532","67694916"
"51557","69504532","103336618"
"51558","69504695","80123834"
"51559","69504697","78890781"
"51560","69504720","65984829"
"51561","69504722","92442719"
"51562","69504729","99976821"
"51563","69504729","61770019"
"51564","69504809","103501814"
"51565","69504812","96095764"
"51566","69504812","64914505"
"51567","69504815","61582982"
"51568","69504816","65987693"
"51569","69504817","97752870"
"51570","69504820","57819528"
"51571","69504820","103491922"
"51572","69504882","97753140"
"51573","69504892","92441595"
"51574","69504892","99980353"
"51575","69504893","86685583"
"51576","69505143","65983301"
"51577","69505145","78894181"
"51578","69505167","88618860"
"51579","69505169","61686813"
"51580","69505318","86685026"
"51581","69505327","97747526"
"51582","69505328","61774953"
"51583","69505399","69506659"
"51584","69505400","61768215"
"51585","69505403","64912522"
"51586","69505404","59671103"
"51587","69505405","69502579"
"51588","69505407","65987002"
"51589","69505410","71489883"
"51590","69505441","103342480"
"51591","69505442","99976964"
"51592","69505446","80129593"
"51593","69505539","103085844"
"51594","69505540","86685475"
"51595","69505816","97749524"
"51596","69505816","103083620"
"51597","69505816","78889748"
"51598","69505816","103504444"
"51599","69505816","103493679"
"51600","69505816","103337004"
"51601","69506631","61773812"
"51602","69506632","88673683"
"51603","69506632","103082090"
"51604","69506633","94199108"
"51605","69506639","97749150"
"51606","69507077","92253705"
"51607","69507079","92443659"
"51608","69507081","103341342"
"51609","69507092","64912897"
"51610","69507113","96092296"
"51611","69507167","61774141"
"51612","69507177","92444026"
"51613","69507186","80127896"
"51614","69507195","103501914"
"51615","69507195","88669591"
"51616","69507196","65800673"
"51617","69507196","57822083"
"51618","69507204","103336629"
"51619","69507204","94202523"
"51620","69507777","59671101"
"51621","69507777","59669606"
"51622","69507777","92257227"
"51623","69507779","104174887"
"51624","69507779","96098196"
"51625","71482710","104173490"
"51626","71482721","96098115"
"51627","71482722","64980626"
"51628","71482724","92440982"
"51629","71482727","97752830"
"51630","71483003","61680588"
"51631","71483091","104171273"
"51632","71483211","69507168"
"51633","71483415","92438906"
"51634","71483415","103084692"
"51635","71484824","78895455"
"51636","71484844","64914153"
"51637","71484869","58143405"
"51638","71484871","65989043"
"51639","71484884","88624994"
"51640","71485734","59671045"
"51641","71485797","62956006"
"51642","71485797","71485897"
"51643","71485797","99972404"
"51644","71485810","104176599"
"51645","71485852","64981770"
"51646","71486256","92258365"
"51647","71486256","103082231"
"51648","71486626","78890716"
"51649","71486630","65804151"
"51650","71486824","96095492"
"51651","71487034","64912818"
"51652","71487037","59215478"
"51653","71487038","64985327"
"51654","71487039","78890751"
"51655","71487040","103342273"
"51656","71487041","78888311"
"51657","71487042","99978211"
"51658","71487049","65804054"
"51659","71487050","58142864"
"51660","71487052","94198855"
"51661","71487055","61686921"
"51662","71487058","78891443"
"51663","71487061","103084673"
"51664","71487064","67691087"
"51665","71487067","99971053"
"51666","71487105","58141371"
"51667","71487114","99974749"
"51668","71487115","61687503"
"51669","71487116","99972048"
"51670","71487133","103082503"
"51671","71487133","65802341"
"51672","71487136","103336235"
"51673","71487151","64914786"
"51674","71487205","65801907"
"51675","71487214","104176016"
"51676","71487214","58344081"
"51677","71487377","88620890"
"51678","71487379","88619667"
"51679","71487402","104174841"
"51680","71487404","104173939"
"51681","71487411","65985792"
"51682","71487411","97746980"
"51683","71487491","96096076"
"51684","71487494","78888394"
"51685","71487494","69500859"
"51686","71487497","78894767"
"51687","71487498","64977839"
"51688","71487499","57820330"
"51689","71487502","80122531"
"51690","71487502","65800327"
"51691","71487564","57821298"
"51692","71487574","88622165"
"51693","71487574","65987393"
"51694","71487575","97747528"
"51695","71487825","67695996"
"51696","71487827","67690222"
"51697","71487849","99974187"
"51698","71487851","80126518"
"51699","71488000","69505356"
"51700","71488009","103493322"
"51701","71488010","97747076"
"51702","71488081","94201862"
"51703","71488082","99978052"
"51704","71488085","103338327"
"51705","71488086","61685850"
"51706","71488087","58142090"
"51707","71488089","92250091"
"51708","71488092","59218212"
"51709","71488123","97753011"
"51710","71488124","88623460"
"51711","71488128","65802398"
"51712","71488221","103495459"
"51713","71488222","86685457"
"51714","71488504","61687046"
"51715","71488504","69505371"
"51716","71488504","62961893"
"51717","71488504","103495353"
"51718","71488504","88618410"
"51719","71488504","92440978"
"51720","71489324","61578846"
"51721","71489325","71486976"
"51722","71489325","71482737"
"51723","71489326","88676309"
"51724","71489332","80123295"
"51725","71489776","103343087"
"51726","71489778","62960314"
"51727","71489780","103335309"
"51728","71489791","99975515"
"51729","71489812","69504546"
"51730","71489866","64914281"
"51731","71489876","94201943"
"51732","71489885","80121966"
"51733","71489894","80122470"
"51734","71489894","94201366"
"51735","71489895","64977897"
"51736","71489895","64912869"
"51737","71489903","104175990"
"51738","71489903","67696778"
"51739","71490474","61581981"
"51740","71490478","94198034"
"51741","71490478","92440890"
"51742","71490478","71489860"
"51743","71490480","80124982"
"51744","71490480","104176671"
"51745","78888268","88676316"
"51746","78889925","99977372"
"51747","78889962","103342877"
"51748","78889994","64913544"
"51749","78890020","65803620"
"51750","78890034","103340952"
"51751","78890248","104174275"
"51752","78890248","99976806"
"51753","78890248","71483513"
"51754","78890261","80128536"
"51755","78890301","97745784"
"51756","78890435","57821135"
"51757","78890437","92441547"
"51758","78890723","71487214"
"51759","78890723","86686204"
"51760","78891093","96091464"
"51761","78891097","78894028"
"51762","78891291","64915417"
"51763","78891503","92447224"
"51764","78891503","65987408"
"51765","78891526","96092195"
"51766","78891613","94198109"
"51767","78891615","92440940"
"51768","78891638","96094636"
"51769","78891640","64912762"
"51770","78891647","78896236"
"51771","78891647","92260435"
"51772","78891808","103086436"
"51773","78891810","88677830"
"51774","78892780","67696461"
"51775","78892782","94200197"
"51776","78892874","80128182"
"51777","78892874","103341022"
"51778","78892874","61687708"
"51779","78892874","103491545"
"51780","78892874","104174844"
"51781","78892874","62959865"
"51782","78892876","61687301"
"51783","78892877","99972489"
"51784","78892877","64910057"
"51785","78892878","88619859"
"51786","78892884","103491182"
"51787","78892890","64982467"
"51788","78892904","57822521"
"51789","78892904","99975612"
"51790","78892904","88673222"
"51791","78892934","104172620"
"51792","78892934","61771496"
"51793","78892937","71489843"
"51794","78892952","67690330"
"51795","78893942","103086533"
"51796","78893945","92440892"
"51797","78893946","71487117"
"51798","78893947","65982951"
"51799","78893948","71486190"
"51800","78893949","61772603"
"51801","78893950","80123660"
"51802","78893957","80123792"
"51803","78893958","61586209"
"51804","78893960","58139108"
"51805","78893963","65802299"
"51806","78893964","94197048"
"51807","78893966","88619992"
"51808","78893969","96096380"
"51809","78893972","99977689"
"51810","78893975","97748305"
"51811","78893975","104177554"
"51812","78894030","57819053"
"51813","78894478","64984785"
"51814","78894479","86685635"
"51815","78894480","92440958"
"51816","78894493","97749416"
"51817","78894493","88676622"
"51818","78894517","103082788"
"51819","78894517","96092906"
"51820","78894548","104176417"
"51821","78894548","80129646"
"51822","78894671","92250283"
"51823","78894673","62959845"
"51824","78894717","92441039"
"51825","78894719","78894044"
"51826","78894719","103341467"
"51827","78894722","62959424"
"51828","78894725","92444124"
"51829","78894725","92254776"
"51830","78894787","103492216"
"51831","78894795","92254797"
"51832","78894795","97748972"
"51833","78894796","88675745"
"51834","78894951","69502609"
"51835","78894978","71490473"
"51836","78894979","99978253"
"51837","78895082","103084713"
"51838","78895202","78895059"
"51839","78895208","65804154"
"51840","78895214","92256805"
"51841","78895214","61774579"
"51842","78895217","103341600"
"51843","78895300","71487510"
"51844","78895407","78892881"
"51845","78895476","71485327"
"51846","78895482","59658476"
"51847","78895483","62958741"
"51848","78895485","59667468"
"51849","78895486","96094589"
"51850","78895494","59215706"
"51851","78895497","69500046"
"51852","78895498","94202651"
"51853","78895500","65802514"
"51854","78895506","62959211"
"51855","78895515","103335141"
"51856","78895604","65987362"
"51857","78895617","58140706"
"51858","78895627","88677059"
"51859","78895902","57822919"
"51860","78895903","86681226"
"51861","78895937","80123799"
"51862","78895939","96097782"
"51863","78896031","78894070"
"51864","80121849","59217678"
"51865","80121941","57829561"
"51866","80121943","69504643"
"51867","80121977","88675738"
"51868","80121978","78888317"
"51869","80122253","99978032"
"51870","80122263","99972510"
"51871","80122276","103085894"
"51872","80122365","80123147"
"51873","80122374","99977337"
"51874","80122380","92440272"
"51875","80122382","69504531"
"51876","80122383","61768798"
"51877","80122386","58141319"
"51878","80122394","61585085"
"51879","80122395","69504417"
"51880","80122397","104172005"
"51881","80122398","58138882"
"51882","80122404","65801944"
"51883","80122473","104177263"
"51884","80122580","65797014"
"51885","80122663","61684204"
"51886","80122666","61771696"
"51887","80122666","99972387"
"51888","80122672","104174833"
"51889","80122678","94196725"
"51890","80122798","104177453"
"51891","80122901","99979423"
"51892","80122902","88676060"
"51893","80122929","92252175"
"51894","80123084","103340946"
"51895","80123085","67693763"
"51896","80123085","78895218"
"51897","80123093","99972113"
"51898","80123155","86684215"
"51899","80123155","78889336"
"51900","80123158","86685121"
"51901","80123161","58142847"
"51902","80123161","96095915"
"51903","80123163","62955556"
"51904","80123207","71488206"
"51905","80123209","61686244"
"51906","80123332","88625652"
"51907","80123332","78889983"
"51908","80123363","103342349"
"51909","80123363","61774956"
"51910","80123387","92440579"
"51911","80123387","92255955"
"51912","80123400","88673630"
"51913","80123401","97751599"
"51914","80123402","80127816"
"51915","80123850","97746988"
"51916","80123905","103494500"
"51917","80123905","88626846"
"51918","80123911","103081256"
"51919","80123914","103080231"
"51920","80123916","88677755"
"51921","80123917","104171304"
"51922","80123920","69503948"
"51923","80123922","61684311"
"51924","80123923","80127808"
"51925","80123930","78891514"
"51926","80123931","103494462"
"51927","80123932","104176416"
"51928","80123933","61769233"
"51929","80123934","58141429"
"51930","80123935","103335115"
"51931","80123938","92258404"
"51932","80124928","103336892"
"51933","80124943","104171475"
"51934","80124946","92440562"
"51935","80124946","97748996"
"51936","80124976","64910080"
"51937","80124976","103083617"
"51938","80124976","88678033"
"51939","80124976","65984928"
"51940","80124990","58336021"
"51941","80124992","97751632"
"51942","80124996","65804136"
"51943","80125002","92257355"
"51944","80125003","58336191"
"51945","80125003","104172784"
"51946","80125004","61771163"
"51947","80125006","96091458"
"51948","80125006","103082469"
"51949","80125006","99977344"
"51950","80125006","69503253"
"51951","80125006","94197051"
"51952","80125006","65804155"
"51953","80125098","92440002"
"51954","80125100","103493051"
"51955","80126070","88622141"
"51956","80126072","88621271"
"51957","80126233","80125994"
"51958","80126233","67693720"
"51959","80126240","71488101"
"51960","80126242","92445824"
"51961","80126265","78895370"
"51962","80126267","64978576"
"51963","80126354","80121975"
"51964","80126377","58139835"
"51965","80126377","92446200"
"51966","80126589","80123401"
"51967","80126783","92439366"
"51968","80126787","96093463"
"51969","80127157","61684395"
"51970","80127157","64914440"
"51971","80127443","71488962"
"51972","80127445","57822732"
"51973","80127579","59216453"
"51974","80127619","94201790"
"51975","80127632","64912003"
"51976","80127632","58140250"
"51977","80127632","97749223"
"51978","80127846","86682229"
"51979","80127860","103503336"
"51980","80127886","92252534"
"51981","80127918","88674463"
"51982","80127955","96098110"
"51983","80128541","61583143"
"51984","80129612","103494499"
"51985","86678397","65801515"
"51986","86679468","94199124"
"51987","86680054","61686654"
"51988","86680091","69507199"
"51989","86680123","86684199"
"51990","86680149","65804144"
"51991","86680163","64914881"
"51992","86680377","92444918"
"51993","86680377","78891202"
"51994","86680377","99977480"
"51995","86680377","92255944"
"51996","86680390","61772028"
"51997","86680430","64983651"
"51998","86680564","80127180"
"51999","86680566","78893804"
"52000","86680852","64912761"
"52001","86680852","88670918"
"52002","86681222","59211855"
"52003","86681222","65801757"
"52004","86681226","78891635"
"52005","86681420","80127898"
"52006","86681632","97751569"
"52007","86681632","92439137"
"52008","86681655","59671090"
"52009","86681742","69506659"
"52010","86681744","94202058"
"52011","86681767","57821218"
"52012","86681769","69505284"
"52013","86681776","103337707"
"52014","86681776","57820151"
"52015","86681937","59671128"
"52016","86681939","86684200"
"52017","86682908","103342352"
"52018","86682910","88675668"
"52019","86683002","58139083"
"52020","86683002","92257232"
"52021","86683002","97753038"
"52022","86683002","64914480"
"52023","86683002","94195699"
"52024","86683002","96095541"
"52025","86683004","67693294"
"52026","86683005","61583829"
"52027","86683005","96095557"
"52028","86683005","69507776"
"52029","86683005","65800271"
"52030","86683006","69503892"
"52031","86683006","103080078"
"52032","86683012","78888269"
"52033","86683012","59658427"
"52034","86683013","69502077"
"52035","86683016","88624076"
"52036","86683018","96092753"
"52037","86683032","92445183"
"52038","86683032","97746980"
"52039","86683032","78891811"
"52040","86683032","92444067"
"52041","86683062","80123152"
"52042","86683062","99974329"
"52043","86683065","103339792"
"52044","86683080","104171617"
"52045","86684070","86684210"
"52046","86684073","80126436"
"52047","86684074","103087689"
"52048","86684075","103081159"
"52049","86684076","103490479"
"52050","86684077","59212285"
"52051","86684078","64983259"
"52052","86684085","104176736"
"52053","86684086","86680117"
"52054","86684088","61682063"
"52055","86684091","71489902"
"52056","86684092","92251346"
"52057","86684094","67695477"
"52058","86684097","97747202"
"52059","86684103","57819560"
"52060","86684158","103495381"
"52061","86684606","103337966"
"52062","86684606","80123151"
"52063","86684607","92447214"
"52064","86684608","103502084"
"52065","86684608","61684709"
"52066","86684621","92258153"
"52067","86684621","64909954"
"52068","86684645","61769173"
"52069","86684645","99971144"
"52070","86684676","80127860"
"52071","86684676","67690618"
"52072","86684799","67690810"
"52073","86684801","104177021"
"52074","86684845","86683070"
"52075","86684847","99971029"
"52076","86684847","62961216"
"52077","86684850","88672220"
"52078","86684853","61772466"
"52079","86684853","103338157"
"52080","86684915","103084105"
"52081","86684923","104176610"
"52082","86684923","62959208"
"52083","86684924","57821957"
"52084","86685079","103337500"
"52085","86685106","88619877"
"52086","86685107","67696035"
"52087","86685210","80123276"
"52088","86685330","64978565"
"52089","86685336","97752308"
"52090","86685342","65803285"
"52091","86685342","92447255"
"52092","86685345","103339807"
"52093","86685428","103088268"
"52094","86685535","69505317"
"52095","86685604","99978254"
"52096","86685610","78891875"
"52097","86685611","64915838"
"52098","86685613","62961212"
"52099","86685614","103338482"
"52100","86685622","88676498"
"52101","86685625","103085867"
"52102","86685626","88618594"
"52103","86685628","104176461"
"52104","86685634","88622154"
"52105","86685643","103504442"
"52106","86685732","103086543"
"52107","86685745","92257420"
"52108","86685755","59668481"
"52109","86685755","78890993"
"52110","86686030","86685664"
"52111","86686031","94197985"
"52112","86686065","103342276"
"52113","86686067","88620584"
"52114","86686159","64914343"
"52115","88619044","92257504"
"52116","88619136","78891205"
"52117","88619138","97753551"
"52118","88619172","99974438"
"52119","88619173","80123157"
"52120","88619448","57822025"
"52121","88619458","103085888"
"52122","88619471","71489893"
"52123","88619560","65987004"
"52124","88619569","78890657"
"52125","88619575","86681576"
"52126","88619577","96096029"
"52127","88619578","64984096"
"52128","88619581","67694206"
"52129","88619589","67694870"
"52130","88619590","104176016"
"52131","88619592","88670946"
"52132","88619593","69500058"
"52133","88619599","92255931"
"52134","88619668","92255955"
"52135","88619775","78888270"
"52136","88619858","61685845"
"52137","88619861","62961218"
"52138","88619861","86685656"
"52139","88619867","86683047"
"52140","88619873","103083243"
"52141","88619993","61584683"
"52142","88620096","92254195"
"52143","88620097","104175941"
"52144","88620124","80121319"
"52145","88620279","88622293"
"52146","88620280","71487311"
"52147","88620280","78893135"
"52148","88620288","88673420"
"52149","88620350","62962515"
"52150","88620350","92442701"
"52151","88620353","94199136"
"52152","88620356","65987961"
"52153","88620356","61586758"
"52154","88620358","92440203"
"52155","88620402","92258367"
"52156","88620404","94198831"
"52157","88620527","69503224"
"52158","88620527","80123076"
"52159","88620558","96097556"
"52160","88620558","103085862"
"52161","88620582","61681977"
"52162","88620582","103337135"
"52163","88620595","59669615"
"52164","88620596","104176203"
"52165","88620597","99971029"
"52166","88620597","59669618"
"52167","88621045","78894478"
"52168","88621100","67690205"
"52169","88621106","59668953"
"52170","88621109","61768381"
"52171","88621111","86681942"
"52172","88621112","64913941"
"52173","88621115","94199357"
"52174","88621117","59657995"
"52175","88621118","103493672"
"52176","88621125","86679493"
"52177","88621126","64916665"
"52178","88621127","65987002"
"52179","88621128","88625223"
"52180","88621129","65799681"
"52181","88621130","57822914"
"52182","88621133","92257227"
"52183","88622123","65805322"
"52184","88622138","59669133"
"52185","88622141","103495495"
"52186","88622141","59665182"
"52187","88622171","103087862"
"52188","88622171","88669824"
"52189","88622171","92440004"
"52190","88622171","65982882"
"52191","88622185","58144306"
"52192","88622187","62958089"
"52193","88622190","65803977"
"52194","88622191","97746944"
"52195","88622191","61772447"
"52196","88622197","103502435"
"52197","88622197","59214202"
"52198","88622198","78894054"
"52199","88622198","88622161"
"52200","88622198","92255958"
"52201","88622199","67695405"
"52202","88622201","94198026"
"52203","88622201","59669120"
"52204","88622201","92253429"
"52205","88622201","78889832"
"52206","88622201","88671657"
"52207","88622201","64910727"
"52208","88622293","86679543"
"52209","88622295","71485938"
"52210","88623264","69502656"
"52211","88623266","88622974"
"52212","88623427","103336792"
"52213","88623427","103494218"
"52214","88623434","58140004"
"52215","88623436","92250102"
"52216","88623459","65802345"
"52217","88623461","64914643"
"52218","88623548","67694202"
"52219","88623571","96092042"
"52220","88623571","69506642"
"52221","88623783","67690264"
"52222","88623977","92444876"
"52223","88623981","64915372"
"52224","88623981","88672324"
"52225","88624351","104176664"
"52226","88624351","103087412"
"52227","88624637","71487950"
"52228","88624639","103494737"
"52229","88624773","71484821"
"52230","88624813","69503064"
"52231","88624826","92443572"
"52232","88624826","65988140"
"52233","88624826","80123799"
"52234","88625040","71487504"
"52235","88625054","61773798"
"52236","88625080","99978248"
"52237","88625112","59669026"
"52238","88625149","97748680"
"52239","88626806","86683025"
"52240","88669851","80125075"
"52241","88670922","97752831"
"52242","88671508","61586256"
"52243","88671545","92439709"
"52244","88671577","65805296"
"52245","88671603","58140321"
"52246","88671617","86684204"
"52247","88671831","103336861"
"52248","88671831","92257414"
"52249","88671831","103087259"
"52250","88671844","88675619"
"52251","88671884","96092232"
"52252","88672018","86684856"
"52253","88672020","88671577"
"52254","88672306","104178421"
"52255","88672306","103493262"
"52256","88672676","88618840"
"52257","88672676","65984892"
"52258","88672680","67697318"
"52259","88672874","71484949"
"52260","88673086","88619829"
"52261","88673086","103342859"
"52262","88673109","58342283"
"52263","88673196","103341601"
"52264","88673198","67695018"
"52265","88673221","88676380"
"52266","88673223","61768404"
"52267","88673230","69505418"
"52268","88673230","61581870"
"52269","88673391","103339753"
"52270","88673393","96091581"
"52271","88674362","92255954"
"52272","88674364","103341592"
"52273","88674456","65801025"
"52274","88674456","86686613"
"52275","88674456","62959496"
"52276","88674456","99978673"
"52277","88674456","88677048"
"52278","88674456","65803343"
"52279","88674458","71487956"
"52280","88674459","99977480"
"52281","88674459","65987228"
"52282","88674459","103085871"
"52283","88674460","67690264"
"52284","88674460","78888234"
"52285","88674462","104178023"
"52286","88674463","94196840"
"52287","88674466","103087332"
"52288","88674466","104172598"
"52289","88674467","69500071"
"52290","88674470","78892310"
"52291","88674472","65983213"
"52292","88674486","67694738"
"52293","88674486","99974714"
"52294","88674486","104173554"
"52295","88674486","57818430"
"52296","88674516","71482650"
"52297","88674516","88622161"
"52298","88674516","69505199"
"52299","88674519","58139338"
"52300","88674534","69505261"
"52301","88675524","88676134"
"52302","88675527","103491673"
"52303","88675528","59666808"
"52304","88675529","94198061"
"52305","88675530","62959425"
"52306","88675531","92441615"
"52307","88675532","86681956"
"52308","88675539","80126070"
"52309","88675540","103338961"
"52310","88675542","58139576"
"52311","88675545","78894746"
"52312","88675546","92251943"
"52313","88675548","103335314"
"52314","88675549","99977958"
"52315","88675551","94202735"
"52316","88675557","57819971"
"52317","88675557","71484852"
"52318","88675612","104173555"
"52319","88676060","88677113"
"52320","88676060","88676219"
"52321","88676061","65804144"
"52322","88676061","99973815"
"52323","88676062","65989501"
"52324","88676062","103087279"
"52325","88676075","59668787"
"52326","88676075","88676310"
"52327","88676099","71488963"
"52328","88676099","61768384"
"52329","88676130","92257306"
"52330","88676130","62958061"
"52331","88676253","88671060"
"52332","88676255","71489901"
"52333","88676299","69506275"
"52334","88676301","103341443"
"52335","88676301","96096867"
"52336","88676304","103494514"
"52337","88676307","104176458"
"52338","88676307","92442707"
"52339","88676369","104174815"
"52340","88676377","71482578"
"52341","88676377","103502171"
"52342","88676378","104170382"
"52343","88676533","104170375"
"52344","88676560","96097757"
"52345","88676561","99972388"
"52346","88676664","103502432"
"52347","88676784","58141533"
"52348","88676790","99976796"
"52349","88676796","64914509"
"52350","88676796","99971143"
"52351","88676799","71484852"
"52352","88676882","86686204"
"52353","88676989","92440852"
"52354","88677058","92447256"
"52355","88677064","103493676"
"52356","88677065","61680891"
"52357","88677067","80126240"
"52358","88677068","61683272"
"52359","88677076","99974339"
"52360","88677079","103342469"
"52361","88677080","86681776"
"52362","88677082","103086373"
"52363","88677088","65982979"
"52364","88677097","103493812"
"52365","88677186","99977437"
"52366","88677199","97752265"
"52367","88677209","88626681"
"52368","88677484","71484746"
"52369","88677485","104170377"
"52370","88677519","88616069"
"52371","88677521","92443791"
"52372","88677613","71484917"
"52373","92250147","88620302"
"52374","92251218","86684648"
"52375","92251804","71488507"
"52376","92251841","96097553"
"52377","92251873","65988760"
"52378","92251899","94202077"
"52379","92251913","103335314"
"52380","92252127","88671600"
"52381","92252127","69500769"
"52382","92252127","86684701"
"52383","92252140","88622185"
"52384","92252180","61686924"
"52385","92252314","88675389"
"52386","92252316","92251849"
"52387","92252602","71488009"
"52388","92252602","103083685"
"52389","92252972","65988009"
"52390","92252972","69504532"
"52391","92252976","97753484"
"52392","92253170","103343343"
"52393","92253382","86686207"
"52394","92253382","97749836"
"52395","92253405","78894079"
"52396","92253492","96093457"
"52397","92253494","88674389"
"52398","92253517","92444422"
"52399","92253519","103339799"
"52400","92253526","80126354"
"52401","92253526","78894929"
"52402","92253687","92443658"
"52403","92253689","62960231"
"52404","92254658","61768415"
"52405","92254660","71483149"
"52406","92254752","104171370"
"52407","92254752","103336204"
"52408","92254752","88674510"
"52409","92254752","69505357"
"52410","92254752","61583886"
"52411","92254752","92445181"
"52412","92254754","88624189"
"52413","92254755","58142510"
"52414","92254755","67690581"
"52415","92254755","64916657"
"52416","92254756","88626670"
"52417","92254762","86684686"
"52418","92254768","94203280"
"52419","92254782","61769889"
"52420","92254782","71487141"
"52421","92254782","59669487"
"52422","92254812","96093475"
"52423","92254812","94202524"
"52424","92254812","65804066"
"52425","92254815","62958745"
"52426","92254830","88622157"
"52427","92255820","61684402"
"52428","92255823","99977320"
"52429","92255824","104177444"
"52430","92255825","64914432"
"52431","92255826","103490421"
"52432","92255827","103085887"
"52433","92255828","78888271"
"52434","92255835","59670425"
"52435","92255836","59669455"
"52436","92255838","88623242"
"52437","92255839","61680676"
"52438","92255841","88672877"
"52439","92255842","62955562"
"52440","92255844","71487213"
"52441","92255845","96093378"
"52442","92255847","71484931"
"52443","92255848","64983130"
"52444","92255853","103504261"
"52445","92255853","65988753"
"52446","92255908","103082953"
"52447","92256356","96098179"
"52448","92256356","97753457"
"52449","92256357","96094728"
"52450","92256357","64914784"
"52451","92256358","88673388"
"52452","92256358","94197045"
"52453","92256371","99974813"
"52454","92256371","67696434"
"52455","92256395","92257364"
"52456","92256395","88624359"
"52457","92256426","86682113"
"52458","92256426","103339743"
"52459","92256549","61680337"
"52460","92256551","59218213"
"52461","92256595","64977900"
"52462","92256597","99974551"
"52463","92256597","104171363"
"52464","92256600","92257354"
"52465","92256603","86686120"
"52466","92256603","71484738"
"52467","92256665","96092774"
"52468","92256673","65987391"
"52469","92256673","57822703"
"52470","92256674","103503920"
"52471","92256829","69504674"
"52472","92256856","69503900"
"52473","92256857","92446284"
"52474","92256960","67693571"
"52475","92257080","65985255"
"52476","92257086","92440136"
"52477","92257092","65803611"
"52478","92257092","88626803"
"52479","92257095","64912034"
"52480","92257178","67693348"
"52481","92257285","92443523"
"52482","92257354","62958697"
"52483","92257360","58140615"
"52484","92257361","71487285"
"52485","92257363","103335310"
"52486","92257364","80127918"
"52487","92257372","62960504"
"52488","92257375","103339752"
"52489","92257376","80125921"
"52490","92257378","103084732"
"52491","92257384","62957156"
"52492","92257393","64983249"
"52493","92257482","97748223"
"52494","92257495","88623580"
"52495","92257505","88676557"
"52496","92257780","96097867"
"52497","92257781","92253323"
"52498","92257815","99971120"
"52499","92257817","103341589"
"52500","92257909","61582000"
"52501","92439588","58151739"
"52502","92439680","64915049"
"52503","92439682","78894767"
"52504","92439716","103342402"
"52505","92439717","65802551"
"52506","92439992","65987545"
"52507","92440002","67695438"
"52508","92440015","65983704"
"52509","92440104","65799265"
"52510","92440113","86684165"
"52511","92440119","62955160"
"52512","92440121","97752817"
"52513","92440122","103337672"
"52514","92440125","71485268"
"52515","92440133","104174830"
"52516","92440134","61687061"
"52517","92440136","103494852"
"52518","92440137","103492602"
"52519","92440143","92446194"
"52520","92440212","92255948"
"52521","92440319","103083870"
"52522","92440402","58336232"
"52523","92440405","71485823"
"52524","92440405","92443659"
"52525","92440411","67692468"
"52526","92440417","59215509"
"52527","92440537","88677054"
"52528","92440640","59669791"
"52529","92440641","64909918"
"52530","92440668","88620098"
"52531","92440823","96093448"
"52532","92440824","62961896"
"52533","92440824","94199140"
"52534","92440832","80121797"
"52535","92440894","57821149"
"52536","92440894","103492160"
"52537","92440897","88623259"
"52538","92440900","67690205"
"52539","92440900","103080126"
"52540","92440902","78890848"
"52541","92440946","104173778"
"52542","92440948","97753605"
"52543","92441071","92257093"
"52544","92441071","67693004"
"52545","92441102","80127442"
"52546","92441126","69505264"
"52547","92441126","94203220"
"52548","92441139","64982446"
"52549","92441140","67692803"
"52550","92441141","99977330"
"52551","92441589","78894519"
"52552","92441650","67695479"
"52553","92441653","99970992"
"52554","92441655","103336694"
"52555","92441656","61680478"
"52556","92441659","92446279"
"52557","92441661","86684890"
"52558","92441662","78894723"
"52559","92441669","104170345"
"52560","92441670","88620357"
"52561","92441671","96095211"
"52562","92441672","103338912"
"52563","92441673","61771353"
"52564","92441674","86683021"
"52565","92441677","103087228"
"52566","92442667","58336191"
"52567","92442682","71487949"
"52568","92442685","103336884"
"52569","92442685","103494461"
"52570","92442715","103335296"
"52571","92442715","58142671"
"52572","92442715","103339945"
"52573","92442729","92257276"
"52574","92442735","88624367"
"52575","92442741","88619723"
"52576","92442742","97746959"
"52577","92442742","80122905"
"52578","92442742","103336204"
"52579","92442743","88620966"
"52580","92442745","71484746"
"52581","92442745","103491839"
"52582","92442745","65987063"
"52583","92442745","71489789"
"52584","92442745","59668840"
"52585","92442745","65983235"
"52586","92442837","65802222"
"52587","92442839","59216392"
"52588","92443808","97746472"
"52589","92443810","92440694"
"52590","92443971","94197105"
"52591","92443971","57824032"
"52592","92443978","92445861"
"52593","92443980","78891506"
"52594","92444003","61687026"
"52595","92444005","88623102"
"52596","92444092","80123294"
"52597","92444115","92445636"
"52598","92444115","94197385"
"52599","92444327","61584573"
"52600","92444521","97752149"
"52601","92444525","65803321"
"52602","92444895","88673575"
"52603","92444895","61770490"
"52604","92445181","88620300"
"52605","92445183","92438906"
"52606","92445317","103491959"
"52607","92445357","62955163"
"52608","92445370","86684787"
"52609","92445370","103494523"
"52610","92445370","92256855"
"52611","92445584","94203280"
"52612","92445598","69503095"
"52613","92445624","97745957"
"52614","92445656","61681563"
"52615","92445693","92256356"
"52616","92447350","69506637"
"52617","94195580","92439649"
"52618","94196650","92446137"
"52619","94197236","62961979"
"52620","94197273","88621045"
"52621","94197305","64914984"
"52622","94197331","67690255"
"52623","94197345","64979711"
"52624","94197559","57822087"
"52625","94197559","94199129"
"52626","94197559","103085995"
"52627","94197559","65802856"
"52628","94197572","69507090"
"52629","94197612","62960436"
"52630","94197746","71485267"
"52631","94197748","61768414"
"52632","94198034","88626675"
"52633","94198034","104173962"
"52634","94198404","59665149"
"52635","94198404","78894488"
"52636","94198408","86686408"
"52637","94198602","86681909"
"52638","94198814","71487950"
"52639","94198814","92440401"
"52640","94198837","61774306"
"52641","94198924","65799327"
"52642","94198926","67694718"
"52643","94198949","67690723"
"52644","94198951","71482725"
"52645","94198958","65799689"
"52646","94198958","65987134"
"52647","94199119","80121946"
"52648","94199121","78894582"
"52649","94200090","99971159"
"52650","94200092","65982821"
"52651","94200184","65800172"
"52652","94200184","58151915"
"52653","94200184","62956008"
"52654","94200184","64977549"
"52655","94200184","78892919"
"52656","94200184","94201468"
"52657","94200186","104171357"
"52658","94200187","58140382"
"52659","94200187","103083614"
"52660","94200187","86684607"
"52661","94200188","61583136"
"52662","94200188","104176018"
"52663","94200190","58140045"
"52664","94200191","57821924"
"52665","94200194","99980183"
"52666","94200194","59217729"
"52667","94200195","78895899"
"52668","94200198","92444327"
"52669","94200200","61680643"
"52670","94200214","61687040"
"52671","94200214","103342329"
"52672","94200214","61684484"
"52673","94200214","78889692"
"52674","94200244","92257225"
"52675","94200244","92256071"
"52676","94200244","71484869"
"52677","94200247","103081632"
"52678","94200262","57820097"
"52679","94201252","64984811"
"52680","94201253","104177156"
"52681","94201255","71488125"
"52682","94201256","104173580"
"52683","94201257","59668180"
"52684","94201258","86685743"
"52685","94201259","99976760"
"52686","94201260","71486056"
"52687","94201267","103494825"
"52688","94201268","58342992"
"52689","94201270","59669130"
"52690","94201271","80126186"
"52691","94201273","88619877"
"52692","94201274","86686091"
"52693","94201276","94196729"
"52694","94201277","69500832"
"52695","94201279","92444462"
"52696","94201280","67697909"
"52697","94201285","92439361"
"52698","94201285","61770488"
"52699","94201340","88675740"
"52700","94201788","88619457"
"52701","94201788","58140444"
"52702","94201789","103087248"
"52703","94201789","103088048"
"52704","94201790","58342239"
"52705","94201790","65804072"
"52706","94201803","94199131"
"52707","94201803","65989513"
"52708","94201827","88618797"
"52709","94201827","97747216"
"52710","94201858","62960750"
"52711","94201858","62957927"
"52712","94201981","64914932"
"52713","94201983","92254782"
"52714","94202027","71488966"
"52715","94202029","86683933"
"52716","94202029","64914506"
"52717","94202032","62955279"
"52718","94202035","92251706"
"52719","94202035","80127137"
"52720","94202097","104176204"
"52721","94202105","62961921"
"52722","94202105","103494504"
"52723","94202106","61769243"
"52724","94202261","61584527"
"52725","94202288","80122838"
"52726","94202289","104177291"
"52727","94202392","65987357"
"52728","94202512","59216291"
"52729","94202518","69507179"
"52730","94202524","67695508"
"52731","94202524","104173384"
"52732","94202527","61771445"
"52733","94202610","69500563"
"52734","94202717","65987342"
"52735","94202786","69504213"
"52736","94202792","65983705"
"52737","94202793","64916605"
"52738","94202795","103338364"
"52739","94202796","61584564"
"52740","94202804","58342327"
"52741","94202807","94202817"
"52742","94202808","65985257"
"52743","94202810","58344081"
"52744","94202816","97751478"
"52745","94202825","62959826"
"52746","94202914","69504548"
"52747","94202927","86681334"
"52748","94202937","78891291"
"52749","94203212","86684868"
"52750","94203213","103501973"
"52751","94203247","104175985"
"52752","94203249","88625054"
"52753","94203341","97749023"
"52754","96091604","58336233"
"52755","96092324","103086439"
"52756","96093017","61578822"
"52757","96093048","64982164"
"52758","96093063","65990163"
"52759","96093063","59211400"
"52760","96093275","80123276"
"52761","96093275","62961216"
"52762","96093275","97745802"
"52763","96093583","99973431"
"52764","96093584","88671357"
"52765","96093593","103086996"
"52766","96093594","80123357"
"52767","96094591","59216154"
"52768","96095730","86684320"
"52769","96095732","88625318"
"52770","96095762","104176524"
"52771","96096037","78894719"
"52772","96096037","67690210"
"52773","96096447","88675668"
"52774","96096447","92439705"
"52775","96097272","94199143"
"52776","96097272","59665109"
"52777","96097272","88673197"
"52778","96097272","103494507"
"52779","96097272","65801612"
"52780","96097279","61774956"
"52781","96098131","59667485"
"52782","96098131","65989492"
"52783","96098131","61586302"
"52784","96099153","88677522"
"52785","97745954","59667483"
"52786","97746935","103083881"
"52787","97746935","97747282"
"52788","97746935","104173098"
"52789","97747787","69502065"
"52790","97747794","97745804"
"52791","97747794","78889426"
"52792","97747794","71484870"
"52793","97747794","104174269"
"52794","97747794","99978053"
"52795","97748618","86682116"
"52796","97748618","65802513"
"52797","97749028","61768795"
"52798","97749028","65800316"
"52799","97749333","86684309"
"52800","97749335","80125007"
"52801","97750474","88625076"
"52802","97751470","104177151"
"52803","97751471","104176006"
"52804","97751480","86685105"
"52805","97751481","88620588"
"52806","97751789","69500048"
"52807","97751789","86684316"
"52808","97751789","92441511"
"52809","97752001","99974777"
"52810","97752001","78891983"
"52811","97752016","94198470"
"52812","97752047","97751617"
"52813","97752740","62959906"
"52814","97752822","65990160"
"52815","97753457","88620343"
"52816","99971144","58141298"
"52817","99972125","71487490"
"52818","99972125","94201503"
"52819","99972125","62955176"
"52820","99972977","88674460"
"52821","99972984","62955924"
"52822","99972984","92442732"
"52823","99972984","92443570"
"52824","99972984","64915376"
"52825","99972984","103502439"
"52826","99973808","59658883"
"52827","99973808","88674492"
"52828","99974218","57820902"
"52829","99974218","92440815"
"52830","99974523","92445785"
"52831","99974525","62960505"
"52832","99975664","103080062"
"52833","99976660","78895617"
"52834","99976661","92441100"
"52835","99976670","96091921"
"52836","99976671","65986990"
"52837","99976979","104174832"
"52838","99976979","103494353"
"52839","99976979","61775276"
"52840","99977191","58141449"
"52841","99977191","92447331"
"52842","99977206","94196987"
"52843","99977237","62961222"
"52844","99977930","59669171"
"52845","99978647","103501694"
"52846","103081867","69505280"
"52847","103336937","80123385"
"52848","103492236","88676069"
"52849","104172011","88624770"
"52850","57818999","67693277"
"52851","57819165","64914636"
"52852","57819165","86682229"
"52853","57819321","62961896"
"52854","57819321","58142333"
"52855","57820719","59671106"
"52856","57820734","103501693"
"52857","57820822","103343107"
"52858","57820909","104171613"
"52859","57821790","103085798"
"52860","57821797","103087283"
"52861","57822862","92256035"
"52862","57822932","57821784"
"52863","57822932","62958038"
"52864","57822932","92441511"
"52865","58139284","78894729"
"52866","58139450","88676951"
"52867","58139450","103504422"
"52868","58139606","104173829"
"52869","58139606","94200261"
"52870","58141004","104173750"
"52871","58141019","61774538"
"52872","58141107","88626706"
"52873","58141194","88673392"
"52874","58142075","96093484"
"52875","58142082","92256531"
"52876","58143147","92253838"
"52877","58143217","94198935"
"52878","58143217","65982947"
"52879","58143217","57822870"
"52880","58340240","92256523"
"52881","59211857","61680686"
"52882","59659705","92254759"
"52883","61579107","103494502"
"52884","61687325","61772446"
"52885","61775217","61586229"
"52886","62955568","62959882"
"52887","64910342","88676795"
"52888","64977834","88621018"
"52889","65797662","86684860"
"52890","65983237","103086562"
"52891","67690608","94199307"
"52892","69500362","103349331"
"52893","71483027","78888216"
"52894","78890070","96092774"
"52895","80127810","80123156"
"52896","86680199","69502065"
"52897","88625004","86685327"
"52898","88671653","96091604"
"52899","92251949","96097701"
"52900","92445548","103338680"
"52901","94197381","57821086"
"52902","103080097","104174828"
"52903","103335167","57818866"
"52904","103490466","61681560"
"52905","104170241","99978647"
"52906","57820709","103088142"
"52907","57822102","61769467"
"52908","58140994","71488209"
"52909","58142387","88624376"
"52910","69500032","71485293"
"52911","71482697","92254208"
"52912","78888258","65797115"
"52913","80129622","72763961"
"52914","86678387","86680377"
"52915","88626816","96093346"
"52916","88669841","69505489"
"52917","92250137","103336895"
"52918","92447360","96098201"
"52919","94195570","86683932"
"52920","96092615","96093476"
"52921","97752449","64915030"
"52922","99977639","86679492"
"52923","103086268","86685026"
"52924","103086268","103085851"
"52925","103341338","92441430"
"52926","103341338","104171288"
"52927","103494338","69505420"
"52928","103494338","65987344"
"52929","104176412","99976875"
"52930","104176412","104177899"
"52931","57819750","64912905"
"52932","58140035","92256319"
"52933","67690233","88622186"
"52934","69499955","78896528"
"52935","69499955","62961459"
"52936","71482617","80124076"
"52937","71482617","71488343"
"52938","78894474","69502614"
"52939","78894474","88621006"
"52940","80123406","94201383"
"52941","80123406","61772528"
"52942","86684602","67693403"
"52943","86684602","103338966"
"52944","88620601","67695461"
"52945","88620601","78890248"
"52946","88676056","67690353"
"52947","88676056","61775190"
"52948","92256352","61774966"
"52949","92256352","103083789"
"52950","92441145","104173923"
"52951","92441145","64910444"
"52952","94201784","58140595"
"52953","94201784","65800352"
"52954","96091924","99977912"
"52955","96091937","67694916"
"52956","96092809","58141491"
"52957","96092810","103338491"
"52958","96093067","103342370"
"52959","96093067","65989568"
"52960","96094616","61684553"
"52961","96094619","69507178"
"52962","96094619","96096076"
"52963","96094666","59669479"
"52964","96099135","103502465"
"52965","97745972","80122563"
"52966","97750399","92251359"
"52967","97750446","64910821"
"52968","97750446","69502154"
"52969","97750449","103492888"
"52970","97751997","92441100"
"52971","97751997","92440946"
"52972","97752254","97749139"
"52973","97752255","57818672"
"52974","97753126","94198309"
"52975","97753139","96091035"
"52976","99971162","65982848"
"52977","99975589","65803610"
"52978","99975636","67697225"
"52979","99975636","78888232"
"52980","99975639","65800647"
"52981","99977187","97747199"
"52982","99977187","78896076"
"52983","99977444","104177424"
"52984","99977445","80121942"
"52985","99978316","78895057"
"52986","99978329","104174823"
"52987","103081763","71487222"
"52988","103336833","64911881"
"52989","103492132","64915050"
"52990","104171907","64912527"
"52991","57819292","88674503"
"52992","57819754","92255881"
"52993","57821956","65799285"
"52994","57822377","78894671"
"52995","58139577","86685497"
"52996","58140039","61685885"
"52997","58142241","103490495"
"52998","58142662","62957175"
"52999","58342991","97748575"
"53000","65799281","103495802"
"53001","69502175","69504826"
"53002","71484848","97752181"
"53003","78889966","88623548"
"53004","80127914","69506997"
"53005","86680095","96091890"
"53006","88625108","71482709"
"53007","88671549","88623259"
"53008","92251845","97751623"
"53009","92445652","61686310"
"53010","94197277","57822804"
"53011","96097516","94201798"
"53012","97747550","92441033"
"53013","99972740","96093369"
"53014","103081766","61680600"
"53015","103081766","99978649"
"53016","103081772","61768386"
"53017","103081772","64912786"
"53018","103083300","64914523"
"53019","103087208","104173879"
"53020","103336836","57821060"
"53021","103336836","58141345"
"53022","103336842","86684680"
"53023","103336842","104170211"
"53024","103338370","86683009"
"53025","103342278","65985690"
"53026","103492135","80126264"
"53027","103492135","99977688"
"53028","103492141","61771891"
"53029","103492141","104171282"
"53030","103493669","86678370"
"53031","103501965","59670417"
"53032","104171910","88623775"
"53033","104171910","65801091"
"53034","104171916","103338676"
"53035","104171916","88671552"
"53036","104173444","65801536"
"53037","104177352","104171501"
"53038","57818591","88673912"
"53039","57818613","103493673"
"53040","57818998","96094619"
"53041","57819731","103081861"
"53042","57819755","104178389"
"53043","57819977","104177152"
"53044","57821736","88624333"
"53045","57821856","103491584"
"53046","57822115","64982948"
"53047","57822130","88676998"
"53048","57822607","96096990"
"53049","57822624","78895486"
"53050","57829439","94198038"
"53051","57829442","104176021"
"53052","58138876","61768241"
"53053","58138898","59669601"
"53054","58139283","61680605"
"53055","58140016","86686011"
"53056","58140040","69500356"
"53057","58140262","103080045"
"53058","58142021","103082893"
"53059","58142141","103086526"
"53060","58142400","99977206"
"53061","58142415","65802868"
"53062","58142892","103492845"
"53063","58142909","86685054"
"53064","58151814","61686694"
"53065","58151817","88624323"
"53066","58280791","86683005"
"53067","58340239","61686649"
"53068","59213431","64982527"
"53069","59213437","92251211"
"53070","59216278","96092002"
"53071","59665191","58140475"
"53072","59665199","78894109"
"53073","59669585","71484871"
"53074","61581059","99975639"
"53075","61581065","88674534"
"53076","61584661","65984824"
"53077","61680468","71487583"
"53078","61685884","58142234"
"53079","61685890","92440194"
"53080","61768372","64982950"
"53081","61773778","97748819"
"53082","61773784","64909955"
"53083","62957182","97747203"
"53084","62957188","65983709"
"53085","62960298","104174829"
"53086","64911959","99976923"
"53087","64911965","88674500"
"53088","64914155","67694824"
"53089","64914916","69505327"
"53090","64979738","62959829"
"53091","64979744","64984092"
"53092","64983227","80127863"
"53093","65799284","103081719"
"53094","65799290","88618902"
"53095","65801613","104177403"
"53096","65802376","78895476"
"53097","65984859","69507066"
"53098","65984865","99975612"
"53099","65987825","92253913"
"53100","67692391","57821007"
"53101","67692397","88670922"
"53102","67694728","96092342"
"53103","67695491","88620504"
"53104","69502178","92440822"
"53105","69502184","64914881"
"53106","69504533","71488065"
"53107","69505297","61772466"
"53108","71484851","103081224"
"53109","71484857","94200252"
"53110","71484857","103088063"
"53111","71487215","104172640"
"53112","71487979","94201248"
"53113","78889969","103338490"
"53114","78889975","59211596"
"53115","78889975","99974529"
"53116","78891504","67695475"
"53117","78895415","57822102"
"53118","80122465","92443993"
"53119","80126376","80126233"
"53120","80127905","97746451"
"53121","80127905","78895214"
"53122","80127911","92442854"
"53123","86680098","103084713"
"53124","86680098","103086851"
"53125","86680104","88620993"
"53126","86680104","88677612"
"53127","86681633","92440821"
"53128","86685543","78894749"
"53129","88619660","94201493"
"53130","88623570","62957114"
"53131","88625099","65984843"
"53132","88625099","69502146"
"53133","88625105","59215813"
"53134","88671552","96092022"
"53135","88671552","86684908"
"53136","88671558","57821734"
"53137","88671558","78890248"
"53138","88673087","104170270"
"53139","88676997","65804166"
"53140","92251848","61586219"
"53141","92251848","86684848"
"53142","92251854","69503549"
"53143","92251854","64916136"
"53144","92253383","67696753"
"53145","92257293","104174268"
"53146","92440204","104177960"
"53147","92444114","86684808"
"53148","92445643","88671892"
"53149","92445643","92251338"
"53150","92445649","92257358"
"53151","92445649","103341435"
"53152","94197280","103494120"
"53153","94197280","96094588"
"53154","94197286","78892096"
"53155","94197286","61578807"
"53156","94198815","69503566"
"53157","94202725","92251242"
"53158","96091636","86678497"
"53159","96091637","94200206"
"53160","96091991","67695396"
"53161","96092057","62960331"
"53162","96092064","80123207"
"53163","96092072","64912425"
"53164","96092072","71488960"
"53165","96092082","88674519"
"53166","96092085","78891810"
"53167","96092121","103502446"
"53168","96092124","61687942"
"53169","96092127","62958074"
"53170","96092130","97752334"
"53171","96092133","59668029"
"53172","96092133","58140035"
"53173","96092133","96092756"
"53174","96092230","103083844"
"53175","96092231","94196741"
"53176","96092321","61773779"
"53177","96092321","67693426"
"53178","96092325","61769965"
"53179","96092562","59660891"
"53180","96092743","59660962"
"53181","96092743","62961461"
"53182","96092744","58142676"
"53183","96092754","59666834"
"53184","96092776","92256169"
"53185","96092804","65798133"
"53186","96092820","78888400"
"53187","96093513","64910407"
"53188","96094604","67692468"
"53189","96094663","59669117"
"53190","96094663","92441541"
"53191","96094665","71487354"
"53192","96095925","80128517"
"53193","96095927","104176029"
"53194","96095989","104173751"
"53195","96095990","58142068"
"53196","96096019","103336215"
"53197","96096036","78892878"
"53198","96096340","99978621"
"53199","96096491","94202032"
"53200","96096497","65989052"
"53201","96096497","71488501"
"53202","96096817","58140830"
"53203","96099137","103342335"
"53204","96099276","80129518"
"53205","96099276","65804740"
"53206","97745831","103086365"
"53207","97745831","80124973"
"53208","97745970","64914904"
"53209","97748248","99978030"
"53210","97748568","92446281"
"53211","97748568","97752441"
"53212","97748574","103085877"
"53213","97748725","92256458"
"53214","97749029","92258081"
"53215","97749046","103084672"
"53216","97749075","92257483"
"53217","97749076","88670919"
"53218","97749138","59213437"
"53219","97749140","69503595"
"53220","97750400","80122655"
"53221","97750402","94202744"
"53222","97750461","86684193"
"53223","97751551","58142141"
"53224","97752244","97752149"
"53225","97752260","96094636"
"53226","97752288","96092805"
"53227","97752310","103086995"
"53228","97752320","62959817"
"53229","97752321","94203090"
"53230","97752321","71484817"
"53231","97752502","71487704"
"53232","97752739","92443797"
"53233","97752743","61680677"
"53234","97752743","58142933"
"53235","97752832","92254776"
"53236","97752833","99972976"
"53237","97752930","96092319"
"53238","97752930","58142477"
"53239","97752930","92445696"
"53240","97752933","94201114"
"53241","97752936","88625024"
"53242","97752939","65983712"
"53243","97752942","88677208"
"53244","97752978","57822100"
"53245","97752981","88619665"
"53246","97752991","99974491"
"53247","97752991","97749328"
"53248","97752999","92251854"
"53249","97753006","88674486"
"53250","97753072","97752126"
"53251","97753424","58151745"
"53252","97753425","92251849"
"53253","99971021","61774705"
"53254","99971021","57820091"
"53255","99971160","64917247"
"53256","99973438","97748574"
"53257","99973758","61680388"
"53258","99973758","65799354"
"53259","99973764","64979735"
"53260","99973915","71489867"
"53261","99974219","67692464"
"53262","99974236","71489897"
"53263","99974265","94203308"
"53264","99974266","88620273"
"53265","99974328","103342066"
"53266","99974330","92442721"
"53267","99975590","92439967"
"53268","99975592","103503349"
"53269","99975651","71484814"
"53270","99976741","96095925"
"53271","99977434","92251303"
"53272","99977450","103493661"
"53273","99977478","92251876"
"53274","99977500","78891987"
"53275","99977510","61768094"
"53276","99977511","58139757"
"53277","99977511","94203223"
"53278","99977692","67691089"
"53279","99977929","61579897"
"53280","99977933","59667481"
"53281","99977933","103501531"
"53282","99978022","88619631"
"53283","99978023","80122903"
"53284","99978120","96091605"
"53285","99978120","57821235"
"53286","99978120","86686331"
"53287","99978123","104177163"
"53288","99978126","96098119"
"53289","99978129","92257376"
"53290","99978132","99971045"
"53291","99978168","92445595"
"53292","99978171","92440894"
"53293","99978181","67692826"
"53294","99978181","99974766"
"53295","99978189","88623459"
"53296","99978196","80122477"
"53297","99978262","80123402"
"53298","99978614","78889337"
"53299","99978615","103490431"
"53300","57819306","88626838"
"53301","57819732","59669317"
"53302","57819981","104176036"
"53303","57819981","96096742"
"53304","57819981","65801912"
"53305","57821946","104170196"
"53306","57822778","103338963"
"53307","58139591","65987340"
"53308","58140017","92257077"
"53309","58140266","80123136"
"53310","58140266","88624350"
"53311","58140266","92256448"
"53312","58142231","92251621"
"53313","58143063","80121836"
"53314","96091463","104173829"
"53315","96091465","61585749"
"53316","96091643","69500081"
"53317","96093737","86684852"
"53318","96094733","103086564"
"53319","96094733","103336661"
"53320","96094733","59660937"
"53321","96094733","65800363"
"53322","96094733","64910530"
"53323","96094733","62958113"
"53324","96094733","94198809"
"53325","96094733","92255915"
"53326","96094733","97751690"
"53327","96094733","80127632"
"53328","96094733","67695016"
"53329","96094733","64915125"
"53330","96094733","88618296"
"53331","96096014","78888405"
"53332","96096014","103494406"
"53333","96096088","96093464"
"53334","96096088","96092330"
"53335","96096088","92255966"
"53336","96096088","103336230"
"53337","96096088","92444620"
"53338","96096088","86684853"
"53339","96096088","57820017"
"53340","96096088","64916591"
"53341","96096088","103490613"
"53342","96096088","59213465"
"53343","96096088","94201355"
"53344","96096088","78894156"
"53345","96096088","65804120"
"53346","96096088","67692860"
"53347","96096088","103504428"
"53348","96096088","58141019"
"53349","96096088","86684698"
"53350","96096088","92445648"
"53351","96096088","67695371"
"53352","96096088","58139843"
"53353","96096088","80127331"
"53354","96096088","65802370"
"53355","96096088","65804167"
"53356","96096088","80123823"
"53357","96096088","103337609"
"53358","96096088","69505173"
"53359","96096088","94198951"
"53360","96096088","86681965"
"53361","96096088","61686984"
"53362","96096088","61682594"
"53363","96099543","62960418"
"53364","96099543","92252624"
"53365","96099543","103083780"
"53366","96099543","94196985"
"53367","96099543","103338704"
"53368","96099543","86682119"
"53369","96099543","71487505"
"53370","96099543","58140016"
"53371","96099543","99978033"
"53372","96099543","80123143"
"53373","96099543","78892912"
"53374","96099543","103337707"
"53375","96099543","64983129"
"53376","96099543","92444156"
"53377","96099543","99977232"
"53378","96099543","88619135"
"53379","97745565","103492186"
"53380","97745565","61681339"
"53381","97745565","88680483"
"53382","97745565","103338380"
"53383","97745565","58141557"
"53384","97745565","86682894"
"53385","97745565","99974705"
"53386","97745565","96092484"
"53387","97745565","80127039"
"53388","97745565","88624524"
"53389","97745565","88674490"
"53390","97745565","104172211"
"53391","97745565","88619112"
"53392","97745565","62961216"
"53393","97745565","57822048"
"53394","97745565","62955184"
"53395","97748977","88626838"
"53396","97748977","88626683"
"53397","97748977","97750420"
"53398","97748977","57821058"
"53399","97748977","99974491"
"53400","97748977","80122654"
"53401","97748977","88673305"
"53402","97748977","61584883"
"53403","97748977","104174813"
"53404","97748977","94197281"
"53405","97748977","103342398"
"53406","97748977","104173454"
"53407","97748977","86686033"
"53408","97748977","86684220"
"53409","97748977","92440717"
"53410","97748977","65990681"
"53411","97748977","96091926"
"53412","97748977","61771746"
"53413","97748977","61769235"
"53414","97748977","92445883"
"53415","97748977","65987555"
"53416","97748977","99971147"
"53417","97748977","78894206"
"53418","97748977","61681331"
"53419","97748977","59665238"
"53420","97748977","103490602"
"53421","97748977","96093400"
"53422","97748977","97745972"
"53423","97748977","59669760"
"53424","97748977","97753596"
"53425","97749051","103342062"
"53426","97749051","59669431"
"53427","97750332","62955544"
"53428","97750332","103084716"
"53429","97750332","71487559"
"53430","97750332","67693297"
"53431","97750332","86685357"
"53432","97750332","92251214"
"53433","97750332","78894622"
"53434","97750332","94200186"
"53435","97750332","78892889"
"53436","97750332","94201347"
"53437","97750332","86686097"
"53438","97750332","97745813"
"53439","97750332","80123153"
"53440","97751327","65803324"
"53441","97751328","65987428"
"53442","97753418","57819541"
"53443","97753596","64913026"
"53444","97753598","65797375"
"53445","97753599","57821248"
"53446","97753601","92447301"
"53447","99970755","92445634"
"53448","99970755","97753123"
"53449","99970755","65989607"
"53450","99970755","61579111"
"53451","99970755","65801534"
"53452","99970755","92252585"
"53453","99970755","65987958"
"53454","99970755","61580957"
"53455","99970755","86688890"
"53456","99970755","103341650"
"53457","99970755","78894076"
"53458","99970755","88675678"
"53459","99970755","103502209"
"53460","99970755","86684708"
"53461","99970755","92256677"
"53462","99970755","104173751"
"53463","99974167","71482711"
"53464","99974167","69500033"
"53465","99974167","69507113"
"53466","99974167","58140210"
"53467","99974167","71487826"
"53468","99974167","67693681"
"53469","99974167","64912885"
"53470","99974167","97751611"
"53471","99974167","104173967"
"53472","99974167","57829541"
"53473","99974167","88676514"
"53474","99974167","88677518"
"53475","99974167","88619163"
"53476","99974167","92256664"
"53477","99974167","88618601"
"53478","99974167","62959844"
"53479","99974167","62955177"
"53480","99974167","58139988"
"53481","99974167","97747377"
"53482","99974167","104179578"
"53483","99974167","78895936"
"53484","99974167","78889462"
"53485","99974167","94203199"
"53486","99974167","57819989"
"53487","99974167","104173749"
"53488","99974167","94200247"
"53489","99974167","58142987"
"53490","99974167","103504158"
"53491","99974167","88673544"
"53492","99974167","65801916"
"53493","99974241","61687313"
"53494","99974241","65804736"
"53495","99975522","92441569"
"53496","99975522","103083443"
"53497","99975522","88672306"
"53498","99975522","86684419"
"53499","99975522","92253375"
"53500","99975522","71487967"
"53501","99975522","92253707"
"53502","99975522","65800319"
"53503","99975522","78894192"
"53504","99975522","88672368"
"53505","99975522","59211257"
"53506","99975522","69506553"
"53507","99975522","57820698"
"53508","99976517","64984740"
"53509","99976518","99977333"
"53510","99978608","104174892"
"53511","99978786","99972700"
"53512","99978788","65803619"
"53513","99978789","99974265"
"53514","99978791","80129648"
"53515","57821726","86686030"
"53516","58142011","61680320"
"53517","96092811","97750399"
"53518","96092811","92258328"
"53519","96092823","99978648"
"53520","96094631","69505857"
"53521","96097517","103086559"
"53522","97747549","103341629"
"53523","97750434","78888363"
"53524","97752241","71487114"
"53525","97752253","65801909"
"53526","97752253","71488946"
"53527","99972739","103341053"
"53528","99975624","64984824"
"53529","99977431","64915417"
"53530","99977443","94201937"
"53531","99977443","64910062"
"53532","103080074","64915852"
"53533","103080074","96092925"
"53534","103080102","65982890"
"53535","103080102","71487560"
"53536","103335144","103082594"
"53537","103335144","96095718"
"53538","103335172","103086409"
"53539","103335172","71488949"
"53540","103490443","97752752"
"53541","103490443","88620031"
"53542","103490471","96091471"
"53543","103490471","65797400"
"53544","104170218","99971142"
"53545","104170218","64911996"
"53546","104170246","94196232"
"53547","104170246","64914520"
"53548","57819277","62956024"
"53549","57819778","78889418"
"53550","57819917","78895992"
"53551","57822046","104178181"
"53552","57822572","71489326"
"53553","58139562","64914928"
"53554","58140063","65985788"
"53555","58140202","64914278"
"53556","58142331","94198258"
"53557","58142857","71489780"
"53558","59658569","65804742"
"53559","61578753","64916130"
"53560","61686971","92445649"
"53561","61774863","64911918"
"53562","62955211","64915849"
"53563","64909989","86678363"
"53564","64977480","103501937"
"53565","65797308","92441538"
"53566","65797308","64982951"
"53567","65797315","97747785"
"53568","65982883","78892310"
"53569","67690256","71489787"
"53570","67690256","62958109"
"53571","67690263","71486827"
"53572","67690263","69505321"
"53573","69499978","96092777"
"53574","69499978","71484981"
"53575","69499985","65801910"
"53576","69499985","61683591"
"53577","71482642","103494876"
"53578","71482642","80123829"
"53579","71482649","57821033"
"53580","71482649","99971145"
"53581","78888235","103337415"
"53582","78888235","103336642"
"53583","78888263","103339815"
"53584","78888263","78894072"
"53585","80129617","58342890"
"53586","80129617","103085994"
"53587","80129645","97750452"
"53588","80129645","71489817"
"53589","86678364","92441539"
"53590","86678364","99971671"
"53591","86678392","57821335"
"53592","86678392","86685498"
"53593","88626811","64914348"
"53594","88626811","92256596"
"53595","88626839","80127222"
"53596","88626839","57820090"
"53597","88669818","104171237"
"53598","88669818","61682087"
"53599","88669846","59670411"
"53600","88669846","94195712"
"53601","92250114","103337724"
"53602","92250114","104178118"
"53603","92250142","103082602"
"53604","92250142","103342939"
"53605","92447355","92254965"
"53606","92447355","61583843"
"53607","92447383","62960446"
"53608","92447383","96096781"
"53609","94195547","99972390"
"53610","94195547","61772388"
"53611","94195575","67690229"
"53612","94195575","69504142"
"53613","96094637","67697332"
"53614","96094637","86681681"
"53615","96094637","104177371"
"53616","96094637","92440809"
"53617","96099304","80125527"
"53618","97745803","78893804"
"53619","97750428","103336202"
"53620","97750428","99974552"
"53621","97750428","62961208"
"53622","99970993","59669609"
"53623","99975618","59669628"
"53624","99975618","92440948"
"53625","99975618","61683600"
"53626","103087417","59216681"
"53627","103087417","62960363"
"53628","103342487","88625112"
"53629","103342487","61585534"
"53630","103495061","103342089"
"53631","103495061","104177409"
"53632","104177561","97749036"
"53633","104177561","86679501"
"53634","57818599","92256470"
"53635","57822045","69722494"
"53636","58138884","58141773"
"53637","58142330","96093455"
"53638","58336197","78894679"
"53639","59211450","92251980"
"53640","59658414","92439536"
"53641","61578699","80121921"
"53642","61686917","58141133"
"53643","61686917","61584682"
"53644","61774809","94197363"
"53645","61774809","64916664"
"53646","62955156","78892891"
"53647","62955156","86686479"
"53648","64909934","64909965"
"53649","64909934","58138980"
"53650","64977426","78890745"
"53651","65797253","99976804"
"53652","65797253","103338741"
"53653","65982828","104175742"
"53654","65982828","92256645"
"53655","67690201","57823877"
"53656","67690201","71489328"
"53657","69499923","69503575"
"53658","69499923","103085875"
"53659","71482585","99977367"
"53660","71482585","97752965"
"53661","78895624","92254830"
"53662","78895624","67695514"
"53663","80122256","71486057"
"53664","80122256","92254752"
"53665","86685752","59669809"
"53666","86685752","94198903"
"53667","88619451","61680191"
"53668","88619451","78894066"
"53669","88677206","78892317"
"53670","88677206","97754494"
"53671","92257502","69502586"
"53672","92257502","62955153"
"53673","92439995","99978788"
"53674","92439995","61684533"
"53675","94202934","88618794"
"53676","94202934","61775235"
"53677","96091917","92445643"
"53678","96091917","71484827"
"53679","96092590","103336790"
"53680","96092808","62959330"
"53681","96094607","88676301"
"53682","96094607","80124987"
"53683","96094607","78892897"
"53684","96094627","88620784"
"53685","96094627","104172690"
"53686","96094627","86685541"
"53687","96094627","92440160"
"53688","96094627","61774658"
"53689","96094627","67695010"
"53690","96094641","88674481"
"53691","96094656","104176034"
"53692","96097519","92257077"
"53693","96098206","61680891"
"53694","96098206","99977361"
"53695","97746860","103341416"
"53696","97746860","65797361"
"53697","97747547","71487388"
"53698","97750424","78892876"
"53699","97750438","58141452"
"53700","97750438","103088275"
"53701","97750438","59214196"
"53702","97750438","88676573"
"53703","97750438","86679687"
"53704","97750445","58141292"
"53705","97750458","80122473"
"53706","97750458","99975027"
"53707","97750458","104176583"
"53708","97750458","86683032"
"53709","97752256","103086281"
"53710","97752474","86686386"
"53711","97753146","80123787"
"53712","97753146","86686409"
"53713","99972050","80123801"
"53714","99972050","97747020"
"53715","99972737","99977358"
"53716","99975614","88674482"
"53717","99975628","61681987"
"53718","99975628","103082583"
"53719","99975628","57821435"
"53720","99975628","92252581"
"53721","99975628","103080224"
"53722","99975628","92257414"
"53723","99975635","64914453"
"53724","99975648","103342546"
"53725","99975648","99972466"
"53726","99975648","99975651"
"53727","99975648","58139284"
"53728","99977446","86684236"
"53729","99977664","96097403"
"53730","99978336","58143370"
"53731","99978336","71487428"
"53732","103080072","78894625"
"53733","103080072","80121408"
"53734","103081715","92253425"
"53735","103081715","64915782"
"53736","103083248","71487208"
"53737","103083248","88676516"
"53738","103083248","80122373"
"53739","103083248","59669699"
"53740","103083248","99978059"
"53741","103083248","97752141"
"53742","103083248","88672257"
"53743","103083248","92441433"
"53744","103083248","97747320"
"53745","103083248","58142881"
"53746","103083248","59671031"
"53747","103083248","78891640"
"53748","103083248","80123324"
"53749","103083248","69500360"
"53750","103083248","99972448"
"53751","103083248","88671320"
"53752","103083248","92255986"
"53753","103083248","57829406"
"53754","103083248","80124961"
"53755","103083248","78888217"
"53756","103083248","88619988"
"53757","103083248","57819307"
"53758","103083248","104170297"
"53759","103083248","88676899"
"53760","103083248","103341841"
"53761","103083248","99973870"
"53762","103083248","80129622"
"53763","103083248","58340239"
"53764","103083248","58142909"
"53765","103083248","103080202"
"53766","103083248","104169993"
"53767","103083256","86682933"
"53768","103335142","97749029"
"53769","103335142","61687041"
"53770","103336785","94200198"
"53771","103336785","64914436"
"53772","103338318","69503566"
"53773","103338318","61773771"
"53774","103338318","67695726"
"53775","103338318","64984793"
"53776","103338318","103086720"
"53777","103338318","92441540"
"53778","103338318","78894722"
"53779","103338318","104176576"
"53780","103338318","65799686"
"53781","103338318","103086512"
"53782","103338318","61768094"
"53783","103338318","103336617"
"53784","103338318","92251218"
"53785","103338318","96092989"
"53786","103338318","65803612"
"53787","103338318","64913238"
"53788","103338318","97747794"
"53789","103338318","103342173"
"53790","103338318","64981770"
"53791","103338318","103338856"
"53792","103338318","88621995"
"53793","103338318","97752926"
"53794","103338318","104174817"
"53795","103338318","71488145"
"53796","103338318","61586243"
"53797","103338318","80126724"
"53798","103338318","88676105"
"53799","103338318","57819482"
"53800","103338318","67694892"
"53801","103338318","88672883"
"53802","103338318","69508343"
"53803","103338326","78894093"
"53804","103490441","64915859"
"53805","103490441","69504697"
"53806","103492084","103341592"
"53807","103492084","80126055"
"53808","103493617","103084677"
"53809","103493617","92257255"
"53810","103493617","67696443"
"53811","103493617","96097551"
"53812","103493617","88673458"
"53813","103493617","65982882"
"53814","103493617","64977481"
"53815","103493617","86680970"
"53816","103493617","61771891"
"53817","103493617","97749628"
"53818","103493617","64912421"
"53819","103493617","99976768"
"53820","103493617","61581007"
"53821","103493617","58140017"
"53822","103493617","78891447"
"53823","103493617","99978329"
"53824","103493617","65988012"
"53825","103493617","97746874"
"53826","103493617","103340932"
"53827","103493617","58141434"
"53828","103493617","92438751"
"53829","103493617","67696769"
"53830","103493617","59660970"
"53831","103493617","62961884"
"53832","103493617","62961964"
"53833","103493617","71487555"
"53834","103493617","67695533"
"53835","103493617","92254644"
"53836","103493617","103085603"
"53837","103493617","104172009"
"53838","103493617","61681269"
"53839","104170216","58141350"
"53840","104170216","59216294"
"53841","104171859","61585083"
"53842","104171859","103490424"
"53843","104173392","57819964"
"53844","104173392","86680927"
"53845","104173392","103083258"
"53846","104173392","99974157"
"53847","104173392","92253715"
"53848","104173392","96094656"
"53849","104173392","65799244"
"53850","104173392","103086851"
"53851","104173392","65801974"
"53852","104173392","99972421"
"53853","104173392","104173900"
"53854","104173392","59659720"
"53855","104173392","61684494"
"53856","104173392","59215814"
"53857","104173392","96091599"
"53858","104173392","80123939"
"53859","104173392","97754004"
"53860","104173392","96092904"
"53861","104173392","58151835"
"53862","104173392","104173096"
"53863","104173392","86684228"
"53864","104173392","88673420"
"53865","104173392","88620892"
"53866","104173392","78891552"
"53867","104173392","61581065"
"53868","104173392","64984780"
"53869","104173392","88676393"
"53870","104173392","88675678"
"53871","104173392","104171964"
"53872","104173392","86680098"
"53873","104173392","92436853"
"53874","104173400","99978608"
"53875","57818407","71487495"
"53876","57818635","103337145"
"53877","57818997","104174833"
"53878","57819013","96093350"
"53879","57819048","59669031"
"53880","57819055","86681640"
"53881","57819062","65801978"
"53882","57819107","58140436"
"53883","57819777","96092452"
"53884","57819783","62955184"
"53885","57819850","57829389"
"53886","57819916","78891100"
"53887","57819922","103336306"
"53888","57820189","103341450"
"53889","57820210","103341051"
"53890","57820229","88623602"
"53891","57820240","65797650"
"53892","57820258","92254760"
"53893","57820401","71489719"
"53894","57820401","58340241"
"53895","57820403","94197061"
"53896","57820549","97752750"
"53897","57820984","97753490"
"53898","57821156","92440886"
"53899","57821636","69502585"
"53900","57821791","99977384"
"53901","57821798","62960173"
"53902","57821865","58142857"
"53903","57822086","96099147"
"53904","57822094","92253494"
"53905","57822226","61581977"
"53906","57822262","59671082"
"53907","57822298","65987553"
"53908","57822354","62959330"
"53909","57822355","92447355"
"53910","57822370","99974229"
"53911","57822555","103085864"
"53912","57822589","59214211"
"53913","57822641","61772212"
"53914","57822682","69506635"
"53915","57822683","97748182"
"53916","57822701","97750332"
"53917","57822787","88624517"
"53918","57822861","99975614"
"53919","57822863","58342333"
"53920","57822945","69506264"
"53921","57822945","103501904"
"53922","57822945","64978482"
"53923","57822977","64916591"
"53924","57822977","78894669"
"53925","57822977","59669015"
"53926","57822977","96095906"
"53927","57822990","103491916"
"53928","57822990","88676383"
"53929","57822990","96092904"
"53930","57823062","61578730"
"53931","57823063","96097767"
"53932","57823095","61578843"
"53933","57823876","69504645"
"53934","57823879","97748820"
"53935","57829376","71487855"
"53936","57829387","103081766"
"53937","57829389","103335196"
"53938","57829535","92253526"
"53939","57829537","62959887"
"53940","57829538","67692791"
"53941","57829538","92256351"
"53942","58138692","96093445"
"53943","58138920","88677054"
"53944","58139282","58142242"
"53945","58139298","59214179"
"53946","58139333","59217747"
"53947","58139340","64983252"
"53948","58139347","65801906"
"53949","58139392","103501885"
"53950","58140062","65800165"
"53951","58140068","69504298"
"53952","58140135","104171283"
"53953","58140201","103494217"
"53954","58140207","88623524"
"53955","58140474","64910067"
"53956","58140495","78890070"
"53957","58140514","88620338"
"53958","58140525","67695013"
"53959","58140543","88619862"
"53960","58140686","94201783"
"53961","58140686","88677025"
"53962","58140688","61581815"
"53963","58140834","96095997"
"53964","58141269","99976809"
"53965","58141441","96093357"
"53966","58141921","92255983"
"53967","58142076","69504640"
"53968","58142083","71487116"
"53969","58142150","57820909"
"53970","58142371","61680676"
"53971","58142379","103503378"
"53972","58142511","88622182"
"53973","58142547","58141313"
"53974","58142583","64916673"
"53975","58142639","92447226"
"53976","58142640","57822391"
"53977","58142655","88620105"
"53978","58142840","103342189"
"53979","58142874","57821653"
"53980","58142926","61680477"
"53981","58142967","99974211"
"53982","58142968","103341057"
"53983","58142986","86679469"
"53984","58143072","62955312"
"53985","58143146","103336836"
"53986","58143148","94201940"
"53987","58143230","61680493"
"53988","58143230","78888241"
"53989","58143230","80122404"
"53990","58143262","67693483"
"53991","58143262","92256610"
"53992","58143262","96097804"
"53993","58143262","61578822"
"53994","58143275","92257096"
"53995","58143275","88619758"
"53996","58143275","58141583"
"53997","58143347","103342109"
"53998","58143348","65797638"
"53999","58143380","86680146"
"54000","58144161","97751680"
"54001","58144164","88676062"
"54002","58151751","99977929"
"54003","58151762","65802388"
"54004","58151764","103494694"
"54005","58151910","59214203"
"54006","58151912","88622197"
"54007","58151913","78896252"
"54008","58151913","64984795"
"54009","58336201","71487992"
"54010","58336201","64914939"
"54011","58336201","94198055"
"54012","58336202","99977446"
"54013","58336202","97748164"
"54014","58336202","61686247"
"54015","58336202","92445862"
"54016","58336203","92256079"
"54017","58336203","58272260"
"54018","58340238","103087695"
"54019","58341470","57822391"
"54020","58342894","103341420"
"54021","59211502","67692397"
"54022","59211502","88616309"
"54023","59211826","92447349"
"54024","59215349","64977446"
"54025","59215349","103085846"
"54026","59215349","59215813"
"54027","59215349","97752296"
"54028","59215349","92254828"
"54029","59215349","71491097"
"54030","59215349","64915853"
"54031","59658360","78891990"
"54032","59658565","64982362"
"54033","59658565","94198814"
"54034","59659637","103086758"
"54035","59659637","65989493"
"54036","59668640","103340949"
"54037","59668640","96092088"
"54038","59668640","92253339"
"54039","59668640","104178216"
"54040","59668640","64914790"
"54041","59668640","96096657"
"54042","59668640","80128458"
"54043","59668640","62960747"
"54044","59668640","88669817"
"54045","59668640","97752739"
"54046","61578751","80127893"
"54047","61578751","64914064"
"54048","61579076","64910069"
"54049","61579076","103085878"
"54050","61582987","65984931"
"54051","61582987","92255908"
"54052","61582987","103491839"
"54053","61582987","103501955"
"54054","61684004","64977822"
"54055","61684004","103494840"
"54056","61684004","104171910"
"54057","61684004","103080239"
"54058","61684004","69503073"
"54059","61684004","86684220"
"54060","61684004","88620583"
"54061","61684004","65987366"
"54062","61684004","80123694"
"54063","61684004","88677486"
"54064","61684004","97751626"
"54065","61686905","104174863"
"54066","61686969","67696438"
"54067","61686969","99972049"
"54068","61687294","96093458"
"54069","61687294","78894786"
"54070","61771899","78894183"
"54071","61771899","103339760"
"54072","61771899","65803285"
"54073","61771899","57821127"
"54074","61771899","92251703"
"54075","61771899","103502350"
"54076","61771899","92442744"
"54077","61771899","92441538"
"54078","61771899","94200092"
"54079","61771899","103339785"
"54080","61771899","94201117"
"54081","61774797","61687329"
"54082","61774861","92440902"
"54083","61774861","92440849"
"54084","61775186","65797375"
"54085","61775186","103503307"
"54086","62955144","59658734"
"54087","62955209","86680111"
"54088","62955209","58139412"
"54089","62955537","65802438"
"54090","62955537","88675743"
"54091","62959216","67695507"
"54092","62959216","71483519"
"54093","62959216","80122425"
"54094","62959216","80128086"
"54095","62959216","96092566"
"54096","62959216","99978314"
"54097","62959216","104174037"
"54098","62959216","69508392"
"54099","62959216","103502445"
"54100","62959216","97752137"
"54101","62959216","61773751"
"54102","62959216","88677041"
"54103","62959216","92252972"
"54104","62959216","96092440"
"54105","62959216","62958989"
"54106","62959216","92442711"
"54107","62959216","103501925"
"54108","62959216","61774870"
"54109","62959216","86682909"
"54110","62959216","104170300"
"54111","62959216","59668549"
"54112","62959216","61768580"
"54113","62959216","88625332"
"54114","62959216","86679544"
"54115","62959216","103336850"
"54116","62959216","65804068"
"54117","62959216","103491505"
"54118","62959216","71488501"
"54119","64909922","94197868"
"54120","64909987","103085859"
"54121","64909987","96096751"
"54122","64910311","78892890"
"54123","64910311","97752883"
"54124","64913946","67694807"
"54125","64913946","69505165"
"54126","64913946","88671376"
"54127","64913946","92440950"
"54128","64913946","61684611"
"54129","64913946","61685902"
"54130","64913946","61684551"
"54131","64913946","97752851"
"54132","64913946","65988764"
"54133","64913946","67695393"
"54134","64913946","103083634"
"54135","64913946","88671659"
"54136","64913946","103339754"
"54137","64913946","58141154"
"54138","64913946","61770492"
"54139","64913946","64980638"
"54140","64913946","92447331"
"54141","64913946","88620175"
"54142","64913946","103081763"
"54143","64913946","69505493"
"54144","64913946","65982848"
"54145","64913946","69500368"
"54146","64913946","92255978"
"54147","64913946","88672366"
"54148","64913946","62961883"
"54149","64913946","96099252"
"54150","64913946","61769882"
"54151","64913946","88677095"
"54152","64913946","96092908"
"54153","64913946","59671607"
"54154","64913946","97748308"
"54155","64977478","65805347"
"54156","64977478","67695692"
"54157","64977803","64982453"
"54158","64977803","94199409"
"54159","64981652","104171395"
"54160","64981652","97752150"
"54161","64981652","92253339"
"54162","64981652","96091628"
"54163","65797241","94201387"
"54164","65797306","103338686"
"54165","65797306","103082511"
"54166","65797631","61584385"
"54167","65797631","86686092"
"54168","65801384","104174847"
"54169","65801384","92444954"
"54170","65801384","92256370"
"54171","65801384","103501834"
"54172","65801384","92252877"
"54173","65801384","64984778"
"54174","65801384","96094591"
"54175","65801384","104172989"
"54176","65801384","99976870"
"54177","65801384","88620966"
"54178","65801384","64982359"
"54179","65801384","58141487"
"54180","65801384","103083440"
"54181","65801384","58142331"
"54182","65801384","88620352"
"54183","65801384","99976796"
"54184","65801384","97747962"
"54185","65801384","103337582"
"54186","65801384","88676323"
"54187","65801384","64914937"
"54188","65801384","80123804"
"54189","65801384","104173565"
"54190","65801384","64985323"
"54191","65801384","86683048"
"54192","65801384","67695055"
"54193","65801384","103339738"
"54194","65801384","71485817"
"54195","65801384","104177845"
"54196","65801384","88625649"
"54197","65982881","69505505"
"54198","65982881","86684608"
"54199","65983206","86680112"
"54200","65983206","104172497"
"54201","65986855","103083243"
"54202","65986855","103503381"
"54203","65986855","59211862"
"54204","65986855","92253416"
"54205","65986855","103088364"
"54206","65986855","61768273"
"54207","65986855","96098204"
"54208","65986855","92439254"
"54209","65986855","69505505"
"54210","65986855","99972052"
"54211","65986855","80123687"
"54212","65986855","97752286"
"54213","65986855","57818366"
"54214","65986855","64977563"
"54215","65986855","103335122"
"54216","65986855","86681714"
"54217","65986855","88621268"
"54218","65986855","104176742"
"54219","65986855","88622133"
"54220","65986855","94202111"
"54221","65986855","88620551"
"54222","65986855","103342805"
"54223","65986855","103082512"
"54224","65986855","80124800"
"54225","65986855","103086851"
"54226","65986855","97752263"
"54227","65986855","80129480"
"54228","65986855","88625004"
"54229","67690189","103492863"
"54230","67690254","78892887"
"54231","67690254","92440143"
"54232","67690577","69505264"
"54233","67690577","69500462"
"54234","67694499","94203486"
"54235","67694499","97753222"
"54236","67694499","103086595"
"54237","67694499","67691074"
"54238","67694499","103336285"
"54239","67694499","67690324"
"54240","67694499","61586760"
"54241","67694499","88677007"
"54242","67694499","65982827"
"54243","67694499","61684133"
"54244","67694499","99975589"
"54245","67694499","104177344"
"54246","67694499","62955302"
"54247","67694499","88669951"
"54248","67694499","80124075"
"54249","67694499","99977329"
"54250","67694499","88620100"
"54251","67694499","80126426"
"54252","67694499","61774699"
"54253","67694499","99974542"
"54254","67694499","94201338"
"54255","67694499","99973009"
"54256","67694499","57820848"
"54257","67694499","103343034"
"54258","67694499","64981802"
"54259","67694499","65804152"
"54260","67694499","94195570"
"54261","67694499","97753459"
"54262","67694499","65988772"
"54263","67694499","96093476"
"54264","69499911","96092241"
"54265","69499976","99977704"
"54266","69499976","92445693"
"54267","69500331","71483000"
"54268","69500331","103081470"
"54269","69504303","92440118"
"54270","69504303","58139813"
"54271","69504303","65799254"
"54272","69504303","59669139"
"54273","69504303","65799688"
"54274","69504303","88676511"
"54275","69504303","78888239"
"54276","69504303","99977233"
"54277","69504303","67696038"
"54278","69504303","64982330"
"54279","69504303","62959707"
"54280","69504303","94199116"
"54281","69504303","88619677"
"54282","69504303","103084675"
"54283","69504303","92256358"
"54284","69504303","88625739"
"54285","69504303","65984859"
"54286","69504303","103084683"
"54287","69504303","65987360"
"54288","69504303","71482642"
"54289","69504303","103494128"
"54290","69504303","97747015"
"54291","69504303","67697893"
"54292","69504303","61774840"
"54293","69504303","92254798"
"54294","69504303","103085886"
"54295","69504303","104175966"
"54296","69504303","65802587"
"54297","69504303","92446067"
"54298","69504303","103336887"
"54299","71482573","92441016"
"54300","71482640","103086516"
"54301","71482640","78895086"
"54302","71482996","62958745"
"54303","71482996","92440078"
"54304","71486985","99977186"
"54305","71486985","78894188"
"54306","71486985","103494737"
"54307","71486985","88619690"
"54308","71486985","103085983"
"54309","71486985","62960141"
"54310","71486985","97749019"
"54311","71486985","58140020"
"54312","71486985","96098202"
"54313","71486985","59215731"
"54314","71486985","103084575"
"54315","71486985","69500833"
"54316","71486985","67697316"
"54317","71486985","69505420"
"54318","71486985","103085866"
"54319","71486985","58142082"
"54320","71486985","103341791"
"54321","71486985","103083881"
"54322","71486985","71483546"
"54323","71486985","78895216"
"54324","71486985","103502438"
"54325","71486985","58142547"
"54326","71486985","94202390"
"54327","71486985","88676780"
"54328","71486985","97750397"
"54329","71486985","61684124"
"54330","71486985","103340952"
"54331","71486985","86682205"
"54332","71486985","103084684"
"54333","71486985","78896175"
"54334","71486985","69506595"
"54335","78888233","96099153"
"54336","78888233","92252579"
"54337","78889918","80121351"
"54338","78889918","58336228"
"54339","78891452","71487962"
"54340","78891452","86681745"
"54341","78891452","62955218"
"54342","78891452","97748074"
"54343","78891452","57821041"
"54344","78891452","57819750"
"54345","78891452","67695015"
"54346","78891452","92444164"
"54347","78891452","61582982"
"54348","78891452","80124981"
"54349","78891452","65985690"
"54350","78891452","97752129"
"54351","78891452","65987850"
"54352","78891452","99978644"
"54353","78891452","88619056"
"54354","78891452","80123209"
"54355","78891452","67690221"
"54356","78891452","62960511"
"54357","78891452","64982451"
"54358","78891452","104171687"
"54359","78891452","71487883"
"54360","78891452","59671610"
"54361","78891452","88626805"
"54362","78891452","57829537"
"54363","78891452","103492240"
"54364","78891452","62960357"
"54365","78891452","99973264"
"54366","78891452","94199409"
"54367","78891452","97752975"
"54368","78891452","92442738"
"54369","78891452","67696037"
"54370","78891460","97747547"
"54371","80126420","103339750"
"54372","80126428","67695732"
"54373","80126428","65985718"
"54374","80126428","104177427"
"54375","80126428","58140493"
"54376","80126428","57821021"
"54377","80126428","103341837"
"54378","80126428","104172574"
"54379","80126428","64909954"
"54380","80126428","88619662"
"54381","80126428","65800315"
"54382","80126428","59669203"
"54383","80126428","65802563"
"54384","80126428","64910795"
"54385","80126428","58143273"
"54386","80126428","88623084"
"54387","80126428","103339749"
"54388","80126428","61579886"
"54389","80126428","86682177"
"54390","80126428","80123711"
"54391","80126428","86686027"
"54392","80126428","58138905"
"54393","80126428","69505163"
"54394","80126428","104171357"
"54395","80126428","62960015"
"54396","80126428","86685626"
"54397","80126428","80123942"
"54398","80126428","103087019"
"54399","80126428","59660938"
"54400","80126428","64914096"
"54401","80126428","69504873"
"54402","80126428","86681902"
"54403","80127962","65989040"
"54404","80127962","96095995"
"54405","80129647","61686615"
"54406","80129647","67693454"
"54407","86678362","92256935"
"54408","86678362","103084747"
"54409","86680047","88620468"
"54410","86680047","103491941"
"54411","86681581","58280735"
"54412","86681581","104170200"
"54413","86681581","78890634"
"54414","86681581","69504726"
"54415","86681581","103080110"
"54416","86681581","62955574"
"54417","86681581","103502431"
"54418","86681581","59217070"
"54419","86681581","71487855"
"54420","86681581","65802436"
"54421","86681581","86681576"
"54422","86681581","64913210"
"54423","86681581","92443979"
"54424","86681581","69504836"
"54425","86681581","92258111"
"54426","86681581","71487228"
"54427","86681581","92255932"
"54428","86681581","88619045"
"54429","86681581","65989049"
"54430","86681581","69507162"
"54431","86681581","92446192"
"54432","86681581","103085871"
"54433","86681581","88675848"
"54434","86681581","92444959"
"54435","86681581","80123694"
"54436","86681581","104174816"
"54437","86681581","96092327"
"54438","86681581","92440077"
"54439","86681581","71487928"
"54440","86681581","61774677"
"54441","86681581","57822702"
"54442","86681589","65987846"
"54443","88623614","78888390"
"54444","88623622","62960167"
"54445","88623622","59214945"
"54446","88623622","69506242"
"54447","88623622","94203790"
"54448","88623622","92441552"
"54449","88623622","58142376"
"54450","88623622","67697138"
"54451","88623622","57818866"
"54452","88623622","59216302"
"54453","88623622","71483519"
"54454","88623622","94198606"
"54455","88623622","96092565"
"54456","88623622","61586753"
"54457","88623622","103494342"
"54458","88623622","58138957"
"54459","88623622","103504179"
"54460","88623622","96098193"
"54461","88623622","62960522"
"54462","88623622","88674489"
"54463","88623622","88680709"
"54464","88623622","69507192"
"54465","88623622","58138693"
"54466","88623622","104176848"
"54467","88623622","92447224"
"54468","88623622","97747276"
"54469","88623622","86681953"
"54470","88623622","61772017"
"54471","88623622","78892912"
"54472","88623622","67690333"
"54473","88623622","99972698"
"54474","88623622","57822641"
"54475","88625156","80122953"
"54476","88625156","92440692"
"54477","88626841","104177849"
"54478","88626841","92447377"
"54479","88669816","65804742"
"54480","88669816","69503065"
"54481","88671501","58142371"
"54482","88671501","88677001"
"54483","88673035","62958647"
"54484","88673035","103343395"
"54485","88673035","103503362"
"54486","88673035","96096984"
"54487","88673035","92441431"
"54488","88673035","103340948"
"54489","88673035","65989575"
"54490","88673035","71487857"
"54491","88673035","96092870"
"54492","88673035","69503400"
"54493","88673035","64914644"
"54494","88673035","92441463"
"54495","88673035","67690677"
"54496","88673035","58342570"
"54497","88673035","99977205"
"54498","88673035","96091924"
"54499","88673035","57822804"
"54500","88673035","58342241"
"54501","88673035","64914978"
"54502","88673035","92257523"
"54503","88673035","62955994"
"54504","88673035","99975026"
"54505","88673035","57820466"
"54506","88673035","99977192"
"54507","88673035","103491673"
"54508","88673035","103338313"
"54509","88673035","64979738"
"54510","88673035","96092919"
"54511","88673035","94197379"
"54512","88673035","65983339"
"54513","88673035","96091376"
"54514","88673043","64912873"
"54515","92250112","80125570"
"54516","92250112","96098126"
"54517","92251797","57820310"
"54518","92251797","58142639"
"54519","92253331","86684939"
"54520","92253331","61583833"
"54521","92253331","97747550"
"54522","92253331","99979854"
"54523","92253331","96095665"
"54524","92253331","103335954"
"54525","92253331","64909931"
"54526","92253331","88624291"
"54527","92253331","92256083"
"54528","92253331","62962518"
"54529","92253331","94203003"
"54530","92253331","92445884"
"54531","92253331","97752721"
"54532","92253331","92257814"
"54533","92253331","64978567"
"54534","92253331","80123113"
"54535","92253331","96092917"
"54536","92253331","92257956"
"54537","92253331","92252016"
"54538","92253331","80124938"
"54539","92253331","59669314"
"54540","92253331","103492880"
"54541","92253331","103337566"
"54542","92253331","69506287"
"54543","92253331","97746861"
"54544","92253331","88623047"
"54545","92253331","69504629"
"54546","92253331","94197949"
"54547","92253331","64911992"
"54548","92253331","62960508"
"54549","92253331","62960018"
"54550","92253339","78888270"
"54551","92444166","65802454"
"54552","92444166","104171935"
"54553","92444166","80123400"
"54554","92444166","78894053"
"54555","92444166","78892046"
"54556","92444166","88626815"
"54557","92444166","67695524"
"54558","92444166","67695029"
"54559","92444166","61686637"
"54560","92444166","103343094"
"54561","92444166","88671340"
"54562","92444166","103342062"
"54563","92444166","64910348"
"54564","92444166","71487342"
"54565","92444166","61584525"
"54566","92444166","67694835"
"54567","92444166","96095709"
"54568","92444166","104176705"
"54569","92444166","61578821"
"54570","92444166","58140050"
"54571","92444166","88620597"
"54572","92444166","69502790"
"54573","92444166","78892098"
"54574","92444166","71489765"
"54575","92444166","103340944"
"54576","92444166","80122651"
"54577","92444166","92257842"
"54578","92444166","86683017"
"54579","92444166","59668389"
"54580","92444166","99976869"
"54581","92444166","104174830"
"54582","92445700","65804175"
"54583","92445700","65987172"
"54584","92447385","103490599"
"54585","92447385","69505229"
"54586","94195545","99975628"
"54587","94195545","92445656"
"54588","94197229","92254683"
"54589","94197229","67695507"
"54590","94198763","71488951"
"54591","94198763","96097545"
"54592","94198763","61772449"
"54593","94198763","80121702"
"54594","94198763","57819127"
"54595","94198763","94197067"
"54596","94198763","57821783"
"54597","94198763","104173532"
"54598","94198763","58141486"
"54599","94198763","71487408"
"54600","94198763","94202093"
"54601","94198763","92445601"
"54602","94198763","103084670"
"54603","94198763","103494549"
"54604","94198763","94203397"
"54605","94198763","57829411"
"54606","94198763","80125760"
"54607","94198763","71485820"
"54608","94198763","97754005"
"54609","94198763","88676989"
"54610","94198763","97750469"
"54611","94198763","103503312"
"54612","94198763","99974267"
"54613","94198763","94201491"
"54614","94198763","92252594"
"54615","94198763","62961457"
"54616","94198763","61583828"
"54617","94198763","104173491"
"54618","94198763","78894181"
"54619","94198763","65987005"
"54620","94198763","61584688"
"54621","94198771","94201833"
"54622","96091599","92253956"
"54623","96091914","103081722"
"54624","96092327","88672299"
"54625","96092563","67690323"
"54626","96092746","92257303"
"54627","96092746","94201392"
"54628","96092784","64982460"
"54629","96092802","59665097"
"54630","96092806","61769229"
"54631","96092824","92440078"
"54632","96092868","92254753"
"54633","96092870","80126386"
"54634","96092961","103502166"
"54635","96092962","96094639"
"54636","96092971","88677543"
"54637","96092989","88675659"
"54638","96093061","92253523"
"54639","96093061","59665111"
"54640","96093062","59658255"
"54641","96093062","88623878"
"54642","96093493","97751327"
"54643","96094598","61578754"
"54644","96094651","88673392"
"54645","96096020","62960504"
"54646","96096080","92253715"
"54647","96096985","103504237"
"54648","96096985","86684314"
"54649","96096985","65986559"
"54650","96096989","86680054"
"54651","96096989","88620886"
"54652","96097103","88677756"
"54653","96097105","78894081"
"54654","96097239","65801223"
"54655","96097292","67697231"
"54656","96097292","59211450"
"54657","96097546","65982949"
"54658","96097621","78892766"
"54659","96097748","104176430"
"54660","96099139","62957991"
"54661","96099140","103340960"
"54662","96099140","71485257"
"54663","96099306","103502168"
"54664","97745801","86684938"
"54665","97745967","88622187"
"54666","97745967","58342370"
"54667","97745968","65801888"
"54668","97747318","88676198"
"54669","97747445","92255923"
"54670","97747520","65805349"
"54671","97747774","65989580"
"54672","97747827","65800676"
"54673","97747960","103342931"
"54674","97747962","59667473"
"54675","97748076","58140005"
"54676","97748076","78894073"
"54677","97748080","104172189"
"54678","97748080","57821790"
"54679","97748080","71487514"
"54680","97749045","78895898"
"54681","97750414","94197387"
"54682","97750467","92254763"
"54683","97751571","92444462"
"54684","97752002","64914442"
"54685","97752002","61772019"
"54686","97752003","65804741"
"54687","97752003","57819281"
"54688","97752075","67694827"
"54689","97752093","103087277"
"54690","97752102","62960200"
"54691","97752103","104176094"
"54692","97752194","58142150"
"54693","97752196","61768512"
"54694","97752240","65796973"
"54695","97752258","57829317"
"54696","97752262","103492128"
"54697","97752280","62955149"
"54698","97752318","65804062"
"54699","97752318","88676492"
"54700","97752501","92440898"
"54701","97752737","96093383"
"54702","97753149","62960131"
"54703","97753462","88622156"
"54704","99970991","88620392"
"54705","99971157","80126236"
"54706","99971157","71487973"
"54707","99971157","64985325"
"54708","99971158","62956032"
"54709","99972508","88671356"
"54710","99972508","67694147"
"54711","99972635","86678346"
"54712","99972710","104177396"
"54713","99972964","97747802"
"54714","99972964","59668841"
"54715","99973017","65989042"
"54716","99973150","96092899"
"54717","99973152","104176462"
"54718","99973266","64977430"
"54719","99973266","88677552"
"54720","99973270","57819783"
"54721","99973270","88622295"
"54722","99973270","97749019"
"54723","99974235","104173754"
"54724","99975604","59214182"
"54725","99975657","65801719"
"54726","99976761","103085890"
"54727","99977192","65797377"
"54728","99977192","88619877"
"54729","99977193","58140555"
"54730","99977193","92440420"
"54731","99977265","97753404"
"54732","99977283","103081784"
"54733","99977292","97753490"
"54734","99977293","80126783"
"54735","99977384","104173483"
"54736","99977386","103081485"
"54737","99977430","104171923"
"54738","99977448","78895218"
"54739","99977452","80124972"
"54740","99977470","78894804"
"54741","99977508","96099139"
"54742","99977508","69505308"
"54743","99977691","92446200"
"54744","99977927","92444671"
"54745","99978339","67690358"
"54746","99978652","69504459"
"54747","103079836","80126787"
"54748","103079836","61768584"
"54749","103079836","64983651"
"54750","103079836","104176711"
"54751","103079836","59669790"
"54752","103079836","67690584"
"54753","103079836","86683062"
"54754","103079836","97746903"
"54755","103079836","92256520"
"54756","103079836","94196775"
"54757","103079836","57829442"
"54758","103079836","88623622"
"54759","103079836","67695682"
"54760","103079836","59671083"
"54761","103079836","62961894"
"54762","103079836","104177254"
"54763","103079836","64982444"
"54764","103081737","92251653"
"54765","103081737","64912352"
"54766","103081737","103084690"
"54767","103081737","103083095"
"54768","103081737","59669798"
"54769","103081737","62960161"
"54770","103081737","96093730"
"54771","103081737","88618899"
"54772","103081737","71487502"
"54773","103081737","64912723"
"54774","103081737","104178413"
"54775","103081737","104172201"
"54776","103081737","61772017"
"54777","103081737","103491510"
"54778","103081737","97752502"
"54779","103081737","57822938"
"54780","103081737","94202680"
"54781","103081737","94195582"
"54782","103081737","99974330"
"54783","103081737","92443308"
"54784","103081737","99971162"
"54785","103081737","99977431"
"54786","103081737","104174820"
"54787","103081737","99971042"
"54788","103081737","103491909"
"54789","103081737","61586182"
"54790","103081737","69503951"
"54791","103081737","71488229"
"54792","103081737","99973264"
"54793","103081737","69504722"
"54794","103334906","64914102"
"54795","103334906","69506258"
"54796","103334906","88623576"
"54797","103334906","78892905"
"54798","103334906","86685105"
"54799","103334906","96095212"
"54800","103334906","78894555"
"54801","103334906","59215835"
"54802","103334906","78894086"
"54803","103334906","92258351"
"54804","103334906","59211386"
"54805","103334906","99972699"
"54806","103334906","57821798"
"54807","103334906","80123803"
"54808","103334906","92251955"
"54809","103334906","65799277"
"54810","103334906","67694873"
"54811","103336807","96095550"
"54812","103336807","64913587"
"54813","103336807","80122379"
"54814","103336807","71486090"
"54815","103336807","88673610"
"54816","103336807","103342797"
"54817","103336807","86681934"
"54818","103336807","64915123"
"54819","103336807","71484824"
"54820","103336807","61584881"
"54821","103336807","103344024"
"54822","103336807","103504435"
"54823","103336807","104177298"
"54824","103336807","103494510"
"54825","103336807","88676300"
"54826","103336807","103337959"
"54827","103336807","59659730"
"54828","103336807","97752103"
"54829","103336807","80123115"
"54830","103336807","58143149"
"54831","103336807","99975590"
"54832","103336807","69504542"
"54833","103336807","59661022"
"54834","103336807","96092342"
"54835","103336807","88675752"
"54836","103336807","65799893"
"54837","103336807","88618209"
"54838","103336807","103336663"
"54839","103336807","67695637"
"54840","103336807","71488958"
"54841","103336807","59217292"
"54842","103490205","104170217"
"54843","103490205","99971180"
"54844","103490205","103336545"
"54845","103490205","64909741"
"54846","103490205","61582584"
"54847","103490205","78893955"
"54848","103490205","96088630"
"54849","103490205","64915125"
"54850","103490205","65990164"
"54851","103490205","61685858"
"54852","103490205","58142231"
"54853","103490205","61683851"
"54854","103490205","88669796"
"54855","103490205","92257094"
"54856","103490205","57820126"
"54857","103490205","103082893"
"54858","103492106","65983431"
"54859","103492106","92254778"
"54860","103492106","64980481"
"54861","103492106","65802367"
"54862","103492106","96095992"
"54863","103492106","97752303"
"54864","103492106","99977680"
"54865","103492106","69505446"
"54866","104169980","62955184"
"54867","104169980","78894916"
"54868","104169980","57819982"
"54869","104169980","61773689"
"54870","104169980","103083248"
"54871","104169980","92257761"
"54872","104169980","99978674"
"54873","104169980","104177392"
"54874","104169980","103504432"
"54875","104169980","61774830"
"54876","104169980","92253382"
"54877","104169980","58143275"
"54878","104169980","99978336"
"54879","104169980","59214184"
"54880","104169980","88623236"
"54881","104169980","88677465"
"54882","104169980","69506756"
"54883","104169980","103085891"
"54884","104171881","103337566"
"54885","104171881","96096020"
"54886","104171881","65802598"
"54887","104171881","97749023"
"54888","104171881","86685299"
"54889","104171881","67695063"
"54890","104171881","103086353"
"54891","104171881","78890050"
"54892","104171881","96092482"
"54893","104171881","86679878"
"54894","104171881","65987003"
"54895","104171881","88619764"
"54896","104171881","103502075"
"54897","104171881","103492954"
"54898","104171881","86681938"
"54899","104171881","103493013"
"54900","104171881","99977339"
"54901","104171881","78892873"
"54902","104171881","57819485"
"54903","104171881","62959695"
"54904","104171881","64911959"
"54905","104171881","92441004"
"54906","104171881","61769471"
"54907","104171881","80128129"
"54908","104171881","61583742"
"54909","104171881","96093484"
"54910","104171881","94201783"
"54911","104171881","71486056"
"54912","104171881","104174035"
"54913","104171881","69504644"
"54914","104171881","92256019"
"54915","104171881","69504530"
"54916","57822550","92440133"
"54917","58142835","86679468"
"54918","58343554","69504433"
"54919","59219036","97752144"
"54920","59658348","64910806"
"54921","59672441","88676137"
"54922","61587940","92256446"
"54923","61679963","103080080"
"54924","61679963","103336306"
"54925","61679963","78890050"
"54926","61686899","86683008"
"54927","61686899","97745970"
"54928","61686899","103082540"
"54929","61767868","103503312"
"54930","61767868","97747774"
"54931","61767868","71484735"
"54932","61774791","88620888"
"54933","61774791","67693459"
"54934","61774791","65801376"
"54935","62955138","103492135"
"54936","62955138","67697914"
"54937","62955138","103081872"
"54938","62955138","97749414"
"54939","62963366","96092052"
"54940","62963366","104175995"
"54941","62963366","78890064"
"54942","64909916","86680970"
"54943","64909916","99978791"
"54944","64909916","88673542"
"54945","64909916","96099252"
"54946","64909916","92256624"
"54947","64918119","65987857"
"54948","64918119","67690602"
"54949","64918119","57824033"
"54950","64918119","58138715"
"54951","64918119","80127743"
"54952","64918119","67695026"
"54953","64986456","92440852"
"54954","65797235","58139592"
"54955","65797235","88621019"
"54956","65797235","96093018"
"54957","65797235","57819777"
"54958","65805647","65804082"
"54959","65805647","99972489"
"54960","65805647","64980468"
"54961","65805647","104176130"
"54962","65805647","96096843"
"54963","65805647","65988754"
"54964","65805647","94197328"
"54965","65805647","99977339"
"54966","65805647","96093441"
"54967","65805647","80129645"
"54968","65805647","59214176"
"54969","65982810","104177905"
"54970","65991029","88674458"
"54971","67690183","69504898"
"54972","67690183","97753309"
"54973","67690183","97746589"
"54974","67690183","103502212"
"54975","67690183","59665279"
"54976","67690183","78889970"
"54977","67690183","96093496"
"54978","67690183","88673027"
"54979","67698824","88623199"
"54980","67698824","103085888"
"54981","67698824","103491582"
"54982","67698824","94200184"
"54983","67698824","104172375"
"54984","67698824","67696416"
"54985","67698824","78895615"
"54986","67698824","64984779"
"54987","67698824","94201407"
"54988","67698824","71489784"
"54989","67698824","65803285"
"54990","67698824","99970990"
"54991","67698824","92250137"
"54992","69499905","103495351"
"54993","69499905","103082105"
"54994","69499905","65802490"
"54995","69499905","62957155"
"54996","69499905","65988039"
"54997","69499905","88675661"
"54998","69499905","61585044"
"54999","69499905","103339777"
"55000","69499905","71485327"
"55001","69508692","69503524"
"55002","69508692","65987203"
"55003","69508692","103087010"
"55004","69508692","67692816"
"55005","69508692","71485929"
"55006","69508692","80129663"
"55007","69508692","103344137"
"55008","69508692","96092950"
"55009","69508692","97752737"
"55010","69508692","94197363"
"55011","69508692","69502289"
"55012","69508692","103340802"
"55013","69508692","61772606"
"55014","71482567","94197273"
"55015","71482567","67694338"
"55016","71482567","103342774"
"55017","71482567","78888388"
"55018","71482567","88673227"
"55019","71482567","92439541"
"55020","71482567","57819916"
"55021","71482567","92255958"
"55022","71482567","59211582"
"55023","71482567","99977515"
"55024","71482567","97745825"
"55025","71482567","94203335"
"55026","71491398","64913237"
"55027","71491398","86683027"
"55028","71491398","88620880"
"55029","71491398","78895347"
"55030","71491398","57818620"
"55031","71491398","99974705"
"55032","71491398","80121802"
"55033","71491398","97748189"
"55034","71491398","92258093"
"55035","71491398","64914949"
"55036","71491398","61686971"
"55037","71491398","104174040"
"55038","71491398","88675678"
"55039","78887995","64916674"
"55040","78887995","80125115"
"55041","78887995","88671317"
"55042","78887995","86686211"
"55043","78887995","80127178"
"55044","78887995","71488144"
"55045","78887995","65799281"
"55046","78887995","103492091"
"55047","78887995","94195582"
"55048","78887995","96098029"
"55049","78887995","67694924"
"55050","78887995","103340908"
"55051","78887995","103501245"
"55052","78889940","71487577"
"55053","78889940","92440891"
"55054","78889940","58140739"
"55055","78889940","92447219"
"55056","78889940","99974525"
"55057","78889940","103085870"
"55058","78889940","61684488"
"55059","78889940","64913542"
"55060","78889940","67696797"
"55061","78889940","103341065"
"55062","78889940","64912818"
"55063","78889940","103340962"
"55064","78889940","65982986"
"55065","80127940","61686628"
"55066","80127940","80124746"
"55067","80127940","65982896"
"55068","80127940","103082045"
"55069","80127940","69500082"
"55070","80127940","59215832"
"55071","80127940","97749835"
"55072","80127940","80121888"
"55073","80127940","103081779"
"55074","80127940","61578845"
"55075","80127940","65805348"
"55076","80127940","71487969"
"55077","80127940","103494462"
"55078","80127940","94196647"
"55079","80127940","88626857"
"55080","80127940","86684749"
"55081","80127940","78888362"
"55082","80127940","71488124"
"55083","80127940","67695442"
"55084","80127940","61771497"
"55085","80127940","97750474"
"55086","80127940","78895687"
"55087","80129885","103494116"
"55088","80129885","92440089"
"55089","80129885","62961994"
"55090","80129885","103336904"
"55091","80129885","80122682"
"55092","80129885","103501811"
"55093","80129885","64913492"
"55094","80129885","62961216"
"55095","80129885","59669598"
"55096","80129885","64983551"
"55097","80129885","103490442"
"55098","80129885","65801937"
"55099","80129885","92255943"
"55100","80129885","97749140"
"55101","80129885","71489784"
"55102","86678124","88674534"
"55103","86678124","103502244"
"55104","86678124","88675633"
"55105","86678124","103081873"
"55106","86678124","103082065"
"55107","86678124","103491916"
"55108","86678124","94201383"
"55109","86678124","103081496"
"55110","86678124","61682058"
"55111","86678124","88619609"
"55112","86678124","71483131"
"55113","86678124","58143199"
"55114","86678124","78896019"
"55115","86678124","65990161"
"55116","86678124","61772431"
"55117","86678124","104176929"
"55118","86680069","78894788"
"55119","86680069","97747963"
"55120","86680069","96098203"
"55121","86680069","103504415"
"55122","86680069","86686207"
"55123","86680069","59216294"
"55124","86680069","94199121"
"55125","86680069","59217080"
"55126","86680069","88625652"
"55127","86680069","58280782"
"55128","86680069","104173040"
"55129","86680069","69507132"
"55130","86680069","57818672"
"55131","86680069","65797321"
"55132","86680069","96093495"
"55133","86680069","59670415"
"55134","86680069","59669803"
"55135","86680069","61769237"
"55136","86680069","88623254"
"55137","86680069","99972988"
"55138","86680069","65797307"
"55139","86680069","103492838"
"55140","86680069","103086349"
"55141","86680069","96094668"
"55142","86680069","86685341"
"55143","86680069","59668948"
"55144","88625134","88676262"
"55145","88625134","78894037"
"55146","88625134","96095461"
"55147","88625134","96092744"
"55148","88625134","62954872"
"55149","88625134","103341047"
"55150","88625134","67690324"
"55151","88625134","96094656"
"55152","88625134","103343036"
"55153","88625134","88676254"
"55154","88625134","80127164"
"55155","88625134","59215706"
"55156","88625134","58140911"
"55157","88625134","88674480"
"55158","88625134","64916585"
"55159","88625134","99970767"
"55160","88625134","92439169"
"55161","88625134","62955187"
"55162","88625134","80123139"
"55163","88625134","69505546"
"55164","88625134","78895938"
"55165","88625134","71488041"
"55166","88625134","67693443"
"55167","88625134","69500331"
"55168","88625134","78894192"
"55169","88625134","99977884"
"55170","88625134","92256436"
"55171","88625134","58140751"
"55172","88625134","71486078"
"55173","88625134","88619603"
"55174","88627079","96091728"
"55175","88627079","71487224"
"55176","88627079","92257096"
"55177","88627079","57821788"
"55178","88627079","69505815"
"55179","88627079","99972391"
"55180","88627079","103082579"
"55181","88627079","88619860"
"55182","88627079","61683647"
"55183","88627079","103502172"
"55184","88627079","61686925"
"55185","88627079","94201899"
"55186","88627079","65802312"
"55187","88627079","62956003"
"55188","88627079","65982883"
"55189","88627079","103087009"
"55190","88669578","88674347"
"55191","88669578","61583143"
"55192","88669578","61684567"
"55193","88669578","92445568"
"55194","88669578","92253330"
"55195","88669578","92253697"
"55196","88669578","92251804"
"55197","88669578","69505531"
"55198","88669578","103490440"
"55199","88669578","94202536"
"55200","88669578","61586752"
"55201","88669578","62958282"
"55202","88669578","61585534"
"55203","88669578","97751593"
"55204","88669578","62959364"
"55205","88669578","92250280"
"55206","88669578","96092743"
"55207","88671523","103503336"
"55208","88671523","103501689"
"55209","88671523","96092742"
"55210","88671523","104176032"
"55211","88671523","64916140"
"55212","88671523","103491627"
"55213","88671523","103084714"
"55214","88671523","103340955"
"55215","88671523","58339939"
"55216","88671523","92447228"
"55217","88671523","92256595"
"55218","88671523","67696439"
"55219","88671523","57820684"
"55220","88671523","59670634"
"55221","88671523","57820749"
"55222","88671523","61768577"
"55223","88671523","59671101"
"55224","88671523","94198771"
"55225","88671523","103494511"
"55226","88671523","61682593"
"55227","88671523","78891546"
"55228","88671523","88670551"
"55229","88671523","67695351"
"55230","88671523","61683600"
"55231","88671523","78895501"
"55232","88671523","80126100"
"55233","88671523","103494508"
"55234","88671523","71485290"
"55235","88671523","78892912"
"55236","88671523","80123612"
"55237","92249875","61680678"
"55238","92249875","94196658"
"55239","92249875","57829513"
"55240","92249875","58142284"
"55241","92249875","104177109"
"55242","92249875","62954880"
"55243","92249875","64983254"
"55244","92249875","78892765"
"55245","92249875","96092342"
"55246","92249875","78895940"
"55247","92249875","99973463"
"55248","92249875","65800170"
"55249","92249875","62957246"
"55250","92249875","103342358"
"55251","92249875","59213793"
"55252","92249875","103503372"
"55253","92249875","78888235"
"55254","92249875","86685119"
"55255","92251819","59669030"
"55256","92251819","88626684"
"55257","92251819","97748573"
"55258","92251819","78891984"
"55259","92251819","99978248"
"55260","92251819","86686042"
"55261","92251819","59667653"
"55262","92251819","99976799"
"55263","92251819","64981293"
"55264","92251819","103338387"
"55265","92251819","103086591"
"55266","92251819","104178105"
"55267","92251819","65804747"
"55268","92251819","92440309"
"55269","92251819","103337115"
"55270","92251819","103081472"
"55271","92251819","58139692"
"55272","92251819","99977664"
"55273","92251819","104173831"
"55274","92251819","65802592"
"55275","92251819","103081791"
"55276","92251819","88676073"
"55277","92251819","103087957"
"55278","92251819","92254773"
"55279","92251819","92251301"
"55280","92251819","80129646"
"55281","92251819","97745804"
"55282","92251819","96093486"
"55283","92251819","94201467"
"55284","92445678","103088294"
"55285","92445678","69502062"
"55286","92445678","78891547"
"55287","92445678","97752150"
"55288","92447623","80122346"
"55289","92447623","80119114"
"55290","92447623","62955138"
"55291","92447623","103494680"
"55292","92447623","64980622"
"55293","92447623","104176748"
"55294","92447623","61772391"
"55295","92447623","86685482"
"55296","92447623","103339747"
"55297","92447623","65985710"
"55298","92447623","57821205"
"55299","92447623","69506271"
"55300","92447623","96093491"
"55301","94195308","65802397"
"55302","94195308","67695438"
"55303","94195308","61684697"
"55304","94195308","64977430"
"55305","94195308","92256965"
"55306","94195308","88676912"
"55307","94195308","99978012"
"55308","94195308","103083299"
"55309","94195308","57821865"
"55310","94195308","58141269"
"55311","94195308","65988149"
"55312","94195308","67695010"
"55313","94195308","103502422"
"55314","94195308","92255948"
"55315","94195308","59658500"
"55316","94195308","86683076"
"55317","94195308","58142019"
"55318","94197251","78894268"
"55319","94197251","97750445"
"55320","94197251","67695060"
"55321","94197251","96095440"
"55322","94197251","88620395"
"55323","94197251","103083617"
"55324","94197251","61683548"
"55325","94197251","69505319"
"55326","94197251","99976807"
"55327","94197251","99978058"
"55328","94197251","103504429"
"55329","94197251","61769887"
"55330","94197251","61772051"
"55331","94197251","94200208"
"55332","94197251","86679465"
"55333","94197251","65802893"
"55334","94197251","57822684"
"55335","94197251","103336837"
"55336","94197251","65801603"
"55337","94197251","104176703"
"55338","94197251","65797118"
"55339","94197251","96092235"
"55340","94197251","88677526"
"55341","94197251","88622183"
"55342","94197251","71487945"
"55343","94197251","92442715"
"55344","94197251","61578846"
"55345","94197251","103495054"
"55346","94197251","57821157"
"55347","94197251","103336842"
"55348","94197251","61768271"
"55349","94197251","103085994"
"55350","94197251","61769889"
"55351","96092800","97752841"
"55352","96093356","58142263"
"55353","96097600","69505659"
"55354","96097600","103086769"
"55355","96097600","57820272"
"55356","96097600","99976780"
"55357","96097600","71483032"
"55358","96097600","78896477"
"55359","96097600","88623026"
"55360","96097600","92257370"
"55361","96097600","58151814"
"55362","96097600","59215815"
"55363","96097600","61775186"
"55364","96097600","92254188"
"55365","96097600","65800167"
"55366","96097600","86684216"
"55367","96097600","88676347"
"55368","96097600","94202083"
"55369","96097600","65802406"
"55370","96097600","88671655"
"55371","96097600","103504314"
"55372","96097600","69507092"
"55373","96097600","57823163"
"55374","96097600","92446241"
"55375","96097600","88624769"
"55376","96097600","88671323"
"55377","96097600","88671545"
"55378","96097600","103082454"
"55379","96097600","67695327"
"55380","96097600","59671605"
"55381","96097600","88619685"
"55382","96097600","62961960"
"55383","96097600","94202556"
"55384","96097600","103084693"
"55385","96097600","99977204"
"55386","96099328","103495464"
"55387","96099328","65803613"
"55388","96099328","59667503"
"55389","96099328","67692410"
"55390","97745779","61686970"
"55391","97745779","65802252"
"55392","97745779","65982961"
"55393","97745779","58139691"
"55394","97747466","58142985"
"55395","97747466","96091922"
"55396","97747466","65802584"
"55397","97747466","78889999"
"55398","97747466","92438906"
"55399","97747466","92257337"
"55400","97747466","65982837"
"55401","97747466","94195706"
"55402","97751708","61683079"
"55403","97752264","69504823"
"55404","99970969","88620602"
"55405","99970969","69503084"
"55406","99970969","58139538"
"55407","99970969","94199006"
"55408","99972656","58272255"
"55409","99972656","64914435"
"55410","99972656","58142369"
"55411","99972656","103504480"
"55412","99972656","86684396"
"55413","99972656","58141350"
"55414","99972656","64914104"
"55415","99972656","64915859"
"55416","99972656","92440212"
"55417","99976898","80125894"
"55418","99977454","58138960"
"55419","103080101","94195703"
"55420","103335171","59669757"
"55421","103490470","59659718"
"55422","104170245","96093273"
"55423","57818792","64978567"
"55424","57818793","88620274"
"55425","57820215","64912523"
"55426","57820215","88620349"
"55427","58139077","103342316"
"55428","58139078","78888287"
"55429","58140500","59668186"
"55430","58140500","104176665"
"55431","61686908","69505324"
"55432","61774800","59216305"
"55433","62955147","88619595"
"55434","64909925","88619668"
"55435","65797244","61581491"
"55436","65982819","96092382"
"55437","67690192","94198468"
"55438","69499914","65986559"
"55439","71482576","58141848"
"55440","78888262","96093455"
"55441","80129618","71484929"
"55442","86678391","65804156"
"55443","88626812","103080097"
"55444","88669845","104175984"
"55445","92250141","94203208"
"55446","92447356","86680912"
"55447","94195574","57820403"
"55448","96092813","88676983"
"55449","96094623","92443808"
"55450","97750442","71489829"
"55451","97752251","103086085"
"55452","99975632","92250270"
"55453","99977441","86685046"
"55454","103080225","65983206"
"55455","103335295","94201577"
"55456","103490594","65804072"
"55457","104170369","78894479"
"55458","57821542","103335132"
"55459","57822841","96093476"
"55460","58141827","103084745"
"55461","58143126","69503594"
"55462","58342569","65801725"
"55463","71484818","64914076"
"55464","88669969","57824016"
"55465","94195698","65797631"
"55466","96092063","80123843"
"55467","96092067","104178002"
"55468","96092069","88625104"
"55469","96097507","88622188"
"55470","96097578","69505528"
"55471","97747488","69505260"
"55472","97747559","94202720"
"55473","97752994","94195525"
"55474","97752996","61684317"
"55475","97753000","104171380"
"55476","99972678","99977359"
"55477","99972749","61581032"
"55478","99978184","78895472"
"55479","99978186","61681570"
"55480","99978190","67692485"
"55481","103080050","94197860"
"55482","103080050","69504818"
"55483","103080050","65801531"
"55484","103080050","64980618"
"55485","103080050","65802435"
"55486","103335120","97751596"
"55487","103335120","67697234"
"55488","103335120","103338564"
"55489","103335120","103492928"
"55490","103335120","69508393"
"55491","103490419","59218211"
"55492","103490419","64914822"
"55493","103490419","92440830"
"55494","103490419","103086521"
"55495","103490419","78888270"
"55496","104170194","61775652"
"55497","104170194","103492089"
"55498","104170194","65987175"
"55499","104170194","88677081"
"55500","104170194","94203813"
"55501","57819757","61686645"
"55502","57820176","86680203"
"55503","57820179","103085822"
"55504","57820181","92440873"
"55505","57820904","67696038"
"55506","57820911","80129486"
"55507","57829445","61772402"
"55508","58140042","80127911"
"55509","58140461","96092897"
"55510","58140464","94202120"
"55511","58140466","99972635"
"55512","58141189","80123145"
"55513","58141196","94203250"
"55514","58151820","57822700"
"55515","59211467","86684082"
"55516","59658469","78894734"
"55517","59658469","57822555"
"55518","61578716","65987294"
"55519","61578716","104173500"
"55520","61686934","96099316"
"55521","61686934","97751621"
"55522","61774826","94201931"
"55523","61774826","96092910"
"55524","62955173","86681593"
"55525","62955173","86684291"
"55526","64909951","104171279"
"55527","64909951","80127805"
"55528","64909951","99973307"
"55529","64977443","67694651"
"55530","64977443","59217285"
"55531","65797270","65797241"
"55532","65797270","103085952"
"55533","65797270","69503794"
"55534","65982845","94200231"
"55535","65982845","99974253"
"55536","67690218","61683710"
"55537","67690218","88676349"
"55538","67690218","92252536"
"55539","69499940","65799249"
"55540","69499940","58142011"
"55541","69499940","92440200"
"55542","69499940","69503944"
"55543","69499940","65797863"
"55544","71482602","57820352"
"55545","71482602","86686215"
"55546","71482602","67695367"
"55547","71482602","86683025"
"55548","78888211","97753015"
"55549","78888211","67697320"
"55550","78888211","97753601"
"55551","78888211","92442743"
"55552","80129669","61584381"
"55553","80129669","99972994"
"55554","80129669","71484924"
"55555","80129669","71487525"
"55556","80129669","103343035"
"55557","86678340","64917771"
"55558","86678340","62960111"
"55559","86678340","103084680"
"55560","86678340","61775552"
"55561","86678340","88623774"
"55562","88626863","61583745"
"55563","88626863","59658225"
"55564","88626863","61683600"
"55565","88626863","61681997"
"55566","88626863","99978016"
"55567","88669794","88625112"
"55568","88669794","103504378"
"55569","88669794","65802564"
"55570","88669794","99972078"
"55571","88669794","103085874"
"55572","92250090","67693475"
"55573","92250090","67695501"
"55574","92250090","62959354"
"55575","92250090","67694868"
"55576","92250090","103502419"
"55577","92447407","103339742"
"55578","92447407","94202114"
"55579","92447407","92256869"
"55580","92447407","62955045"
"55581","92447407","78890274"
"55582","94195523","69504304"
"55583","94195523","61687881"
"55584","94195523","103343035"
"55585","94195523","88677496"
"55586","94195523","65988750"
"55587","96092821","61684507"
"55588","96094660","92442694"
"55589","96094660","80127632"
"55590","97750405","57819443"
"55591","97752243","65799245"
"55592","99975595","71488107"
"55593","99977433","88621003"
"55594","103081771","61768510"
"55595","103081816","96097260"
"55596","103081819","61586158"
"55597","103081864","92440888"
"55598","103081876","69506657"
"55599","103081880","65987845"
"55600","103082263","71485784"
"55601","103082263","59216215"
"55602","103087127","94201407"
"55603","103336841","103494343"
"55604","103336886","58350216"
"55605","103336889","103494505"
"55606","103336934","58140557"
"55607","103336946","62959213"
"55608","103336950","103490570"
"55609","103337333","103342772"
"55610","103337333","59669485"
"55611","103342197","103336209"
"55612","103492140","92252183"
"55613","103492185","103339647"
"55614","103492188","61770494"
"55615","103492233","88620978"
"55616","103492245","103494443"
"55617","103492249","71486626"
"55618","103492632","61681324"
"55619","103492632","92440957"
"55620","103494940","103087139"
"55621","104171915","78896079"
"55622","104171960","67697225"
"55623","104171963","59215707"
"55624","104172008","103343732"
"55625","104172020","86684851"
"55626","104172024","104176707"
"55627","104172407","61579171"
"55628","104172407","67690189"
"55629","104177271","103494128"
"55630","57819734","57821260"
"55631","57820016","64977831"
"55632","57820035","71488174"
"55633","57820396","64982950"
"55634","57829539","86679584"
"55635","57829539","71486170"
"55636","57829558","99977608"
"55637","58140019","71487132"
"55638","58140301","88672632"
"55639","58140320","104172490"
"55640","58140681","57829376"
"55641","58151914","88677762"
"55642","58151914","86678341"
"55643","58151933","64915088"
"55644","58272264","96091055"
"55645","58272268","94198602"
"55646","59211581","58141472"
"55647","59211591","57819407"
"55648","59211854","57822354"
"55649","59211866","92252513"
"55650","59211870","80129593"
"55651","59211930","59669195"
"55652","59658604","103342233"
"55653","59658803","57822114"
"55654","59658842","80123238"
"55655","59659697","71484919"
"55656","59659727","103087674"
"55657","59659737","64915100"
"55658","59659883","59658600"
"55659","59665178","59211505"
"55660","61578830","64983139"
"55661","61578842","69499916"
"55662","61579104","103337584"
"55663","61579116","103081871"
"55664","61579120","88622268"
"55665","61579181","59217732"
"55666","61686986","92256370"
"55667","61687048","67697916"
"55668","61687060","97745970"
"55669","61687322","65797757"
"55670","61687334","97751679"
"55671","61687338","92251962"
"55672","61687403","65804123"
"55673","61687403","61687039"
"55674","61774878","96092896"
"55675","61774940","104177356"
"55676","61774952","92446284"
"55677","61775214","92440147"
"55678","61775226","64982459"
"55679","61775230","58272231"
"55680","61775295","59671086"
"55681","61775295","64913026"
"55682","62955226","71486531"
"55683","62955286","103339756"
"55684","62955298","61774587"
"55685","62955565","58342222"
"55686","62955577","88620395"
"55687","62955581","58336185"
"55688","62955650","96096042"
"55689","62955650","103491961"
"55690","64910004","103080108"
"55691","64910064","57818416"
"55692","64910076","92253838"
"55693","64910339","80122540"
"55694","64910351","57822572"
"55695","64910355","86684179"
"55696","64910428","94201396"
"55697","64910428","80126053"
"55698","64977557","62960197"
"55699","64977569","61768092"
"55700","64977831","65801940"
"55701","64977843","69499914"
"55702","64977847","65983250"
"55703","64977908","88670955"
"55704","65797323","94203280"
"55705","65797384","103343435"
"55706","65797396","103492132"
"55707","65797659","80121991"
"55708","65797671","99976874"
"55709","65797675","88676780"
"55710","65797748","64915416"
"55711","65797748","92256607"
"55712","65982898","92443983"
"55713","65982958","78891773"
"55714","65982970","69504829"
"55715","65983234","61680191"
"55716","65983246","71486374"
"55717","65983250","86685210"
"55718","65983323","65801806"
"55719","65983323","71484758"
"55720","67690271","61684122"
"55721","67690332","103340941"
"55722","67690344","67696040"
"55723","67690605","61584525"
"55724","67690617","103086993"
"55725","67690621","64984740"
"55726","67690695","61768508"
"55727","67690695","103336545"
"55728","67692396","96097516"
"55729","69499993","99972465"
"55730","69500055","57818632"
"55731","69500067","65801903"
"55732","69500359","103503367"
"55733","69500371","99973538"
"55734","69500375","80123771"
"55735","69500450","69503834"
"55736","69500450","92250095"
"55737","69502183","61680491"
"55738","71482657","96088984"
"55739","71482720","64911932"
"55740","71482732","57829556"
"55741","71483024","96093490"
"55742","71483036","103336849"
"55743","71483040","65985657"
"55744","71483115","92258356"
"55745","71483115","58140848"
"55746","71484856","67692391"
"55747","78889974","94205728"
"55748","78890019","80123695"
"55749","78890022","88619632"
"55750","78890067","92254785"
"55751","78890079","99972768"
"55752","78890083","86679923"
"55753","78890467","65801610"
"55754","78890467","97751688"
"55755","78895334","71488548"
"55756","80122546","59211866"
"55757","80127413","99975667"
"55758","80127413","97749351"
"55759","80127797","88619460"
"55760","80127801","78890549"
"55761","80127813","103491582"
"55762","80127858","92445061"
"55763","80127861","97752243"
"55764","80127906","97747559"
"55765","86680103","88620277"
"55766","86680148","62957995"
"55767","86680151","80123814"
"55768","86680196","69500456"
"55769","86680208","58139839"
"55770","86680212","103342824"
"55771","86680596","88673566"
"55772","86680596","69503551"
"55773","86685462","92445370"
"55774","88619741","57822386"
"55775","88624607","57829541"
"55776","88624607","103492329"
"55777","88624991","58142916"
"55778","88624995","103081913"
"55779","88625007","71487362"
"55780","88625052","97748972"
"55781","88625055","92445785"
"55782","88625100","80121871"
"55783","88671557","58141314"
"55784","88671602","96092065"
"55785","88671605","67696795"
"55786","88671650","64982495"
"55787","88671662","78894054"
"55788","88671666","78889735"
"55789","88672050","64909988"
"55790","88672050","103493616"
"55791","88676916","69502211"
"55792","92251853","103337581"
"55793","92251898","88676939"
"55794","92251901","103338805"
"55795","92251946","92440538"
"55796","92251958","92252315"
"55797","92251962","88674472"
"55798","92252346","61683906"
"55799","92252346","86686606"
"55800","92257212","58139523"
"55801","92440285","88675537"
"55802","92445151","88672680"
"55803","92445151","88676492"
"55804","92445535","59216008"
"55805","92445539","69504862"
"55806","92445551","78895916"
"55807","92445596","104171993"
"55808","92445599","71486977"
"55809","92445644","57821126"
"55810","94197285","65797312"
"55811","94197330","69503510"
"55812","94197333","65989046"
"55813","94197378","78891993"
"55814","94197390","64982355"
"55815","94197394","61774967"
"55816","94197778","96092061"
"55817","94197778","61772438"
"55818","94202644","103336942"
"55819","96092043","80122953"
"55820","96092055","92251215"
"55821","96092115","94195717"
"55822","96092328","94203797"
"55823","96092328","61768583"
"55824","96092564","80123151"
"55825","96092564","92440185"
"55826","96094734","94195320"
"55827","96094736","59670636"
"55828","96095930","65986973"
"55829","96095931","103087878"
"55830","96095932","97747263"
"55831","96096180","97752996"
"55832","96096383","103491940"
"55833","96096542","67692356"
"55834","96097073","96091357"
"55835","96097073","80128548"
"55836","96097520","62957542"
"55837","96097520","69503136"
"55838","96097520","69499934"
"55839","96097520","62955147"
"55840","96097623","67697917"
"55841","96099156","92257035"
"55842","96099156","104170253"
"55843","96099178","92256144"
"55844","96099178","104175989"
"55845","96099178","88624999"
"55846","96099277","92256604"
"55847","97745830","99975635"
"55848","97745929","104170387"
"55849","97745929","96092962"
"55850","97745929","103080071"
"55851","97745951","67694834"
"55852","97745951","64910081"
"55853","97747443","99976517"
"55854","97747546","104177154"
"55855","97747546","88622123"
"55856","97747546","58144165"
"55857","97747546","103502354"
"55858","97747992","88671633"
"55859","97747992","59658567"
"55860","97748523","103085981"
"55861","97748682","103084685"
"55862","97749133","92444895"
"55863","97749134","65801529"
"55864","97749135","64912358"
"55865","97750329","96091657"
"55866","97750331","88673086"
"55867","97752500","92447384"
"55868","97752500","67695577"
"55869","97752736","58141326"
"55870","97752736","88622195"
"55871","97752948","92256498"
"55872","97753008","61581834"
"55873","97753020","78894646"
"55874","99971020","71487492"
"55875","99971119","103492863"
"55876","99971119","94198027"
"55877","99971119","88676931"
"55878","99971141","86679902"
"55879","99971141","69505527"
"55880","99972633","65799752"
"55881","99972736","88619111"
"55882","99972736","64982951"
"55883","99972736","103086771"
"55884","99972736","88618999"
"55885","99973182","99975514"
"55886","99973182","80129609"
"55887","99973713","94198896"
"55888","99973872","94202367"
"55889","99974323","71482576"
"55890","99974324","103492216"
"55891","99974325","80125570"
"55892","99975519","103082637"
"55893","99975521","92441462"
"55894","99977690","80122355"
"55895","99977690","104172620"
"55896","99977926","69503852"
"55897","99977926","88626816"
"55898","99978138","103337333"
"55899","99978198","92255962"
"55900","99978210","86685623"
"55901","103080061","97748625"
"55902","103080061","103084703"
"55903","103081863","64977807"
"55904","103081875","86678416"
"55905","103081879","59215818"
"55906","103335131","69500858"
"55907","103335131","57822075"
"55908","103336933","59658440"
"55909","103336945","104171772"
"55910","103336949","58151803"
"55911","103490430","94199304"
"55912","103490430","59214198"
"55913","103492232","67696453"
"55914","103492244","88676215"
"55915","103492248","58141034"
"55916","104170205","67690088"
"55917","104170205","78895476"
"55918","104172007","99976885"
"55919","104172019","57820720"
"55920","104172023","59669599"
"55921","57819724","62960519"
"55922","57820233","99974551"
"55923","57820720","61771162"
"55924","57820735","71485765"
"55925","57821066","96091176"
"55926","57822132","103494507"
"55927","57822179","59669123"
"55928","57822188","86682224"
"55929","57822197","103088350"
"55930","57822206","99975522"
"55931","57822857","96099323"
"55932","57822857","94198861"
"55933","58140009","96092868"
"55934","58140518","99977233"
"55935","58141005","65984954"
"55936","58141020","96092961"
"55937","58141351","71489350"
"55938","58142417","65798031"
"55939","58142464","71487099"
"55940","58142473","78891461"
"55941","58142482","88677542"
"55942","58142491","65800676"
"55943","58143142","94201406"
"55944","58143142","57822842"
"55945","58272263","59669055"
"55946","58272267","71489779"
"55947","58341304","67694902"
"55948","59211474","65989040"
"55949","59211853","64914443"
"55950","59211865","62960504"
"55951","59211869","103490444"
"55952","59658489","97752501"
"55953","59659695","99976816"
"55954","59659726","64981810"
"55955","59659735","88619674"
"55956","61578723","64977562"
"55957","61579103","71483021"
"55958","61579115","67696445"
"55959","61579119","88622190"
"55960","61686941","62961961"
"55961","61687321","59658571"
"55962","61687333","86685745"
"55963","61687337","97752995"
"55964","61774833","96097538"
"55965","61775213","92255971"
"55966","61775225","104177927"
"55967","61775229","88676319"
"55968","62955180","61687334"
"55969","62955564","104171282"
"55970","62955576","88621051"
"55971","62955580","64984326"
"55972","64909958","103081549"
"55973","64910338","104173498"
"55974","64910350","78891093"
"55975","64910354","67695717"
"55976","64977450","59213424"
"55977","64977830","96091744"
"55978","64977842","65797659"
"55979","64977846","65802600"
"55980","65797277","99972549"
"55981","65797658","94199310"
"55982","65797670","99975618"
"55983","65797674","86685299"
"55984","65982852","104177025"
"55985","65983233","104178420"
"55986","65983245","67691063"
"55987","65983249","64913238"
"55988","67690225","86683028"
"55989","67690604","104174747"
"55990","67690616","64911948"
"55991","67690620","94198404"
"55992","69499947","71483027"
"55993","69499947","94198837"
"55994","69500358","103494663"
"55995","69500370","64915097"
"55996","69500374","64984729"
"55997","71482609","80122394"
"55998","71482609","86681178"
"55999","71483023","103492252"
"56000","71483035","94195698"
"56001","71483039","103338513"
"56002","78888222","104173400"
"56003","78888222","86684184"
"56004","78890066","61681324"
"56005","78890078","92257776"
"56006","78890082","92439655"
"56007","80127798","65983247"
"56008","80127802","67693005"
"56009","80127814","88623430"
"56010","80129658","103502560"
"56011","80129658","58141449"
"56012","86678351","69500067"
"56013","86678351","64983157"
"56014","86680195","58341848"
"56015","86680207","88623460"
"56016","86680211","88677755"
"56017","88624992","99976759"
"56018","88624996","80125000"
"56019","88625008","99973573"
"56020","88626852","64911957"
"56021","88626852","88624419"
"56022","88669805","69505506"
"56023","88669805","94196675"
"56024","88671649","59665138"
"56025","88671661","59659716"
"56026","88671665","104175989"
"56027","92250101","67693007"
"56028","92250101","61774142"
"56029","92251945","99973642"
"56030","92251957","61681325"
"56031","92251961","99972064"
"56032","92445536","78894473"
"56033","92445540","57822132"
"56034","92445552","97751452"
"56035","92447396","64910078"
"56036","92447396","92254769"
"56037","94195534","59669596"
"56038","94195534","61684399"
"56039","94197377","69507100"
"56040","94197389","96092823"
"56041","94197393","67697227"
"56042","96092076","94201892"
"56043","96097620","88671329"
"56044","96099317","80126005"
"56045","97745790","61686630"
"56046","97747446","59217699"
"56047","97752987","103503320"
"56048","99970980","61680190"
"56049","99972636","94197337"
"56050","99978177","65802386"
"56051","103081140","61686632"
"56052","103336210","96092812"
"56053","103491509","92253514"
"56054","104171284","103491869"
"56055","57819531","80125566"
"56056","57821026","65799357"
"56057","57821026","64912372"
"56058","57821039","61684152"
"56059","57821040","97752738"
"56060","57821186","103084737"
"56061","57821751","78894078"
"56062","58139816","97748075"
"56063","58141311","97747445"
"56064","58141311","67692466"
"56065","58141324","103088295"
"56066","58141325","104171915"
"56067","58141471","65800166"
"56068","58142036","65988758"
"56069","58342069","65803333"
"56070","58342221","103491665"
"56071","61684691","62957151"
"56072","61772586","71485926"
"56073","62955988","88621008"
"56074","64910777","61687338"
"56075","65798102","67695698"
"56076","67691058","67692356"
"56077","69500827","96096825"
"56078","71483498","104176705"
"56079","78889343","103084107"
"56080","80128537","92445823"
"56081","86679472","65802346"
"56082","88625731","71489834"
"56083","88670926","71484738"
"56084","92251222","57822121"
"56085","92446275","96092893"
"56086","94196654","65989572"
"56087","96094621","103086474"
"56088","96094622","88678450"
"56089","97750443","69499947"
"56090","97750443","58139608"
"56091","97750444","88620084"
"56092","99975633","64983650"
"56093","99975633","67696759"
"56094","99975634","92439655"
"56095","57819436","61579076"
"56096","57819444","96095492"
"56097","57819479","88671319"
"56098","57821185","104172664"
"56099","57821185","103493691"
"56100","58139721","92253875"
"56101","58139729","92253373"
"56102","58139764","99971126"
"56103","58141470","78894073"
"56104","58141470","86684208"
"56105","58340574","57821795"
"56106","58340582","103501696"
"56107","58342220","97751570"
"56108","58342220","78894731"
"56109","96092815","104172655"
"56110","96092815","92441521"
"56111","96092818","88620978"
"56112","96094647","86681942"
"56113","96094649","61685917"
"56114","97750416","69503268"
"56115","97750418","57820746"
"56116","97750418","71485745"
"56117","97752246","69505816"
"56118","97752249","103081538"
"56119","97752249","59215647"
"56120","99975606","58139721"
"56121","99975608","103342066"
"56122","99977436","78894801"
"56123","99977439","88623269"
"56124","99977439","86682894"
"56125","103083387","99976898"
"56126","103085830","103336538"
"56127","103087261","64913192"
"56128","103338457","61769985"
"56129","103340900","78888263"
"56130","103342331","65982884"
"56131","103493756","103502354"
"56132","103501912","78894642"
"56133","103502473","88675763"
"56134","104173531","103503488"
"56135","104175974","92446141"
"56136","104177405","103080229"
"56137","57819249","94201983"
"56138","57819249","57822982"
"56139","57819466","64909933"
"56140","57820433","88669945"
"56141","57821183","58142986"
"56142","57821183","69500847"
"56143","57821183","61768393"
"56144","57821184","65799174"
"56145","57821302","59667606"
"56146","57821892","94200200"
"56147","57822389","103494429"
"56148","57822390","92253754"
"56149","57829374","78890079"
"56150","58139534","78895435"
"56151","58139534","103084600"
"56152","58139751","103081863"
"56153","58140718","57818920"
"56154","58141468","65985283"
"56155","58141468","80122404"
"56156","58141468","92444835"
"56157","58141469","71487411"
"56158","58141587","88622149"
"56159","58142177","78889424"
"56160","58142674","88623026"
"56161","58142675","69505529"
"56162","58151749","69502211"
"56163","58320981","92439543"
"56164","58342218","92441536"
"56165","58342218","64984317"
"56166","58342218","62957132"
"56167","58342219","61578822"
"56168","58342337","88624996"
"56169","58343385","67698512"
"56170","58350188","96092615"
"56171","59215623","88619173"
"56172","59216209","71489791"
"56173","59216476","61682047"
"56174","59668911","103081148"
"56175","59669514","71485922"
"56176","59669783","88676235"
"56177","61583618","59668632"
"56178","61584590","97752259"
"56179","61584859","99979213"
"56180","61680396","67695717"
"56181","61680666","86686039"
"56182","61684275","104176929"
"56183","61768300","92440856"
"56184","61768570","61583134"
"56185","61772170","103504294"
"56186","62959495","61686413"
"56187","62960226","65799327"
"56188","62960497","103082519"
"56189","64914224","59668640"
"56190","64914849","71487995"
"56191","64915115","69502591"
"56192","64982235","88676931"
"56193","64983156","103504425"
"56194","64983425","99978593"
"56195","65801682","97747627"
"56196","65802307","57829368"
"56197","65802575","99971157"
"56198","65987133","59668779"
"56199","65987758","88669945"
"56200","65988024","69504748"
"56201","67694797","99971015"
"56202","67695422","96094593"
"56203","67695710","88619728"
"56204","69504602","67692860"
"56205","69505228","99974529"
"56206","69505516","103493609"
"56207","71487284","80126005"
"56208","71487910","62955291"
"56209","71488198","65986969"
"56210","78891591","92442666"
"56211","78894036","88669806"
"56212","78895468","58141271"
"56213","80122412","67690345"
"56214","80123844","96099175"
"56215","80126289","64980498"
"56216","86681720","58140826"
"56217","86684164","99974252"
"56218","86685596","88671324"
"56219","88619607","62959695"
"56220","88621039","80123852"
"56221","88623483","99972636"
"56222","88673174","103502083"
"56223","88675618","99975641"
"56224","88677050","58343548"
"56225","92253470","65989045"
"56226","92255914","59666551"
"56227","92257346","57822539"
"56228","92440151","103337581"
"56229","92441583","94197273"
"56230","92444027","59665178"
"56231","94198902","67695427"
"56232","94201346","92443782"
"56233","94202778","78892895"
"56234","96097568","71486082"
"56235","96097568","96094623"
"56236","97747498","99978991"
"56237","97747498","99975519"
"56238","99972688","67695090"
"56239","99972688","104176710"
"56240","103080200","103086594"
"56241","103080200","99978886"
"56242","103080200","99973501"
"56243","103083385","69503260"
"56244","103083438","61680500"
"56245","103083504","61680492"
"56246","103083504","97753061"
"56247","103083504","78888404"
"56248","103083504","103502310"
"56249","103083504","86684855"
"56250","103083504","69506280"
"56251","103083504","67690273"
"56252","103083504","94199304"
"56253","103083504","62961465"
"56254","103083504","71482641"
"56255","103083504","92444463"
"56256","103083504","96096088"
"56257","103083504","99974263"
"56258","103083504","59217759"
"56259","103083504","94202041"
"56260","103083504","67695093"
"56261","103083504","69504600"
"56262","103083504","88620883"
"56263","103083504","94201114"
"56264","103083504","61578833"
"56265","103083504","92256059"
"56266","103083504","103494137"
"56267","103083504","64915048"
"56268","103083504","58142824"
"56269","103083504","65801901"
"56270","103083504","103494216"
"56271","103083504","61684160"
"56272","103083504","94198926"
"56273","103083504","88620917"
"56274","103083504","69504898"
"56275","103083504","94200185"
"56276","103083504","96092194"
"56277","103083504","67697226"
"56278","103083504","99975595"
"56279","103083504","58336026"
"56280","103083504","99978056"
"56281","103083504","88671610"
"56282","103083504","59669721"
"56283","103083504","67695636"
"56284","103083504","88619105"
"56285","103083504","57822129"
"56286","103083504","57819533"
"56287","103083504","92440421"
"56288","103083504","86685518"
"56289","103083504","103340894"
"56290","103083504","92257092"
"56291","103083504","92255945"
"56292","103083504","61772264"
"56293","103083504","67695508"
"56294","103083504","57819436"
"56295","103083504","103338697"
"56296","103083504","88620440"
"56297","103083504","58341590"
"56298","103083635","104171636"
"56299","103083635","86680099"
"56300","103083635","88620982"
"56301","103083635","71489867"
"56302","103083635","96092900"
"56303","103083635","92445568"
"56304","103083635","96097689"
"56305","103083635","65802508"
"56306","103083635","65802280"
"56307","103083635","103336409"
"56308","103083635","103342063"
"56309","103083635","80129609"
"56310","103083635","80122532"
"56311","103083635","103492600"
"56312","103083635","57820734"
"56313","103083635","103335293"
"56314","103083635","78896070"
"56315","103083635","59213428"
"56316","103083635","99972740"
"56317","103083635","65802100"
"56318","103083635","92256557"
"56319","103083635","86678335"
"56320","103083635","78895198"
"56321","103083635","88677202"
"56322","103083635","78896256"
"56323","103083635","92255683"
"56324","103083635","78891992"
"56325","103083635","92253652"
"56326","103083635","57820822"
"56327","103083635","69499957"
"56328","103083635","80123810"
"56329","103083635","103494386"
"56330","103083635","97752262"
"56331","103083635","59667745"
"56332","103083635","86679547"
"56333","103083635","65987695"
"56334","103083635","59667469"
"56335","103083635","94197391"
"56336","103083635","67690672"
"56337","103083635","65987352"
"56338","103083635","96091308"
"56339","103083635","58141720"
"56340","103083635","94199294"
"56341","103083635","67693427"
"56342","103083635","59671604"
"56343","103083635","103502436"
"56344","103083635","67694868"
"56345","103083635","88674533"
"56346","103083635","88621007"
"56347","103083635","64983446"
"56348","103083635","69505148"
"56349","103083635","59215739"
"56350","103083635","58151759"
"56351","103083635","78894077"
"56352","103083635","96091060"
"56353","103084605","62961978"
"56354","103084730","96092971"
"56355","103084730","99978190"
"56356","103335270","61773814"
"56357","103335270","80123791"
"56358","103335270","103342777"
"56359","103338455","80123692"
"56360","103338508","61775221"
"56361","103338574","65985931"
"56362","103338574","64914077"
"56363","103338574","59211185"
"56364","103338574","67690344"
"56365","103338574","103085797"
"56366","103338574","78896478"
"56367","103338574","59661014"
"56368","103338574","104171678"
"56369","103338574","78892317"
"56370","103338574","88620165"
"56371","103338574","104170384"
"56372","103338574","62961890"
"56373","103338574","80123297"
"56374","103338574","96094607"
"56375","103338574","58140062"
"56376","103338574","65797293"
"56377","103338574","64978547"
"56378","103338574","62959818"
"56379","103338574","96099317"
"56380","103338574","65802254"
"56381","103338574","99973454"
"56382","103338574","64914883"
"56383","103338574","58141718"
"56384","103338574","65986846"
"56385","103338574","103349331"
"56386","103338574","103084747"
"56387","103338574","61687041"
"56388","103338574","94200207"
"56389","103338574","71485328"
"56390","103338574","61768389"
"56391","103338574","64980915"
"56392","103338574","86679885"
"56393","103338574","69507086"
"56394","103338574","58140376"
"56395","103338574","92445868"
"56396","103338574","99978034"
"56397","103338574","103503346"
"56398","103338574","80122254"
"56399","103338574","64916587"
"56400","103338574","58342647"
"56401","103338574","96099326"
"56402","103338574","103494501"
"56403","103338574","59660939"
"56404","103338574","61684535"
"56405","103338574","64977426"
"56406","103338574","97751599"
"56407","103338574","96097568"
"56408","103338574","103491665"
"56409","103338574","61769897"
"56410","103338574","64979743"
"56411","103338574","80127117"
"56412","103338574","71488504"
"56413","103338574","67693285"
"56414","103338705","71486167"
"56415","103338705","96099307"
"56416","103338705","64910080"
"56417","103338705","64914930"
"56418","103338705","92256070"
"56419","103338705","58138630"
"56420","103338705","80123719"
"56421","103338705","61768386"
"56422","103338705","57818599"
"56423","103338705","99978797"
"56424","103338705","59670410"
"56425","103338705","92256774"
"56426","103338705","57819323"
"56427","103338705","103082045"
"56428","103338705","80122662"
"56429","103338705","61682075"
"56430","103338705","103338865"
"56431","103338705","88619650"
"56432","103338705","59658852"
"56433","103338705","104171714"
"56434","103338705","94197269"
"56435","103338705","103085903"
"56436","103338705","58139848"
"56437","103338705","58140323"
"56438","103338705","59668911"
"56439","103338705","78894186"
"56440","103338705","58342371"
"56441","103338705","103503301"
"56442","103338705","96099120"
"56443","103338705","94195575"
"56444","103338705","103087200"
"56445","103338705","58139282"
"56446","103338705","86682458"
"56447","103338705","104174881"
"56448","103338705","57822121"
"56449","103338705","62961895"
"56450","103338705","92250138"
"56451","103338705","88623237"
"56452","103338705","69499914"
"56453","103338705","71487493"
"56454","103338705","80128518"
"56455","103338705","104170388"
"56456","103338705","88625689"
"56457","103338705","64915843"
"56458","103338705","57829363"
"56459","103338705","65797264"
"56460","103338705","97748408"
"56461","103338705","88620351"
"56462","103338705","104176689"
"56463","103338705","65985640"
"56464","103338705","58141772"
"56465","103338705","103491596"
"56466","103338705","80121964"
"56467","103338705","103490495"
"56468","103338705","99971027"
"56469","103339675","65984877"
"56470","103339800","65801888"
"56471","103339800","86682107"
"56472","103490569","58142245"
"56473","103490569","65799687"
"56474","103490569","59671609"
"56475","103493754","59658236"
"56476","103493807","99975609"
"56477","103503319","61585748"
"56478","103503319","103341130"
"56479","103503444","92254774"
"56480","103504414","92446282"
"56481","103504414","71487502"
"56482","103504414","59671611"
"56483","103504414","67695683"
"56484","103504414","61586228"
"56485","103504414","71484826"
"56486","103504414","92255961"
"56487","103504414","97751616"
"56488","103504414","92256606"
"56489","103504414","61680675"
"56490","103504414","97747508"
"56491","103504414","64977548"
"56492","103504414","96092917"
"56493","103504414","96093433"
"56494","103504414","78892904"
"56495","103504414","86680199"
"56496","103504414","64913594"
"56497","103504414","69500374"
"56498","103504414","80123149"
"56499","103504414","103336718"
"56500","103504414","58140969"
"56501","103504414","71487491"
"56502","103504414","103336290"
"56503","103504414","94196983"
"56504","103504414","86684865"
"56505","103504414","94197984"
"56506","103504414","59669595"
"56507","103504414","65800344"
"56508","103504414","103335800"
"56509","103504414","103085875"
"56510","103504414","92441424"
"56511","103504414","99977513"
"56512","103504414","59669314"
"56513","103504414","96091337"
"56514","103504414","71483123"
"56515","103504414","78894492"
"56516","103504414","59216492"
"56517","103504414","97746947"
"56518","103504414","62957128"
"56519","103504414","103343036"
"56520","103504414","103341780"
"56521","103504414","103082547"
"56522","103504414","99977512"
"56523","103504414","59217687"
"56524","103504414","71487964"
"56525","103504414","96094650"
"56526","103504414","78895472"
"56527","103504414","96095224"
"56528","103504414","64984086"
"56529","103504414","94202043"
"56530","103504414","86681672"
"56531","103504414","103494148"
"56532","103504414","104172723"
"56533","103504414","104171639"
"56534","103504545","92447257"
"56535","103504545","64983449"
"56536","103504545","99972053"
"56537","103504545","86681753"
"56538","103504545","92253422"
"56539","103504545","94202110"
"56540","103504545","96092220"
"56541","103504545","92439540"
"56542","103504545","97749541"
"56543","103504545","58138977"
"56544","103504545","80127222"
"56545","103504545","92253430"
"56546","103504545","88672018"
"56547","103504545","58140688"
"56548","103504545","58151764"
"56549","103504545","59213380"
"56550","103504545","58140063"
"56551","103504545","69500856"
"56552","103504545","67695058"
"56553","103504545","78889833"
"56554","103504545","97751695"
"56555","103504545","57820176"
"56556","103504545","99975596"
"56557","103504545","64910055"
"56558","103504545","57822745"
"56559","103504545","57820110"
"56560","103504545","97750408"
"56561","103504545","88625737"
"56562","103504545","65800676"
"56563","103504545","104176119"
"56564","103504545","78892101"
"56565","103504545","78890067"
"56566","103504545","88674467"
"56567","103504545","58141538"
"56568","103504545","61684203"
"56569","103504545","103503306"
"56570","103504545","69500358"
"56571","103504545","96092924"
"56572","103504545","86684201"
"56573","103504545","62955632"
"56574","103504545","58140682"
"56575","103504545","103083087"
"56576","103504545","69504336"
"56577","103504545","57821623"
"56578","103504545","65797006"
"56579","103504545","104175982"
"56580","103504545","96093046"
"56581","103504545","97752128"
"56582","103504545","78896176"
"56583","103504545","64909933"
"56584","103504545","61774840"
"56585","103504545","88626852"
"56586","103504545","69505199"
"56587","104170344","67690189"
"56588","104170344","57821080"
"56589","104170344","61584588"
"56590","104173529","71489795"
"56591","104173582","58139205"
"56592","104173648","88621020"
"56593","104173648","69500832"
"56594","104173648","94201990"
"56595","104173648","61768271"
"56596","104173648","65982819"
"56597","104173648","71482616"
"56598","104173648","104176742"
"56599","104173648","97748972"
"56600","104173648","80121936"
"56601","104173648","59658244"
"56602","104173648","92250141"
"56603","104173648","94199135"
"56604","104173648","104172008"
"56605","104173648","62961218"
"56606","104173648","58140972"
"56607","104173648","86680679"
"56608","104173648","58336228"
"56609","104173648","88675677"
"56610","104173648","88620449"
"56611","104173648","61774808"
"56612","104173648","97753061"
"56613","104173648","103492242"
"56614","104173648","96095230"
"56615","104173648","88677863"
"56616","104173648","97750438"
"56617","104173648","103336842"
"56618","104173648","92447405"
"56619","104173648","58341571"
"56620","104173648","65799891"
"56621","104173648","57821749"
"56622","104173648","86685611"
"56623","104173648","86683049"
"56624","104173648","58144305"
"56625","104173648","104170195"
"56626","104173648","78891460"
"56627","104173648","69504820"
"56628","104173648","96094643"
"56629","104173648","62960224"
"56630","104173648","96096042"
"56631","104173648","71483036"
"56632","104173648","71490475"
"56633","104173648","69502789"
"56634","104173648","97749073"
"56635","104173648","92256675"
"56636","104173648","61680489"
"56637","104173648","69507161"
"56638","104173648","103081134"
"56639","104173648","103335313"
"56640","104173648","86685653"
"56641","104173648","59213437"
"56642","104173648","92441131"
"56643","104173648","65982985"
"56644","104173648","69499985"
"56645","104173779","88625563"
"56646","104173779","88669796"
"56647","104173779","67694849"
"56648","104173779","94198408"
"56649","104173779","103342270"
"56650","104173779","103494136"
"56651","104173779","92443779"
"56652","104173779","67692468"
"56653","104173779","58141410"
"56654","104173779","104175745"
"56655","104173779","99977386"
"56656","104173779","78891452"
"56657","104173779","86684770"
"56658","104173779","92257420"
"56659","104173779","86684859"
"56660","104173779","71489862"
"56661","104173779","58143277"
"56662","104173779","94202078"
"56663","104173779","58140968"
"56664","104173779","61581961"
"56665","104173779","67694721"
"56666","104173779","64980923"
"56667","104173779","61768503"
"56668","104173779","103502458"
"56669","104173779","104171687"
"56670","104173779","103338694"
"56671","104173779","88672285"
"56672","104173779","94197377"
"56673","104173779","86680596"
"56674","104173779","58336133"
"56675","104173779","69502153"
"56676","104173779","61686909"
"56677","104173779","103084715"
"56678","104173779","57822963"
"56679","104173779","86683070"
"56680","104173779","96095898"
"56681","104173779","96095579"
"56682","104173779","103342218"
"56683","104173779","61686978"
"56684","104173779","78893807"
"56685","104173779","99977293"
"56686","104173779","97747068"
"56687","104173779","86679925"
"56688","104173779","61772390"
"56689","104173779","58142332"
"56690","104173779","59211854"
"56691","104173779","78887995"
"56692","104173779","96094665"
"56693","104173779","67693295"
"56694","104173779","97749357"
"56695","104173779","103491509"
"56696","104173779","71487895"
"56697","104173779","59669038"
"56698","104173779","65799684"
"56699","104173779","61684483"
"56700","104173779","69504417"
"56701","104173779","92257079"
"56702","104174749","62960019"
"56703","104174874","58139607"
"56704","104174874","103493668"
"56705","57818580","103336545"
"56706","57818607","88671633"
"56707","57818996","92440539"
"56708","57819143","69505306"
"56709","57819442","96092197"
"56710","57819446","67690225"
"56711","57819468","92250241"
"56712","57819481","59658842"
"56713","57819533","104178108"
"56714","57819557","86684222"
"56715","57820162","80122385"
"56716","57820175","61772284"
"56717","57820250","61773767"
"56718","57820339","71482613"
"56719","57820380","67690346"
"56720","57820427","99977191"
"56721","57820452","62960513"
"56722","57820453","99972472"
"56723","57820453","64914987"
"56724","57820508","62960320"
"56725","57820508","65987103"
"56726","57820510","61683264"
"56727","57820635","71487335"
"56728","57820680","94200208"
"56729","57820694","99972137"
"56730","57820975","69503852"
"56731","57821005","99978015"
"56732","57821301","88676553"
"56733","57821728","103493789"
"56734","57821802","94202033"
"56735","57821845","69502258"
"56736","57821864","97751338"
"56737","57821905","103343113"
"56738","57822538","61687941"
"56739","57822538","69499954"
"56740","57822538","65799757"
"56741","57822547","88626857"
"56742","57822548","88624312"
"56743","57822770","64914224"
"56744","57822815","64909996"
"56745","57822967","88676478"
"56746","57823099","103494432"
"56747","57829363","103085892"
"56748","57829386","72817603"
"56749","57829388","94201313"
"56750","57829395","69499931"
"56751","57829410","103335122"
"56752","57829532","99977186"
"56753","57829536","99970992"
"56754","57829557","61684369"
"56755","57829560","96095989"
"56756","58138865","92442727"
"56757","58138892","78892894"
"56758","58139281","71487506"
"56759","58139428","92439706"
"56760","58139727","69500845"
"56761","58139731","80125114"
"56762","58139753","103491502"
"56763","58139766","94203391"
"56764","58139818","62955289"
"56765","58139842","65802393"
"56766","58140447","88620295"
"56767","58140460","78895507"
"56768","58140535","99973756"
"56769","58140624","61680341"
"56770","58140665","104174824"
"56771","58140712","69499954"
"56772","58140737","62959538"
"56773","58140738","88677101"
"56774","58140738","58339936"
"56775","58140793","104177555"
"56776","58140793","92443809"
"56777","58140795","92441063"
"56778","58140920","78894066"
"56779","58140965","78889424"
"56780","58140979","58344101"
"56781","58141260","94199116"
"56782","58141290","58142834"
"56783","58141586","92252622"
"56784","58142013","92257362"
"56785","58142087","61681341"
"56786","58142130","62957545"
"56787","58142149","64916142"
"56788","58142190","97752014"
"56789","58142823","69502650"
"56790","58142823","103083735"
"56791","58142823","96096440"
"56792","58142832","103491587"
"56793","58142833","80122984"
"56794","58143055","59211594"
"56795","58143100","104171615"
"56796","58143252","69502175"
"56797","58143384","61773784"
"56798","58151738","69502072"
"56799","58151761","61768585"
"56800","58151763","61680480"
"56801","58151770","103336891"
"56802","58151785","103501967"
"56803","58151907","86681625"
"56804","58151911","67690673"
"56805","58151932","97753801"
"56806","58151935","61769239"
"56807","58320976","65801891"
"56808","58335358","62960414"
"56809","58335358","104177977"
"56810","58335358","67692470"
"56811","58335361","94202034"
"56812","58339936","57822115"
"56813","58340237","103339784"
"56814","58340312","92444568"
"56815","58341237","96094629"
"56816","58341573","88624806"
"56817","58341573","57829356"
"56818","58341575","59211870"
"56819","58341680","69507181"
"56820","58342021","65801889"
"56821","58342336","67695481"
"56822","58342893","67695698"
"56823","58342934","92443307"
"56824","58343542","88620148"
"56825","58343542","103080051"
"56826","58343542","65987348"
"56827","58343551","78891993"
"56828","58343552","97751996"
"56829","58343764","88671653"
"56830","58344060","69503401"
"56831","58350209","99978780"
"56832","58350372","103491922"
"56833","59215621","64912786"
"56834","59216207","103491543"
"56835","59217022","88620975"
"56836","59217022","80129495"
"56837","59217022","99976520"
"56838","59217022","88626805"
"56839","59217022","57822607"
"56840","59217022","59669179"
"56841","59217022","88619995"
"56842","59217022","96092809"
"56843","59217022","94200076"
"56844","59217022","104170241"
"56845","59217022","92257218"
"56846","59217022","57819547"
"56847","59217022","104176008"
"56848","59217022","88623088"
"56849","59217022","69499951"
"56850","59217022","61685854"
"56851","59217022","103504444"
"56852","59217022","99975596"
"56853","59217022","61686738"
"56854","59217022","58142417"
"56855","59217022","61681333"
"56856","59217022","94202392"
"56857","59217022","57819750"
"56858","59217022","103339793"
"56859","59217022","86680844"
"56860","59217022","71482752"
"56861","59217022","104178648"
"56862","59217022","80129476"
"56863","59217022","62957150"
"56864","59217022","57822861"
"56865","59217022","92442685"
"56866","59217025","94202036"
"56867","59217025","69504896"
"56868","59658376","61685782"
"56869","59668909","59669127"
"56870","59669512","92256034"
"56871","59670348","65988691"
"56872","59670348","92256365"
"56873","59670348","103086578"
"56874","59670348","94202285"
"56875","59670348","62957187"
"56876","59670348","61772586"
"56877","59670348","94195697"
"56878","59670348","58340750"
"56879","59670348","94198411"
"56880","59670348","103082435"
"56881","59670348","103081174"
"56882","59670348","99973182"
"56883","59670348","96099148"
"56884","59670348","88620988"
"56885","59670348","64913043"
"56886","59670348","67694532"
"56887","59670348","103086473"
"56888","59670348","104171362"
"56889","59670348","57822862"
"56890","59670348","99977360"
"56891","59670348","61687075"
"56892","59670348","58142414"
"56893","59670348","99977508"
"56894","59670348","64911948"
"56895","59670348","104174831"
"56896","59670348","57829540"
"56897","59670348","103341026"
"56898","59670348","88623427"
"56899","59670348","86684606"
"56900","59670348","58139753"
"56901","59670348","96095703"
"56902","59670348","58139534"
"56903","59670348","103492947"
"56904","59670348","62957182"
"56905","59670348","103337423"
"56906","59670348","88625382"
"56907","59670348","88620602"
"56908","59670348","65987401"
"56909","59670348","97750416"
"56910","59670348","96092911"
"56911","59670348","99976822"
"56912","59670348","94202726"
"56913","59670348","61684482"
"56914","59670348","88669983"
"56915","59670348","78892897"
"56916","59670348","104172933"
"56917","59670348","71486233"
"56918","59670348","104176519"
"56919","59670348","69502210"
"56920","59670348","69504897"
"56921","59670348","86683022"
"56922","59670348","78894635"
"56923","59670356","96092802"
"56924","59670356","94201917"
"56925","61578691","57822031"
"56926","61583616","96094651"
"56927","61584588","97752269"
"56928","61585451","80127812"
"56929","61585451","57820958"
"56930","61585451","64911926"
"56931","61585451","97752075"
"56932","61585451","59658567"
"56933","61585451","71487990"
"56934","61585451","103082846"
"56935","61585451","96096901"
"56936","61585451","92251929"
"56937","61585451","61578708"
"56938","61585451","67695512"
"56939","61585451","69505481"
"56940","61585451","71485276"
"56941","61585451","64912752"
"56942","61585451","92256065"
"56943","61585451","61774800"
"56944","61585451","97752845"
"56945","61585451","78889735"
"56946","61585451","80122361"
"56947","61585451","61775217"
"56948","61585451","58142025"
"56949","61585451","65801542"
"56950","61585451","78888213"
"56951","61585451","92256806"
"56952","61585451","65797664"
"56953","61585451","61773746"
"56954","61585451","67694771"
"56955","61585451","92442720"
"56956","61585451","69506636"
"56957","61585451","64978579"
"56958","61585451","104172657"
"56959","61585451","78895410"
"56960","61585451","88625149"
"56961","61585451","99979214"
"56962","61585451","97752160"
"56963","61585451","80121707"
"56964","61585451","88623617"
"56965","61585451","92251902"
"56966","61585451","103341544"
"56967","61585451","103083627"
"56968","61585451","71488044"
"56969","61585451","103503364"
"56970","61585451","103086876"
"56971","61585451","67695557"
"56972","61585451","92255906"
"56973","61585451","71484928"
"56974","61585451","97750329"
"56975","61585451","92253754"
"56976","61585451","69503225"
"56977","61585459","64910354"
"56978","61585459","94198038"
"56979","61680394","94201473"
"56980","61681259","61684568"
"56981","61681259","65800237"
"56982","61681259","103503303"
"56983","61681259","103501369"
"56984","61681259","104178012"
"56985","61681259","69505815"
"56986","61681259","62955212"
"56987","61681259","103087263"
"56988","61681259","61684627"
"56989","61681259","62955210"
"56990","61681259","59667614"
"56991","61681259","103490610"
"56992","61681259","59670417"
"56993","61681259","97752869"
"56994","61681259","58140808"
"56995","61681259","103081781"
"56996","61681259","61769244"
"56997","61681259","67690577"
"56998","61681259","69503634"
"56999","61681259","103336199"
"57000","61681259","65985323"
"57001","61681259","96095735"
"57002","61681259","62955156"
"57003","61681259","97751590"
"57004","61681259","88621020"
"57005","61681259","103341155"
"57006","61681259","78894653"
"57007","61681259","57821726"
"57008","61681259","104175747"
"57009","61681259","58141848"
"57010","61681259","92251617"
"57011","61681259","61680495"
"57012","61681259","99978626"
"57013","61681259","57821240"
"57014","61681259","65797301"
"57015","61681259","103083627"
"57016","61681259","65982935"
"57017","61681259","97753139"
"57018","61681259","88620265"
"57019","61681259","80123791"
"57020","61681259","86686098"
"57021","61681259","92443626"
"57022","61681259","61686921"
"57023","61681259","92444893"
"57024","61681259","59215817"
"57025","61681259","67693328"
"57026","61681259","64911964"
"57027","61681259","58144313"
"57028","61681259","97752871"
"57029","61681259","88625323"
"57030","61681259","96096080"
"57031","61681259","67692411"
"57032","61681267","59211591"
"57033","61681267","86679547"
"57034","61681267","103341024"
"57035","61681999","86685605"
"57036","61681999","67696040"
"57037","61684273","88671434"
"57038","61686909","99977357"
"57039","61686909","92442811"
"57040","61768298","65797670"
"57041","61769163","58151915"
"57042","61769163","92441128"
"57043","61769163","96093432"
"57044","61769163","103088094"
"57045","61769163","92447356"
"57046","61769163","103341591"
"57047","61769163","96092901"
"57048","61769163","88621270"
"57049","61769163","96094657"
"57050","61769163","67692424"
"57051","61769163","62959416"
"57052","61769163","96099277"
"57053","61769163","86681967"
"57054","61769163","88625339"
"57055","61769163","57819735"
"57056","61769163","69502153"
"57057","61769163","92442839"
"57058","61769163","99972779"
"57059","61769163","103335317"
"57060","61769163","64910042"
"57061","61769163","61769888"
"57062","61769163","69504878"
"57063","61769163","57822912"
"57064","61769163","103502213"
"57065","61769163","64915855"
"57066","61769163","59211481"
"57067","61769163","67694771"
"57068","61769163","57822197"
"57069","61769163","88619904"
"57070","61769163","92441814"
"57071","61769163","64914927"
"57072","61769163","103084125"
"57073","61769163","57821087"
"57074","61769163","103501896"
"57075","61769163","97752423"
"57076","61769163","96092055"
"57077","61769163","97747560"
"57078","61769163","71488002"
"57079","61769163","94201375"
"57080","61769163","61681331"
"57081","61769163","65801977"
"57082","61769163","99978119"
"57083","61769163","62961899"
"57084","61769163","103343037"
"57085","61769163","99976908"
"57086","61769163","88624991"
"57087","61769163","65986856"
"57088","61769163","59216410"
"57089","61769163","103342333"
"57090","61769163","58341244"
"57091","61769163","92441535"
"57092","61769163","99977236"
"57093","61769171","92440854"
"57094","61769171","71487908"
"57095","61769171","57822913"
"57096","61769897","58340847"
"57097","61769897","64915419"
"57098","61772168","62960227"
"57099","61774801","97747076"
"57100","61774801","80122410"
"57101","62955148","99976816"
"57102","62955148","61774579"
"57103","62959493","71483015"
"57104","62960224","57820266"
"57105","62961136","78894726"
"57106","62961136","71485474"
"57107","62961136","80123856"
"57108","62961136","69506631"
"57109","62961136","67691058"
"57110","62961136","104174740"
"57111","62961136","92257219"
"57112","62961136","71486782"
"57113","62961136","104177430"
"57114","62961136","92440939"
"57115","62961136","61775283"
"57116","62961136","92257920"
"57117","62961136","59215813"
"57118","62961136","97753409"
"57119","62961136","65986560"
"57120","62961136","61681989"
"57121","62961136","97747317"
"57122","62961136","97752147"
"57123","62961136","58139805"
"57124","62961136","92257354"
"57125","62961136","61682061"
"57126","62961136","57820797"
"57127","62961136","61578844"
"57128","62961136","94198195"
"57129","62961136","61774513"
"57130","62961136","59669122"
"57131","62961136","61685929"
"57132","62961136","88623632"
"57133","62961136","94199138"
"57134","62961136","61680478"
"57135","62961136","99978063"
"57136","62961136","67694848"
"57137","62961136","61772131"
"57138","62961136","61774521"
"57139","62961136","58141562"
"57140","62961136","94203483"
"57141","62961136","65983682"
"57142","62961136","88621010"
"57143","62961136","61583837"
"57144","62961136","86686195"
"57145","62961136","92440719"
"57146","62961136","94201416"
"57147","62961136","99978991"
"57148","62961136","103336352"
"57149","62961136","94200390"
"57150","62961136","94202852"
"57151","62961136","69505330"
"57152","62961136","69500362"
"57153","62961136","58140920"
"57154","62961136","104173726"
"57155","62961136","94202679"
"57156","62961136","92256064"
"57157","62961144","92258361"
"57158","62961144","103490443"
"57159","62961144","69504654"
"57160","62961144","67697319"
"57161","62961144","71487831"
"57162","62961913","97750436"
"57163","62961913","86681580"
"57164","64909926","94201334"
"57165","64909926","99978612"
"57166","64914222","59658360"
"57167","64914346","92442735"
"57168","64914847","96092370"
"57169","64915775","88677184"
"57170","64915775","86684903"
"57171","64915775","104171714"
"57172","64915775","94202808"
"57173","64915775","59666564"
"57174","64915775","94202028"
"57175","64915775","88621005"
"57176","64915775","99973150"
"57177","64915775","57819000"
"57178","64915775","103336292"
"57179","64915775","86679475"
"57180","64915775","57821330"
"57181","64915775","104177285"
"57182","64915775","103336608"
"57183","64915775","97751551"
"57184","64915775","62960315"
"57185","64915775","80123802"
"57186","64915775","88671004"
"57187","64915775","62955568"
"57188","64915775","65802584"
"57189","64915775","58140951"
"57190","64915775","103083247"
"57191","64915775","80124981"
"57192","64915775","71482713"
"57193","64915775","80127802"
"57194","64915775","88675873"
"57195","64915775","57820647"
"57196","64915775","88674662"
"57197","64915775","92251841"
"57198","64915775","86678368"
"57199","64915775","69503099"
"57200","64915775","104174874"
"57201","64915775","58140375"
"57202","64915775","58142675"
"57203","64915775","80119114"
"57204","64915775","59668800"
"57205","64915775","97749334"
"57206","64915775","104176425"
"57207","64915775","64983448"
"57208","64915775","99971029"
"57209","64915775","92441531"
"57210","64915775","71487508"
"57211","64915775","64914929"
"57212","64915775","99970986"
"57213","64915775","80124992"
"57214","64915775","67695017"
"57215","64915775","92256639"
"57216","64915775","57818996"
"57217","64915775","61684205"
"57218","64915775","88620966"
"57219","64915775","92258159"
"57220","64915775","65984931"
"57221","64915783","62959502"
"57222","64915783","96091463"
"57223","64915783","99977692"
"57224","64915783","80123389"
"57225","64915783","96095210"
"57226","64915783","69505427"
"57227","64915783","58143252"
"57228","64915783","80124980"
"57229","64915783","97749335"
"57230","64915783","59669461"
"57231","64915783","65800570"
"57232","64915783","61680501"
"57233","64915783","59669419"
"57234","64915783","99979490"
"57235","64915783","99975026"
"57236","64915783","103336602"
"57237","64915783","92251945"
"57238","64916606","67695500"
"57239","64916606","88622176"
"57240","64977418","92444029"
"57241","64982233","61680678"
"57242","64983154","103494371"
"57243","64984019","62961899"
"57244","64984019","58138917"
"57245","64984019","67695465"
"57246","64984019","71488223"
"57247","64984019","97745803"
"57248","64984019","97750414"
"57249","64984019","58151888"
"57250","64984019","62960628"
"57251","64984019","94202796"
"57252","64984019","97749039"
"57253","64984019","92442699"
"57254","64984019","97751600"
"57255","64984019","59669121"
"57256","64984019","61584880"
"57257","64984019","103336601"
"57258","64984019","86679875"
"57259","64984019","61684379"
"57260","64984019","88622200"
"57261","64984019","69505421"
"57262","64984019","97750429"
"57263","64984019","96092098"
"57264","64984019","86684196"
"57265","64984019","103494120"
"57266","64984019","96098114"
"57267","64984019","96092951"
"57268","64984019","103493804"
"57269","64984019","80122446"
"57270","64984019","67690201"
"57271","64984019","92253878"
"57272","64984019","103336608"
"57273","64984019","58341569"
"57274","64984019","88675632"
"57275","64984019","67694942"
"57276","64984019","94196861"
"57277","64984019","99971045"
"57278","64984019","78894918"
"57279","64984019","96096988"
"57280","64984019","59668135"
"57281","64984019","96093061"
"57282","64984019","92445560"
"57283","64984019","103086563"
"57284","64984019","65802392"
"57285","64984019","78890017"
"57286","64984019","88623485"
"57287","64984019","78895970"
"57288","64984019","61769888"
"57289","64984019","64915103"
"57290","64984019","57819447"
"57291","64984019","88676949"
"57292","64984027","103087731"
"57293","64984027","99978019"
"57294","65797245","103339786"
"57295","65797245","59658583"
"57296","65797245","71485763"
"57297","65801680","78895349"
"57298","65801804","88673222"
"57299","65802305","62957995"
"57300","65803256","92249881"
"57301","65803256","94198758"
"57302","65803256","86681285"
"57303","65803256","61768301"
"57304","65803256","103335277"
"57305","65803256","97745960"
"57306","65803256","103083671"
"57307","65803256","86685604"
"57308","65803256","62960311"
"57309","65803256","97750477"
"57310","65803256","58138689"
"57311","65803256","78895349"
"57312","65803256","65802595"
"57313","65803256","103502427"
"57314","65803256","59211593"
"57315","65803256","97750446"
"57316","65803256","88618296"
"57317","65803256","57819689"
"57318","65803256","88671318"
"57319","65803256","86686206"
"57320","65803256","59216008"
"57321","65803256","88675769"
"57322","65803256","103339747"
"57323","65803256","58139845"
"57324","65803256","71486284"
"57325","65803256","96096882"
"57326","65803256","65801897"
"57327","65803256","88670652"
"57328","65803256","103088568"
"57329","65803256","88674392"
"57330","65803256","92440628"
"57331","65803256","103089305"
"57332","65803256","96096880"
"57333","65803256","103504174"
"57334","65803256","80123810"
"57335","65803256","104170246"
"57336","65803256","64914823"
"57337","65803256","103081136"
"57338","65803256","103336538"
"57339","65803256","58140500"
"57340","65803256","92444120"
"57341","65803256","99976899"
"57342","65803256","69502577"
"57343","65803256","61686972"
"57344","65803256","71488502"
"57345","65803256","59669804"
"57346","65803256","94202111"
"57347","65803256","61681988"
"57348","65803256","97751681"
"57349","65803256","58141898"
"57350","65803256","103086286"
"57351","65803256","80122345"
"57352","65803256","65801787"
"57353","65803264","58336020"
"57354","65803264","64915036"
"57355","65803264","67694613"
"57356","65803264","94200230"
"57357","65803264","71482643"
"57358","65803264","65804120"
"57359","65803264","59215479"
"57360","65803264","99976642"
"57361","65803264","104174826"
"57362","65803264","88674517"
"57363","65803264","97748074"
"57364","65803264","65801032"
"57365","65803264","88619177"
"57366","65803264","67697919"
"57367","65803264","69505233"
"57368","65803264","104175974"
"57369","65803264","65798122"
"57370","65803264","103504428"
"57371","65803264","103494511"
"57372","65803264","88671332"
"57373","65803264","59670429"
"57374","65803264","65982963"
"57375","65804087","65797674"
"57376","65804087","99974544"
"57377","65982820","92445538"
"57378","65982820","99976778"
"57379","65987131","57820247"
"57380","65987756","61772430"
"57381","65988684","59215819"
"57382","65988684","99976904"
"57383","65988684","97750476"
"57384","65988684","86684928"
"57385","65988684","103082539"
"57386","65988684","58143030"
"57387","65988684","97752678"
"57388","65988684","69504008"
"57389","65988684","94203813"
"57390","65988684","58139826"
"57391","65988684","103081471"
"57392","65988684","71484935"
"57393","65988684","59669514"
"57394","65988684","88675771"
"57395","65988684","86680208"
"57396","65988684","104172723"
"57397","65988684","104172664"
"57398","65988684","96091511"
"57399","65988684","65987054"
"57400","65988684","61682053"
"57401","65988684","78889793"
"57402","65988684","57819296"
"57403","65988684","65801945"
"57404","65988684","103086523"
"57405","65988684","104177465"
"57406","65988684","104176739"
"57407","65988684","61684215"
"57408","65988684","71485260"
"57409","65988684","64912419"
"57410","65988684","61774938"
"57411","65988684","61682597"
"57412","65988684","103083243"
"57413","65988684","92443743"
"57414","65988684","86684329"
"57415","65988684","97745803"
"57416","65988684","97751700"
"57417","65988684","62957171"
"57418","65988684","61686948"
"57419","65988684","65802557"
"57420","65988684","103342322"
"57421","65988684","61774204"
"57422","65988684","92251854"
"57423","65988684","58143017"
"57424","65988684","61682592"
"57425","65988684","67697301"
"57426","65988684","71487511"
"57427","65988684","97750465"
"57428","65988684","96092229"
"57429","65988684","96092075"
"57430","65988684","80125004"
"57431","65988684","59211392"
"57432","65988684","103336803"
"57433","65988692","69500047"
"57434","65988692","69500822"
"57435","65988692","96097841"
"57436","65988692","65987731"
"57437","65988692","88675636"
"57438","65988692","59668912"
"57439","65988692","99977790"
"57440","65989516","59658376"
"57441","65989516","97752093"
"57442","67690193","97750421"
"57443","67690193","99976785"
"57444","67690193","99974708"
"57445","67694795","103087413"
"57446","67694919","103337169"
"57447","67695420","61684275"
"57448","67696406","103339741"
"57449","67696406","97748206"
"57450","67696406","71488011"
"57451","67696406","80128546"
"57452","67696406","96096026"
"57453","67696406","59671045"
"57454","67696406","58139001"
"57455","67696406","57821972"
"57456","67696406","57820427"
"57457","67696406","92443635"
"57458","67696406","103494516"
"57459","67696406","99974354"
"57460","67696406","65987868"
"57461","67696406","61774587"
"57462","67696406","69505425"
"57463","67696406","59216124"
"57464","67696406","69506264"
"57465","67696406","59211863"
"57466","67696406","99972990"
"57467","67696406","65797246"
"57468","67696406","96095767"
"57469","67696406","65804084"
"57470","67696406","92255957"
"57471","67696406","99976906"
"57472","67696406","65987847"
"57473","67696406","62962518"
"57474","67696406","58142690"
"57475","67696406","103081591"
"57476","67696406","97749358"
"57477","67696406","103342759"
"57478","67696406","99977501"
"57479","67696406","67695359"
"57480","67696406","92256146"
"57481","67696406","96099537"
"57482","67696406","103080238"
"57483","67696406","61774307"
"57484","67696406","92441523"
"57485","67696406","96099137"
"57486","67696406","97747798"
"57487","67696406","61584836"
"57488","67696406","62957614"
"57489","67696406","92250279"
"57490","67696406","62957945"
"57491","67696406","92257502"
"57492","67696406","67692424"
"57493","67696406","96098073"
"57494","67696406","103080126"
"57495","67696406","61579116"
"57496","67696406","92442722"
"57497","67696406","57818811"
"57498","67696406","103086876"
"57499","67696406","97752327"
"57500","67696406","94199142"
"57501","67696414","99978186"
"57502","67696414","62961961"
"57503","67696414","94195702"
"57504","67696414","59216114"
"57505","67696414","59213865"
"57506","67696414","62962517"
"57507","67696414","92254830"
"57508","67696414","59212241"
"57509","67696414","58140035"
"57510","67696414","92256520"
"57511","67696414","69505183"
"57512","67696414","97747446"
"57513","67696414","65985274"
"57514","67696414","97748180"
"57515","67696414","78894068"
"57516","67696414","69504820"
"57517","67696414","88622178"
"57518","67696414","58142379"
"57519","67696414","86678398"
"57520","67696414","58140925"
"57521","67696414","59669602"
"57522","67696414","59671043"
"57523","67696414","64911981"
"57524","67696414","69507775"
"57525","67696414","61769960"
"57526","67696414","59669196"
"57527","67696414","88674516"
"57528","67696414","58141196"
"57529","67696414","97752165"
"57530","67696414","96092040"
"57531","67696414","97745929"
"57532","67696414","69505814"
"57533","67696414","58141720"
"57534","67696414","99974533"
"57535","67696414","62961220"
"57536","67697251","71485005"
"57537","67697251","92441046"
"57538","69499915","58141005"
"57539","69499915","80127200"
"57540","69499915","59669797"
"57541","69504600","58271971"
"57542","69504724","59658569"
"57543","69505226","94196643"
"57544","69506232","96092459"
"57545","69506232","59216450"
"57546","69506232","58151741"
"57547","69506232","59658883"
"57548","69506232","97753418"
"57549","69506232","69505339"
"57550","69506232","86680211"
"57551","69506232","103493617"
"57552","69506232","97748575"
"57553","69506232","86686206"
"57554","69506232","103081876"
"57555","69506232","58142033"
"57556","69506232","59215621"
"57557","69506232","104174821"
"57558","69506232","80122709"
"57559","69506232","58151823"
"57560","69506232","71488503"
"57561","69506232","61582632"
"57562","69506232","69505489"
"57563","69506232","103502431"
"57564","69506232","99972266"
"57565","69506232","104176494"
"57566","69506232","86681962"
"57567","69506232","65985274"
"57568","69506232","104176544"
"57569","69506232","80123803"
"57570","69506232","69505819"
"57571","69506232","57820960"
"57572","69506232","97747960"
"57573","69506232","78892952"
"57574","69506232","103336889"
"57575","69506232","58139397"
"57576","69506232","71488105"
"57577","69506232","86684206"
"57578","69506232","61772094"
"57579","69506232","57819457"
"57580","69506232","86683006"
"57581","69506232","103081382"
"57582","69506232","71487108"
"57583","69506232","80129644"
"57584","69506232","92253587"
"57585","69506232","88622163"
"57586","69506232","86683002"
"57587","69506232","58342028"
"57588","69506232","69507191"
"57589","69506232","61681572"
"57590","69506232","61583117"
"57591","69506232","61770489"
"57592","69506232","103083387"
"57593","69506232","61578831"
"57594","69506232","104170270"
"57595","69506232","103336202"
"57596","69506232","99978646"
"57597","69506240","58343385"
"57598","69506240","58140474"
"57599","69506240","88677756"
"57600","69506240","103341419"
"57601","69506240","96098207"
"57602","69506240","58343683"
"57603","69506240","65987552"
"57604","69506240","58142823"
"57605","69506240","96091625"
"57606","69506240","64916582"
"57607","69506240","92442729"
"57608","69506240","78891447"
"57609","69506240","62957183"
"57610","69506240","59659691"
"57611","69506240","92251870"
"57612","69506240","99978743"
"57613","69506240","57822702"
"57614","69506240","97752320"
"57615","69506240","71482584"
"57616","69506240","80125006"
"57617","69506240","103340677"
"57618","69506240","97753596"
"57619","69506240","58336201"
"57620","69506240","103336894"
"57621","69506240","86685095"
"57622","69506240","58141545"
"57623","69506240","104172007"
"57624","69506240","64915416"
"57625","69506240","64911952"
"57626","69506240","67693770"
"57627","69506240","104177413"
"57628","69506240","97752601"
"57629","69506240","88626852"
"57630","69506240","103080207"
"57631","69506240","103503354"
"57632","69506240","94200188"
"57633","69506240","58140421"
"57634","69506240","103081629"
"57635","69507111","62959368"
"57636","69507111","97751551"
"57637","71482577","61775193"
"57638","71482577","92252662"
"57639","71482577","96093375"
"57640","71487282","86684197"
"57641","71487406","67690610"
"57642","71487908","86680195"
"57643","71488923","96097546"
"57644","71488923","58141668"
"57645","71488923","99970971"
"57646","71488923","61583105"
"57647","71488923","86686617"
"57648","71488923","104174754"
"57649","71488923","94199387"
"57650","71488923","103341050"
"57651","71488923","92255959"
"57652","71488923","94199140"
"57653","71488923","104176867"
"57654","71488923","88669973"
"57655","71488923","99980183"
"57656","71488923","58342468"
"57657","71488923","59659705"
"57658","71488923","88623918"
"57659","71488923","96093469"
"57660","71488923","80124076"
"57661","71488923","88677118"
"57662","71488923","58140768"
"57663","71488923","96093472"
"57664","71488923","88619192"
"57665","71488923","58151819"
"57666","71488923","86678416"
"57667","71488923","86680205"
"57668","71488923","57820982"
"57669","71488923","97752139"
"57670","71488923","78890674"
"57671","71488923","57822771"
"57672","71488923","92440537"
"57673","71488923","57819531"
"57674","71488923","64915136"
"57675","71488923","80122667"
"57676","71488923","97752144"
"57677","71488923","78894084"
"57678","71488923","94197294"
"57679","71488923","86684620"
"57680","71488923","104171735"
"57681","71488923","62959216"
"57682","71488923","78890080"
"57683","71488923","99978608"
"57684","71488923","58151934"
"57685","71488923","64914497"
"57686","71488923","92441146"
"57687","71488923","104173855"
"57688","71488923","103490608"
"57689","71488923","86679871"
"57690","71488923","59657863"
"57691","71488923","94198819"
"57692","71488923","71485768"
"57693","71488923","59211432"
"57694","71488923","58336200"
"57695","71488923","64914145"
"57696","71488931","59217288"
"57697","71488931","96092058"
"57698","71488931","58140039"
"57699","71488931","97749576"
"57700","71488931","61772030"
"57701","71488931","57818997"
"57702","71488931","92256532"
"57703","71488931","96094625"
"57704","71488931","92254774"
"57705","71488931","62955277"
"57706","71488931","88673230"
"57707","71488931","94201408"
"57708","71488931","61578730"
"57709","71488931","97753423"
"57710","71488931","57823085"
"57711","71488931","92441418"
"57712","71488931","58350190"
"57713","71488931","88669815"
"57714","71488931","104174876"
"57715","71488931","92446246"
"57716","71488931","69722434"
"57717","71488931","65982970"
"57718","71488931","103337171"
"57719","71488931","62960224"
"57720","71488931","103086953"
"57721","71488931","65982950"
"57722","71488931","69502167"
"57723","71488931","62957552"
"57724","71488931","58140686"
"57725","71488931","97753020"
"57726","71488931","103491500"
"57727","71488931","62959830"
"57728","71488931","96092759"
"57729","71488931","92260844"
"57730","71488931","80123724"
"57731","71488931","69505541"
"57732","71488931","103336620"
"57733","71488931","86680399"
"57734","71488931","65803317"
"57735","71488931","80128541"
"57736","71488931","92257397"
"57737","71488931","92250141"
"57738","71488931","94200201"
"57739","71489810","78888213"
"57740","71489810","97745809"
"57741","78888361","61773678"
"57742","78888361","61585520"
"57743","78888361","71483035"
"57744","78891589","61680185"
"57745","78891642","69504628"
"57746","78891708","80123361"
"57747","78891708","103339755"
"57748","78891708","59211385"
"57749","78891708","64914486"
"57750","78891708","103491993"
"57751","78891708","65801950"
"57752","78891708","58151909"
"57753","78891708","65982883"
"57754","78891708","61774829"
"57755","78891708","96098119"
"57756","78891708","94202621"
"57757","78891708","69503082"
"57758","78891708","78892951"
"57759","78891708","65802360"
"57760","78891708","103495347"
"57761","78891708","99974162"
"57762","78891708","103338458"
"57763","78891708","104176856"
"57764","78891708","104175962"
"57765","78891708","58140665"
"57766","78891708","88620341"
"57767","78891708","103494356"
"57768","78891708","71482732"
"57769","78891708","78895222"
"57770","78891708","61682051"
"57771","78891708","58341181"
"57772","78891708","64912035"
"57773","78891708","86685464"
"57774","78891708","94198408"
"57775","78891708","103339759"
"57776","78891708","104173963"
"57777","78891708","67690360"
"57778","78891708","65987395"
"57779","78891708","69500370"
"57780","78891708","80128140"
"57781","78891708","62955537"
"57782","78891708","67690205"
"57783","78891708","61769474"
"57784","78891708","88675618"
"57785","78891708","61687074"
"57786","78891708","67695027"
"57787","78891708","94200224"
"57788","78891708","61769949"
"57789","78891708","97749547"
"57790","78891708","58350209"
"57791","78891708","99977444"
"57792","78891708","86684647"
"57793","78891708","99977283"
"57794","78891708","69502167"
"57795","78891708","94202031"
"57796","78891708","99972089"
"57797","78891708","103342364"
"57798","78891708","92256437"
"57799","78891839","86685614"
"57800","78891839","80123876"
"57801","78891839","61578703"
"57802","78891839","71484820"
"57803","78891839","88678062"
"57804","78891839","103081468"
"57805","78891839","103495061"
"57806","78891839","78890753"
"57807","78891839","103080748"
"57808","78891839","65801942"
"57809","78891839","71484936"
"57810","78891839","88673040"
"57811","78891839","103494461"
"57812","78891839","96091079"
"57813","78891839","88624351"
"57814","78891839","61583839"
"57815","78891839","103339765"
"57816","78891839","78894728"
"57817","78891839","94202287"
"57818","78891839","58140032"
"57819","78891839","88671004"
"57820","78891839","88672676"
"57821","78891839","92256064"
"57822","78891839","64910350"
"57823","78891839","96092319"
"57824","78891839","86679924"
"57825","78891839","92251310"
"57826","78891839","103502337"
"57827","78891839","71488964"
"57828","78891839","103336306"
"57829","78891839","92255956"
"57830","78891839","59668769"
"57831","78891839","65797635"
"57832","78891839","80126005"
"57833","78891839","58140040"
"57834","78891839","103080045"
"57835","78891839","80122916"
"57836","78891839","61772047"
"57837","78891839","61586210"
"57838","78891839","94197236"
"57839","78891839","67695014"
"57840","78891839","67693003"
"57841","78891839","94202780"
"57842","78891839","88619469"
"57843","78891839","103501903"
"57844","78891839","71487141"
"57845","78892810","67693470"
"57846","78892935","58272268"
"57847","78892935","86678446"
"57848","80124945","65988035"
"57849","80124945","65987842"
"57850","80125070","86685553"
"57851","80126041","67697253"
"57852","80126041","69502251"
"57853","80126041","99975619"
"57854","80126041","58342219"
"57855","80126041","64984323"
"57856","80126041","80128544"
"57857","80126041","69505307"
"57858","80126041","67693001"
"57859","80126041","58143147"
"57860","80126041","103081591"
"57861","80126041","103342062"
"57862","80126041","67692865"
"57863","80126041","67696771"
"57864","80126041","96099270"
"57865","80126041","103088273"
"57866","80126041","92441049"
"57867","80126041","65987426"
"57868","80126041","99977342"
"57869","80126041","103490414"
"57870","80126041","61579103"
"57871","80126041","58336203"
"57872","80126041","97751699"
"57873","80126041","96097868"
"57874","80126041","65988762"
"57875","80126041","96092887"
"57876","80126041","58143248"
"57877","80126041","58141365"
"57878","80126041","61680676"
"57879","80126041","65804089"
"57880","80126041","58151913"
"57881","80126041","96099178"
"57882","80126041","78895624"
"57883","80126041","58142377"
"57884","80126041","65988754"
"57885","80126041","92440839"
"57886","80126041","78889974"
"57887","80126041","104176506"
"57888","80126041","78891647"
"57889","80126041","57820189"
"57890","80126041","103085888"
"57891","80126041","92251673"
"57892","80126041","61685857"
"57893","80126041","104176685"
"57894","80126041","94198863"
"57895","80126041","61583134"
"57896","80126041","92253754"
"57897","80126041","94199408"
"57898","80126041","88619111"
"57899","80126041","61680640"
"57900","80126041","69505442"
"57901","80126041","88620308"
"57902","80126172","80129657"
"57903","80126172","57821331"
"57904","80126172","61684696"
"57905","80126172","96092326"
"57906","80126172","61680644"
"57907","80126172","69507144"
"57908","80126172","61687355"
"57909","80126172","97745855"
"57910","80126172","104176541"
"57911","80126172","94203951"
"57912","80126172","97751609"
"57913","80126172","58139742"
"57914","80126172","99971126"
"57915","80126172","65989574"
"57916","80126172","86681754"
"57917","80126172","96094736"
"57918","80126172","104177421"
"57919","80126172","86685330"
"57920","80126172","96097507"
"57921","80126172","88624770"
"57922","80126172","64914643"
"57923","80126172","65800981"
"57924","80126172","80124998"
"57925","80126172","88625116"
"57926","80126172","104176139"
"57927","80126172","88671570"
"57928","80126172","61680193"
"57929","80126172","65802552"
"57930","80126172","99976905"
"57931","80126172","96098118"
"57932","80126172","59658440"
"57933","80126172","99972406"
"57934","80126172","103081570"
"57935","80126172","92441541"
"57936","80126172","80128518"
"57937","80126172","94203382"
"57938","80126172","104171366"
"57939","80126172","58143017"
"57940","80126172","64910406"
"57941","80126172","99970980"
"57942","80126172","92440900"
"57943","80126172","78890743"
"57944","80126172","78892085"
"57945","80126172","64912349"
"57946","80126172","80122339"
"57947","80126172","103340930"
"57948","80126172","61681989"
"57949","80126172","59659643"
"57950","80126172","62959435"
"57951","80126172","59665199"
"57952","80126172","92256601"
"57953","80126172","103085899"
"57954","80126172","58350188"
"57955","80126238","62957987"
"57956","80126291","61685926"
"57957","80129519","65801389"
"57958","80129519","64909958"
"57959","80129519","65987419"
"57960","86678490","103490430"
"57961","86678490","64910813"
"57962","86678490","65802495"
"57963","86681718","78892884"
"57964","86681771","61775215"
"57965","86681837","59670411"
"57966","86681837","88626675"
"57967","86681837","103342791"
"57968","86681837","57822596"
"57969","86681837","57821080"
"57970","86681837","69502300"
"57971","86681837","80124998"
"57972","86681837","69502791"
"57973","86681837","104174705"
"57974","86681837","88623602"
"57975","86681837","97747513"
"57976","86681837","94202085"
"57977","86681837","103336624"
"57978","86681837","80126265"
"57979","86681837","78890050"
"57980","86681837","61681561"
"57981","86681837","103339756"
"57982","86681837","65802399"
"57983","86681837","69499962"
"57984","86681837","88622979"
"57985","86681837","92253587"
"57986","86681837","64981772"
"57987","86681837","97751328"
"57988","86681837","67691094"
"57989","86681837","69502151"
"57990","86681837","78894056"
"57991","86681837","92443807"
"57992","86681837","59660682"
"57993","86681837","94198925"
"57994","86681837","88671001"
"57995","86681837","99978753"
"57996","86681837","58151805"
"57997","86681837","88673392"
"57998","86681837","71487825"
"57999","86681837","80126065"
"58000","86681837","97749509"
"58001","86681837","97752514"
"58002","86681837","57822225"
"58003","86681837","104174830"
"58004","86681837","65802606"
"58005","86681837","65802393"
"58006","86681837","86686408"
"58007","86681837","96093354"
"58008","86681837","94202481"
"58009","86681837","78889998"
"58010","86681837","104176008"
"58011","86681837","99978021"
"58012","86681837","103492924"
"58013","86681837","61681990"
"58014","86681837","61682001"
"58015","86681837","64914932"
"58016","86681837","88620342"
"58017","86681837","103084670"
"58018","86681968","67690348"
"58019","86681968","71488039"
"58020","86681968","57821184"
"58021","86681968","61686650"
"58022","86681968","65804177"
"58023","86681968","65802496"
"58024","86681968","97749841"
"58025","86681968","96093063"
"58026","86681968","103334919"
"58027","86681968","61774555"
"58028","86681968","103493781"
"58029","86681968","58142864"
"58030","86681968","78890700"
"58031","86681968","59669627"
"58032","86681968","80124984"
"58033","86681968","88675386"
"58034","86681968","96092824"
"58035","86681968","71486980"
"58036","86681968","92253493"
"58037","86681968","78891875"
"58038","86681968","69502065"
"58039","86681968","96093475"
"58040","86681968","92441815"
"58041","86681968","103338510"
"58042","86681968","104170025"
"58043","86681968","88620413"
"58044","86681968","86681913"
"58045","86681968","99978750"
"58046","86681968","65988769"
"58047","86681968","57822086"
"58048","86681968","59669993"
"58049","86681968","59216138"
"58050","86681968","103502180"
"58051","86681968","58141434"
"58052","86681968","65802366"
"58053","86681968","65804078"
"58054","86681968","88618900"
"58055","86681968","103492441"
"58056","86681968","78892921"
"58057","86681968","92440404"
"58058","86681968","69505314"
"58059","86681968","62955149"
"58060","86681968","61680480"
"58061","86681968","61774813"
"58062","86681968","97747550"
"58063","86681968","88676781"
"58064","86681968","69504303"
"58065","86681968","80123161"
"58066","86681968","92445700"
"58067","86681968","99977490"
"58068","86681968","57822988"
"58069","86681968","57819533"
"58070","86681968","57821383"
"58071","86682938","86684164"
"58072","86683063","58140983"
"58073","86683063","67692278"
"58074","88622140","103341661"
"58075","88622140","57819700"
"58076","88622265","65797253"
"58077","88623235","94196733"
"58078","88623235","103080126"
"58079","88623235","58342275"
"58080","88623235","103086712"
"58081","88623235","78890076"
"58082","88623235","92441146"
"58083","88623235","62960357"
"58084","88623235","64917257"
"58085","88623235","78894768"
"58086","88623235","88620271"
"58087","88623235","88669584"
"58088","88623235","103336599"
"58089","88623235","104171369"
"58090","88623235","58141306"
"58091","88623235","80123159"
"58092","88623235","62960319"
"58093","88623235","64980499"
"58094","88623235","103502472"
"58095","88623235","62957991"
"58096","88623235","88670005"
"58097","88623235","88674469"
"58098","88623235","80126585"
"58099","88623235","103336700"
"58100","88623235","78894252"
"58101","88623235","62955312"
"58102","88623235","58340313"
"58103","88623235","80126043"
"58104","88623235","80123808"
"58105","88623235","65987346"
"58106","88623235","58141421"
"58107","88623235","86682893"
"58108","88623235","65802516"
"58109","88623235","96093450"
"58110","88623235","103503924"
"58111","88623235","88672327"
"58112","88623235","65983332"
"58113","88623235","104173466"
"58114","88623235","58340579"
"58115","88623235","67692862"
"58116","88623235","104177168"
"58117","88623235","94200190"
"58118","88623235","88674470"
"58119","88623235","103086839"
"58120","88623235","78894735"
"58121","88623235","78894487"
"58122","88623235","57821635"
"58123","88623235","88678062"
"58124","88623235","62957937"
"58125","88623235","99971020"
"58126","88623235","80129617"
"58127","88623366","65985638"
"58128","88623366","103079836"
"58129","88623366","57819238"
"58130","88623366","58142387"
"58131","88623366","69503634"
"58132","88623366","103503342"
"58133","88623366","58272263"
"58134","88623366","88676936"
"58135","88623366","61582632"
"58136","88623366","104177417"
"58137","88623366","103491507"
"58138","88623366","103341535"
"58139","88623366","58151762"
"58140","88623366","62955541"
"58141","88623366","78896071"
"58142","88623366","69505523"
"58143","88623366","65800367"
"58144","88623366","61680606"
"58145","88623366","59659906"
"58146","88623366","104177286"
"58147","88623366","67695617"
"58148","88623366","58142829"
"58149","88623366","103491999"
"58150","88623366","92442701"
"58151","88623366","67692816"
"58152","88623366","99971021"
"58153","88623366","69504860"
"58154","88623366","67693569"
"58155","88623366","65801514"
"58156","88623366","58341288"
"58157","88623366","103491838"
"58158","88623366","61680188"
"58159","88623366","99977317"
"58160","88623366","64983248"
"58161","88623366","103336623"
"58162","88623366","104174927"
"58163","88623366","96094616"
"58164","88623366","94201495"
"58165","88623366","86682910"
"58166","88623366","86683035"
"58167","88623366","58341899"
"58168","88623366","78889439"
"58169","88623366","88671058"
"58170","88623366","58140793"
"58171","88623366","80123780"
"58172","88623366","65985948"
"58173","88623366","59211857"
"58174","88623366","65802401"
"58175","88623366","65804239"
"58176","88623366","67695732"
"58177","88623366","104171691"
"58178","88623366","99974190"
"58179","88623366","103342885"
"58180","88623432","71488970"
"58181","88623485","58151825"
"58182","88626713","78891832"
"58183","88626713","69722441"
"58184","88626713","88671377"
"58185","88669944","104177899"
"58186","88669944","64915087"
"58187","88669944","103341489"
"58188","88673172","80123388"
"58189","88673225","96092915"
"58190","88673291","71488012"
"58191","88673291","57818823"
"58192","88673291","94198958"
"58193","88673291","92253977"
"58194","88673291","64977583"
"58195","88673291","92251227"
"58196","88673291","92445631"
"58197","88673291","64982455"
"58198","88673291","78891591"
"58199","88673291","57823064"
"58200","88673291","88676313"
"58201","88673291","59658489"
"58202","88673291","57820208"
"58203","88673291","69503228"
"58204","88673291","80128517"
"58205","88673291","64912735"
"58206","88673291","61769949"
"58207","88673291","86683042"
"58208","88673291","80127905"
"58209","88673291","78895936"
"58210","88673291","64984748"
"58211","88673291","103493456"
"58212","88673291","103494579"
"58213","88673291","88677117"
"58214","88673291","103335300"
"58215","88673291","92256853"
"58216","88673291","57821300"
"58217","88673291","69506632"
"58218","88673291","71485734"
"58219","88673291","97747201"
"58220","88673291","94203483"
"58221","88673291","92446114"
"58222","88673291","71485473"
"58223","88673291","99973808"
"58224","88673291","88624391"
"58225","88673291","64914487"
"58226","88673291","58142129"
"58227","88673291","71490482"
"58228","88673291","92443631"
"58229","88673291","58143267"
"58230","88673291","59217025"
"58231","88673291","57820250"
"58232","88673291","64914445"
"58233","88673291","59668760"
"58234","88673291","94196732"
"58235","88673291","86682121"
"58236","88673291","78889415"
"58237","88673291","88622184"
"58238","88673291","65982956"
"58239","88673291","64909989"
"58240","88673291","57822398"
"58241","88673291","61687339"
"58242","88673291","71487565"
"58243","88673422","92253977"
"58244","88673422","94203556"
"58245","88673422","69505375"
"58246","88673422","103081475"
"58247","88673422","80124943"
"58248","88673422","94197293"
"58249","88673422","61773746"
"58250","88673422","97750445"
"58251","88673422","61686899"
"58252","88673422","92256600"
"58253","88673422","65989572"
"58254","88673422","57822600"
"58255","88673422","58138909"
"58256","88673422","61686629"
"58257","88673422","59667622"
"58258","88673422","103501887"
"58259","88673422","61768578"
"58260","88673422","103491543"
"58261","88673422","103503370"
"58262","88673422","92255685"
"58263","88673422","69503053"
"58264","88673422","80122682"
"58265","88673422","86684790"
"58266","88673422","59660966"
"58267","88673422","65803340"
"58268","88673422","64910697"
"58269","88673422","78890101"
"58270","88673422","58141087"
"58271","88673422","71483023"
"58272","88673422","96093438"
"58273","88673422","78891875"
"58274","88673422","103341482"
"58275","88673422","58151912"
"58276","88673422","69505015"
"58277","88673422","80128441"
"58278","88673422","103085601"
"58279","88673422","96093490"
"58280","88673422","103342212"
"58281","88673422","97752196"
"58282","88673422","86680087"
"58283","88673422","80122256"
"58284","88673422","103085986"
"58285","88673422","99975612"
"58286","88673422","104176458"
"58287","88673422","59215826"
"58288","88673422","67691059"
"58289","88673422","103336006"
"58290","88673422","103086511"
"58291","88673422","103490630"
"58292","88673422","104177334"
"58293","88673422","103504439"
"58294","88673422","92441591"
"58295","88673422","88619592"
"58296","88673422","57821183"
"58297","88673422","88626712"
"58298","88674392","88675652"
"58299","88674517","99971805"
"58300","88674517","92256083"
"58301","92250240","80123080"
"58302","92250240","58151751"
"58303","92250240","78892905"
"58304","92253468","61682596"
"58305","92253521","86680856"
"58306","92253587","64917248"
"58307","92253587","59668839"
"58308","92253587","103086996"
"58309","92253587","103338480"
"58310","92253587","104173986"
"58311","92253587","57818600"
"58312","92253587","92443596"
"58313","92253587","57820152"
"58314","92253587","80128960"
"58315","92253587","57821949"
"58316","92253587","61773811"
"58317","92253587","61769228"
"58318","92253587","64982442"
"58319","92253587","61581065"
"58320","92253587","99977328"
"58321","92253587","61687389"
"58322","92253587","58142491"
"58323","92253587","103336825"
"58324","92253587","61583737"
"58325","92253587","94202509"
"58326","92253587","61583713"
"58327","92253587","96098046"
"58328","92253587","88620402"
"58329","92253587","57821844"
"58330","92253587","57820640"
"58331","92253587","80122665"
"58332","92253587","88673079"
"58333","92253587","103088072"
"58334","92253587","92445069"
"58335","92253587","58138708"
"58336","92253587","57822683"
"58337","92253587","61772013"
"58338","92253587","59658807"
"58339","92253587","65986694"
"58340","92253587","69503951"
"58341","92253587","59669133"
"58342","92253587","96094668"
"58343","92253587","103083504"
"58344","92253587","67697302"
"58345","92253587","97749328"
"58346","92253587","64914444"
"58347","92253587","99978024"
"58348","92253587","97752045"
"58349","92253587","78889832"
"58350","92253587","78890066"
"58351","92253587","88624330"
"58352","92253587","61686653"
"58353","92253587","59215813"
"58354","92253587","59217714"
"58355","92253587","62957716"
"58356","92253587","88620098"
"58357","92253587","58140665"
"58358","92253587","88626811"
"58359","92253718","80126066"
"58360","92253718","92445535"
"58361","92253718","78891833"
"58362","92253718","99975608"
"58363","92253718","103342801"
"58364","92253718","88623269"
"58365","92253718","94202392"
"58366","92253718","78889975"
"58367","92253718","71484884"
"58368","92253718","103084748"
"58369","92253718","92257102"
"58370","92253718","57821034"
"58371","92253718","71486633"
"58372","92253718","97752126"
"58373","92253718","80121804"
"58374","92253718","103337566"
"58375","92253718","96093464"
"58376","92253718","80122533"
"58377","92253718","78894028"
"58378","92253718","92443979"
"58379","92253718","65987552"
"58380","92253718","99974258"
"58381","92253718","103491584"
"58382","92253718","67695550"
"58383","92253718","78890841"
"58384","92253718","64982448"
"58385","92253718","57819757"
"58386","92253718","103084561"
"58387","92253718","64983359"
"58388","92253718","57821272"
"58389","92253718","61687039"
"58390","92253718","88675650"
"58391","92253718","103336209"
"58392","92253718","58340692"
"58393","92253718","64981297"
"58394","92253718","65797273"
"58395","92253718","99977355"
"58396","92253718","104173040"
"58397","92253718","103341596"
"58398","92253718","59667456"
"58399","92253718","103335121"
"58400","92253718","80122461"
"58401","92253718","71482723"
"58402","92253718","71489795"
"58403","92253718","64978591"
"58404","92253718","78889469"
"58405","92253718","103503372"
"58406","92253718","57822735"
"58407","92253718","58141187"
"58408","92253718","80122534"
"58409","92253718","97751632"
"58410","92253718","92256960"
"58411","92253718","61680677"
"58412","92254688","103490470"
"58413","92254813","67690225"
"58414","92254813","80123407"
"58415","92442684","67695553"
"58416","92442684","103336602"
"58417","92442809","64913238"
"58418","92443779","78895541"
"58419","92443779","80124976"
"58420","92443779","88676923"
"58421","92443779","58139740"
"58422","92443779","59215469"
"58423","92443779","61578719"
"58424","92443779","64916132"
"58425","92443779","103086362"
"58426","92443779","80128546"
"58427","92443779","61581064"
"58428","92443779","103491837"
"58429","92443779","97748575"
"58430","92443779","103492148"
"58431","92443779","88669846"
"58432","92443779","88673394"
"58433","92443779","86680377"
"58434","92443779","103495802"
"58435","92443779","58343845"
"58436","92443779","59659637"
"58437","92443779","92445593"
"58438","92443779","103338859"
"58439","92443779","99978788"
"58440","92443779","97745855"
"58441","92443779","92443799"
"58442","92443779","80124983"
"58443","92443779","57822130"
"58444","92443779","88622133"
"58445","92443779","78895425"
"58446","92443779","61773754"
"58447","92443779","61578017"
"58448","92443779","57820233"
"58449","92443779","94199116"
"58450","92443779","67690337"
"58451","92443779","103340901"
"58452","92443779","67695482"
"58453","92443779","88669854"
"58454","92443779","97747258"
"58455","92443779","103342340"
"58456","92443779","58141243"
"58457","92443779","103502445"
"58458","92443779","99977613"
"58459","92443910","80124993"
"58460","92443910","88623261"
"58461","92443910","80123388"
"58462","92443910","65982835"
"58463","92443910","61680333"
"58464","92443910","96096381"
"58465","92443910","88619460"
"58466","92443910","104173392"
"58467","92443910","78894065"
"58468","92443910","59660969"
"58469","92443910","61768593"
"58470","92443910","92444092"
"58471","92443910","97753695"
"58472","92443910","71489831"
"58473","92443910","64914302"
"58474","92443910","103490592"
"58475","92443910","59214194"
"58476","92443910","103087328"
"58477","92443910","58141372"
"58478","92443910","96093457"
"58479","92443910","71488045"
"58480","92443910","78894561"
"58481","92443910","103335299"
"58482","92443910","58142835"
"58483","92443910","80121856"
"58484","92443910","88671417"
"58485","92443910","103503474"
"58486","92443910","94197301"
"58487","92443910","92256551"
"58488","92443910","78896484"
"58489","92443910","99979290"
"58490","92443910","58139296"
"58491","92443910","86679477"
"58492","92443910","92256648"
"58493","92443910","69504602"
"58494","92443910","62956017"
"58495","92443910","103494917"
"58496","92443910","59669607"
"58497","92443910","58343550"
"58498","92443910","64984801"
"58499","92443910","88619873"
"58500","92443910","88623250"
"58501","92443910","58151777"
"58502","92443910","57829539"
"58503","92443910","64913192"
"58504","92443910","103336937"
"58505","92443910","62961214"
"58506","92443910","104178715"
"58507","92443910","103492949"
"58508","92443910","92251301"
"58509","92443910","88619591"
"58510","92443910","69504717"
"58511","92443910","59658569"
"58512","92443976","92257333"
"58513","92444029","92445880"
"58514","92447257","78892897"
"58515","92447257","96092915"
"58516","92447257","78894733"
"58517","94195673","88624324"
"58518","94195673","64914099"
"58519","94195673","103086438"
"58520","94198900","71488170"
"58521","94198953","86681581"
"58522","94199019","86684801"
"58523","94199019","86685326"
"58524","94199019","88623918"
"58525","94199019","69500548"
"58526","94199019","69505501"
"58527","94199019","65984818"
"58528","94199019","65800217"
"58529","94199019","57821042"
"58530","94199019","61584383"
"58531","94199019","62960518"
"58532","94199019","57821202"
"58533","94199019","88674459"
"58534","94199019","65802246"
"58535","94199019","103086513"
"58536","94199019","64983552"
"58537","94199019","86680388"
"58538","94199019","80126288"
"58539","94199019","103502565"
"58540","94199019","103494770"
"58541","94199019","99977772"
"58542","94199019","103490247"
"58543","94199019","88620996"
"58544","94199019","78892937"
"58545","94199019","59214195"
"58546","94199019","103337867"
"58547","94199019","94196985"
"58548","94199019","99973540"
"58549","94199019","64917252"
"58550","94199019","64913133"
"58551","94199019","94195574"
"58552","94199019","64912736"
"58553","94199019","92443845"
"58554","94199019","61582533"
"58555","94199019","88622193"
"58556","94199019","69505167"
"58557","94199019","67691090"
"58558","94199019","58140518"
"58559","94199019","67695516"
"58560","94199019","92251550"
"58561","94199019","59670637"
"58562","94199019","86684683"
"58563","94199019","58143418"
"58564","94199019","71489899"
"58565","94199019","96097867"
"58566","94199019","67695422"
"58567","94199019","103085844"
"58568","94199019","71488205"
"58569","94199019","88671318"
"58570","94199019","92440890"
"58571","94199019","103343034"
"58572","94199019","65802583"
"58573","94199019","104173438"
"58574","94199019","59211504"
"58575","94199150","99972749"
"58576","94199150","65984826"
"58577","94199150","64914959"
"58578","94199150","97750435"
"58579","94199150","58143267"
"58580","94199150","103081771"
"58581","94199150","71485775"
"58582","94199150","61775305"
"58583","94199150","61684509"
"58584","94199150","96093730"
"58585","94199150","57819964"
"58586","94199150","103336946"
"58587","94199150","104177834"
"58588","94199150","71482746"
"58589","94199150","58139832"
"58590","94199150","97753023"
"58591","94199150","61578821"
"58592","94199150","58350200"
"58593","94199150","103493757"
"58594","94199150","103494529"
"58595","94199150","92252346"
"58596","94199150","103341582"
"58597","94199150","103086474"
"58598","94199150","78891708"
"58599","94199150","96091286"
"58600","94199150","88625048"
"58601","94199150","94197277"
"58602","94199150","58343939"
"58603","94199150","59211871"
"58604","94199150","67693571"
"58605","94199150","103081820"
"58606","94199150","88624826"
"58607","94199150","96093384"
"58608","94199150","88624607"
"58609","94199150","94197229"
"58610","94199150","65989486"
"58611","94199150","103502429"
"58612","94199150","104171326"
"58613","94199150","67695476"
"58614","94199150","67690229"
"58615","94199150","104176011"
"58616","94199150","88671541"
"58617","94199150","58140019"
"58618","94199150","96098020"
"58619","94199150","103338371"
"58620","94199150","59218214"
"58621","94199150","103492470"
"58622","94199150","97747202"
"58623","94199150","94202793"
"58624","94199150","64915123"
"58625","94199150","97748968"
"58626","94199150","65804175"
"58627","94199150","88676559"
"58628","94199150","57822381"
"58629","94199150","88676253"
"58630","94199150","78890050"
"58631","94199150","57819724"
"58632","94199150","80129840"
"58633","94199150","96099154"
"58634","94200120","62955664"
"58635","94200245","59660963"
"58636","94200245","97747197"
"58637","96092026","78891840"
"58638","96092035","59669453"
"58639","96092041","78894629"
"58640","96092044","92443778"
"58641","96092047","65801533"
"58642","96092056","97747201"
"58643","96092059","103081181"
"58644","96092078","71484935"
"58645","96092459","62962003"
"58646","96094653","78889740"
"58647","96094653","94198765"
"58648","96095898","92441418"
"58649","96096443","103501743"
"58650","96096493","103493013"
"58651","96096546","92253688"
"58652","96096546","94200187"
"58653","97748519","80122797"
"58654","97748519","92253693"
"58655","97748572","64912840"
"58656","97748622","86678392"
"58657","97749167","62958363"
"58658","97750412","103501552"
"58659","97752605","69502184"
"58660","97752985","67691086"
"58661","97753004","104176229"
"58662","97753007","58142967"
"58663","97753016","78894091"
"58664","97753019","97747199"
"58665","97753022","65799245"
"58666","97753028","88624323"
"58667","97753037","71482585"
"58668","99973709","92442712"
"58669","99973709","103341355"
"58670","99973762","78891809"
"58671","99973812","88620883"
"58672","99974357","92251636"
"58673","99975602","97751664"
"58674","99977795","104170300"
"58675","99978175","88672222"
"58676","99978194","71485902"
"58677","99978197","103491903"
"58678","99978206","61584588"
"58679","99978209","59670426"
"58680","99978212","86681947"
"58681","99978218","61773771"
"58682","99978227","62955164"
"58683","57818579","78896665"
"58684","57818623","97751595"
"58685","57820264","59216310"
"58686","57820264","97750477"
"58687","57820264","64981799"
"58688","57820503","69505502"
"58689","57822542","86678391"
"58690","58138864","96093062"
"58691","58138908","59669602"
"58692","58140549","103494960"
"58693","58140549","88619164"
"58694","58140549","99976799"
"58695","58140788","59211579"
"58696","58142827","92447377"
"58697","58336003","80123681"
"58698","58336004","58141490"
"58699","58336198","104174744"
"58700","58336198","69507778"
"58701","58339935","97754158"
"58702","58339977","103087969"
"58703","58341336","99978779"
"58704","58341568","80128532"
"58705","58343546","80124984"
"58706","96092956","86683939"
"58707","96092957","58342253"
"58708","96094776","92251797"
"58709","96094776","67692396"
"58710","96094776","64984726"
"58711","96094776","69506630"
"58712","96095899","103342389"
"58713","96097508","57818692"
"58714","97747558","59668094"
"58715","97749166","88671661"
"58716","97750289","59667903"
"58717","97750289","88676510"
"58718","97750289","86681966"
"58719","97752107","104173529"
"58720","97752108","99972392"
"58721","99972748","61684538"
"58722","99974356","58342476"
"58723","99975479","92445824"
"58724","99975479","71489765"
"58725","99975479","96093380"
"58726","99977297","69504824"
"58727","99977298","78894737"
"58728","57820214","103087276"
"58729","57823104","103081591"
"58730","57829408","67692460"
"58731","58140499","88673912"
"58732","58143389","88671851"
"58733","58151783","103341649"
"58734","58341287","69503071"
"58735","58344065","86680434"
"58736","58350222","92254792"
"58737","96095729","59668230"
"58738","96095729","103503924"
"58739","97749336","94202769"
"58740","97749336","58140994"
"58741","99974526","64985319"
"58742","99974526","104176031"
"58743","103081762","103343342"
"58744","103081762","61768237"
"58745","103081762","64984870"
"58746","103087284","58143425"
"58747","103336832","59670627"
"58748","103336832","78896200"
"58749","103336832","71486980"
"58750","103342354","97746972"
"58751","103492131","65802248"
"58752","103492131","71488186"
"58753","103492131","59659740"
"58754","103501889","96092914"
"58755","104171906","94197296"
"58756","104171906","65987007"
"58757","104171906","78889966"
"58758","104177428","103493716"
"58759","57820155","59668631"
"58760","57820872","99975640"
"58761","57821496","64985322"
"58762","57822369","99977629"
"58763","58140440","103087967"
"58764","58141157","103087450"
"58765","58141781","86685604"
"58766","58142654","59670413"
"58767","58280781","71482741"
"58768","58280781","69507783"
"58769","59213427","59214211"
"58770","59213427","86684699"
"58771","59665186","57818716"
"58772","59665186","59669205"
"58773","61581055","103502171"
"58774","61581055","103339767"
"58775","61685880","88673109"
"58776","61685880","86681720"
"58777","61685880","96092957"
"58778","61773774","64914521"
"58779","61773774","65802362"
"58780","61773774","86684808"
"58781","62957178","96092897"
"58782","62957178","88618992"
"58783","62960399","104177438"
"58784","64911955","103337333"
"58785","64911955","88619616"
"58786","64915017","104171963"
"58787","64979734","103083606"
"58788","64979734","57821005"
"58789","65799280","61769885"
"58790","65799280","92251961"
"58791","65802477","99977367"
"58792","65984855","78891984"
"58793","65984855","99978331"
"58794","65987926","62955581"
"58795","67692387","61583137"
"58796","67692387","61585085"
"58797","67695596","71485766"
"58798","69502174","64914880"
"58799","69502174","97752130"
"58800","69505402","103503373"
"58801","71484847","92249875"
"58802","71484847","80126069"
"58803","71488084","99975592"
"58804","78889965","57818866"
"58805","78889965","65985251"
"58806","78889965","97747516"
"58807","78895491","88620994"
"58808","80122389","103081554"
"58809","80127915","58139022"
"58810","80127915","88674506"
"58811","80127915","97752158"
"58812","86680094","71489335"
"58813","86680094","88677080"
"58814","86680094","57822730"
"58815","86685619","96093490"
"58816","88619584","59215510"
"58817","88625109","92445845"
"58818","88625109","61771170"
"58819","88625109","99975610"
"58820","88671548","104175753"
"58821","88671548","88677118"
"58822","88671548","86680181"
"58823","88677073","57819964"
"58824","92251844","64982445"
"58825","92251844","61579181"
"58826","92251844","80127915"
"58827","92257369","59216291"
"58828","92440128","57821740"
"58829","92445653","88620307"
"58830","92445653","103342859"
"58831","92445653","65803256"
"58832","94197276","80129488"
"58833","94197276","96095996"
"58834","94197276","88621009"
"58835","94202801","71488128"
"58836","96091626","69504295"
"58837","96092126","103491589"
"58838","97752937","103082451"
"58839","97753435","62960470"
"58840","99978127","99976813"
"58841","99978625","78892914"
"58842","103079837","94202210"
"58843","103079837","71488100"
"58844","103079837","94195528"
"58845","103079837","65797309"
"58846","103079837","59669316"
"58847","103079837","86678353"
"58848","103079837","61772131"
"58849","103079837","92440147"
"58850","103079837","65986452"
"58851","103079837","103341590"
"58852","103079837","92441562"
"58853","103079837","65987756"
"58854","103079837","103501687"
"58855","103079837","103086317"
"58856","103079837","59665206"
"58857","103079837","96097518"
"58858","103079837","96096249"
"58859","103079837","80121801"
"58860","103079837","80125782"
"58861","103079837","69504831"
"58862","103079837","92251300"
"58863","103080211","103080224"
"58864","103080211","57821203"
"58865","103080211","97752108"
"58866","103080211","96099252"
"58867","103080211","65797667"
"58868","103080211","57822405"
"58869","103080211","96097757"
"58870","103080211","59669757"
"58871","103080211","61586227"
"58872","103080211","69503201"
"58873","103080211","88671665"
"58874","103080211","64915805"
"58875","103080211","92253704"
"58876","103080211","104177851"
"58877","103080211","69499947"
"58878","103080211","86684697"
"58879","103080211","64979686"
"58880","103080211","57820036"
"58881","103080211","71482567"
"58882","103080211","61770491"
"58883","103080211","86680810"
"58884","103080211","71487583"
"58885","103080211","92443634"
"58886","103080211","61684719"
"58887","103080211","94202237"
"58888","103080211","78895341"
"58889","103080211","71485259"
"58890","103080211","92443520"
"58891","103080211","58341573"
"58892","103080211","61583743"
"58893","103080211","61684599"
"58894","103080211","61687403"
"58895","103080211","96092926"
"58896","103080211","88622954"
"58897","103080211","97753128"
"58898","103080211","99978878"
"58899","103080211","61686921"
"58900","103080211","97750434"
"58901","103080211","88673403"
"58902","103080211","92439589"
"58903","103080211","61771545"
"58904","103080211","78889918"
"58905","103080211","103494515"
"58906","103080211","58151888"
"58907","103080211","71483113"
"58908","103080211","67692803"
"58909","103080211","78894662"
"58910","103080211","78894651"
"58911","103080211","103502240"
"58912","103080211","99976518"
"58913","103080211","104174853"
"58914","103080211","67690695"
"58915","103081128","86683063"
"58916","103081208","64983653"
"58917","103081208","62959347"
"58918","103081208","88675783"
"58919","103081589","97749604"
"58920","103081589","97750423"
"58921","103081769","80121405"
"58922","103081769","104177414"
"58923","103081769","61584535"
"58924","103081775","71484828"
"58925","103081775","103503446"
"58926","103081818","99976716"
"58927","103081818","62957188"
"58928","103081856","61686686"
"58929","103081882","69499932"
"58930","103081926","69505529"
"58931","103081926","58342366"
"58932","103081927","57829370"
"58933","103081927","62961976"
"58934","103081928","65802094"
"58935","103081928","92446275"
"58936","103081930","94198753"
"58937","103081930","65802305"
"58938","103081931","96099268"
"58939","103081931","69503553"
"58940","103081932","71483498"
"58941","103081932","94201990"
"58942","103082066","103341597"
"58943","103082070","99972389"
"58944","103082074","88623921"
"58945","103082738","104176670"
"58946","103082885","67693463"
"58947","103082885","61686311"
"58948","103082887","88625735"
"58949","103082887","57820016"
"58950","103082887","92442698"
"58951","103082888","59669605"
"58952","103082888","97746861"
"58953","103082888","99975607"
"58954","103082888","103338703"
"58955","103082888","97751616"
"58956","103082894","94195717"
"58957","103082949","78892935"
"58958","103082990","99975590"
"58959","103083315","78894025"
"58960","103083439","88619873"
"58961","103083441","103087212"
"58962","103083442","99975655"
"58963","103083498","78894721"
"58964","103084932","103080056"
"58965","103084932","67695577"
"58966","103084932","80123788"
"58967","103084932","88622157"
"58968","103084932","61579181"
"58969","103084932","94198094"
"58970","103084932","61680394"
"58971","103084932","61687051"
"58972","103084932","59668632"
"58973","103084932","99972988"
"58974","103084932","97746481"
"58975","103084932","80123826"
"58976","103084932","67697913"
"58977","103084932","78889343"
"58978","103084932","80122421"
"58979","103084932","103341387"
"58980","103084932","88623435"
"58981","103084932","97751334"
"58982","103084932","57819922"
"58983","103084932","69504678"
"58984","103084932","103493263"
"58985","103084932","64916576"
"58986","103084932","71488122"
"58987","103084932","61578760"
"58988","103084932","80122709"
"58989","103084932","62955988"
"58990","103084932","92251853"
"58991","103084932","67693435"
"58992","103084932","94201933"
"58993","103084932","62960435"
"58994","103084932","97748383"
"58995","103084932","80122980"
"58996","103084932","96091306"
"58997","103084932","65990165"
"58998","103084932","80121910"
"58999","103084932","64982159"
"59000","103084932","65797257"
"59001","103084932","58139730"
"59002","103084932","92252127"
"59003","103084932","65987339"
"59004","103084932","64911917"
"59005","103084932","94201338"
"59006","103084932","62958062"
"59007","103084932","86685330"
"59008","103084932","86685664"
"59009","103084932","88672222"
"59010","103084932","86679603"
"59011","103084932","96095548"
"59012","103084932","94197283"
"59013","103084932","78891959"
"59014","103084932","99977486"
"59015","103084932","92256603"
"59016","103084932","69506547"
"59017","103084932","67695993"
"59018","103084932","88625663"
"59019","103084932","59667513"
"59020","103084932","65987706"
"59021","103084932","103491677"
"59022","103084932","92257848"
"59023","103084932","103086965"
"59024","103084932","103335133"
"59025","103084932","92444766"
"59026","103084932","65801900"
"59027","103084932","103502240"
"59028","103084932","103085863"
"59029","103084932","103086467"
"59030","103084932","96092822"
"59031","103085627","59217294"
"59032","103085628","64909927"
"59033","103085784","80127914"
"59034","103085784","97747317"
"59035","103085784","78892024"
"59036","103085784","64914764"
"59037","103085784","78895542"
"59038","103085784","103490430"
"59039","103085784","97745930"
"59040","103085784","65804056"
"59041","103085784","69503241"
"59042","103085784","57820256"
"59043","103085784","61768095"
"59044","103085823","67695534"
"59045","103085825","65797257"
"59046","103085825","71488952"
"59047","103085842","61586170"
"59048","103086363","58343352"
"59049","103086378","61768386"
"59050","103086446","92444873"
"59051","103087025","58141107"
"59052","103087120","67692862"
"59053","103087199","88671555"
"59054","103087211","99976524"
"59055","103087217","58140202"
"59056","103087692","57829409"
"59057","103087733","103340936"
"59058","103087734","71488102"
"59059","103334907","57822179"
"59060","103334907","65801964"
"59061","103334907","94201358"
"59062","103334907","69504898"
"59063","103334907","80122467"
"59064","103334907","96099268"
"59065","103334907","62957183"
"59066","103334907","69504647"
"59067","103334907","103081222"
"59068","103334907","62961915"
"59069","103334907","96094592"
"59070","103334907","92254815"
"59071","103334907","78894080"
"59072","103334907","96092926"
"59073","103334907","99978007"
"59074","103334907","104176019"
"59075","103334907","78889414"
"59076","103334907","80121807"
"59077","103334907","80123614"
"59078","103334907","97749349"
"59079","103334907","104177286"
"59080","103334907","92440405"
"59081","103335281","88623366"
"59082","103335281","86680179"
"59083","103335281","61772017"
"59084","103335281","104177162"
"59085","103335281","64915066"
"59086","103335281","86680107"
"59087","103335281","94197051"
"59088","103335281","58139022"
"59089","103335281","96094613"
"59090","103335281","94200245"
"59091","103335281","94200120"
"59092","103335281","78889794"
"59093","103335281","61586161"
"59094","103335281","57818607"
"59095","103335281","67690616"
"59096","103335281","61768245"
"59097","103335281","88676811"
"59098","103335281","94197367"
"59099","103335281","103339758"
"59100","103335281","78891091"
"59101","103335281","99978644"
"59102","103335281","86679963"
"59103","103335281","94197442"
"59104","103335281","59667503"
"59105","103335281","104171612"
"59106","103335281","57821384"
"59107","103335281","71484761"
"59108","103335281","99971045"
"59109","103335281","94196987"
"59110","103335281","103087410"
"59111","103335281","61768383"
"59112","103335281","65799684"
"59113","103335281","88676938"
"59114","103335281","92440206"
"59115","103335281","59216392"
"59116","103335281","62959903"
"59117","103335281","104176672"
"59118","103335281","69503066"
"59119","103335281","97750448"
"59120","103335281","59658500"
"59121","103335281","96091465"
"59122","103335281","61685818"
"59123","103335281","67694138"
"59124","103335281","96091293"
"59125","103335281","103504486"
"59126","103335281","94200195"
"59127","103335281","99973429"
"59128","103335281","103492216"
"59129","103335281","97754387"
"59130","103335281","92256433"
"59131","103335281","103336541"
"59132","103335281","103494093"
"59133","103335281","57823104"
"59134","103335281","57821784"
"59135","103336198","58341321"
"59136","103336278","58142406"
"59137","103336278","80123789"
"59138","103336278","103492297"
"59139","103336659","99977927"
"59140","103336659","94202039"
"59141","103336839","69503901"
"59142","103336839","104172621"
"59143","103336839","59215188"
"59144","103336845","96094631"
"59145","103336845","88677037"
"59146","103336888","88622138"
"59147","103336888","65800612"
"59148","103336926","99972392"
"59149","103336952","96091055"
"59150","103336996","94201376"
"59151","103336996","59211925"
"59152","103336997","61581993"
"59153","103336997","58141318"
"59154","103336998","99977475"
"59155","103336998","61680683"
"59156","103337000","57819322"
"59157","103337000","65982859"
"59158","103337001","88619904"
"59159","103337001","61774520"
"59160","103337002","64980915"
"59161","103337002","78894783"
"59162","103337136","99977772"
"59163","103337140","103083385"
"59164","103337144","61579776"
"59165","103337808","86681938"
"59166","103337955","58138908"
"59167","103337955","69505523"
"59168","103337957","103081822"
"59169","103337957","58336133"
"59170","103337957","99973438"
"59171","103337958","62957963"
"59172","103337958","88625008"
"59173","103337958","71489791"
"59174","103337958","104172024"
"59175","103337958","99975589"
"59176","103337964","78894580"
"59177","103338019","86680151"
"59178","103338060","65984865"
"59179","103338385","80122265"
"59180","103338509","92251301"
"59181","103338511","58138884"
"59182","103338512","57819557"
"59183","103338568","103337646"
"59184","103340002","86683012"
"59185","103340002","103086473"
"59186","103340002","61687321"
"59187","103340002","59659896"
"59188","103340002","104176023"
"59189","103340002","67690674"
"59190","103340002","104176660"
"59191","103340002","88620975"
"59192","103340002","97745967"
"59193","103340002","103338862"
"59194","103340002","104177019"
"59195","103340002","58144306"
"59196","103340002","78894052"
"59197","103340002","88676163"
"59198","103340002","92252157"
"59199","103340002","94200245"
"59200","103340002","92252970"
"59201","103340002","103494550"
"59202","103340002","61687355"
"59203","103340002","65987133"
"59204","103340002","80129663"
"59205","103340002","103342771"
"59206","103340002","92258543"
"59207","103340002","80124966"
"59208","103340002","104173397"
"59209","103340002","57822988"
"59210","103340002","97752192"
"59211","103340002","104175876"
"59212","103340002","92253690"
"59213","103340002","58342288"
"59214","103340002","103343133"
"59215","103340002","61773778"
"59216","103340002","62957614"
"59217","103340002","103080101"
"59218","103340002","103340671"
"59219","103340002","69500446"
"59220","103340002","69505502"
"59221","103340002","64914433"
"59222","103340002","103493712"
"59223","103340002","103504260"
"59224","103340002","103494443"
"59225","103340002","88675633"
"59226","103340002","57829395"
"59227","103340002","99970993"
"59228","103340002","92251619"
"59229","103340002","88623523"
"59230","103340002","80129518"
"59231","103340002","78892899"
"59232","103340002","86679568"
"59233","103340002","58140624"
"59234","103340002","104174858"
"59235","103340002","96092936"
"59236","103340002","99978786"
"59237","103340002","64914847"
"59238","103340002","71485767"
"59239","103340002","64914978"
"59240","103340002","69722434"
"59241","103340002","65982964"
"59242","103340002","58139283"
"59243","103340002","58142360"
"59244","103340002","61774537"
"59245","103340002","64979739"
"59246","103340002","58336233"
"59247","103340002","78895413"
"59248","103340002","97746860"
"59249","103340002","97750461"
"59250","103340002","67690232"
"59251","103340002","61582826"
"59252","103340697","99970982"
"59253","103340698","64915375"
"59254","103340854","61578699"
"59255","103340854","65988771"
"59256","103340854","97749601"
"59257","103340854","94195308"
"59258","103340854","80126337"
"59259","103340854","65803638"
"59260","103340854","61579912"
"59261","103340854","103492632"
"59262","103340854","104173762"
"59263","103340854","99977340"
"59264","103340854","67690353"
"59265","103340893","64981297"
"59266","103340895","96095715"
"59267","103340895","99977642"
"59268","103340912","92250265"
"59269","103341433","96092906"
"59270","103341448","69503566"
"59271","103341516","88676305"
"59272","103342095","103494123"
"59273","103342190","80123255"
"59274","103342269","104174837"
"59275","103342281","97749164"
"59276","103342287","65803342"
"59277","103342762","94199387"
"59278","103342803","99977942"
"59279","103342804","92439074"
"59280","103490206","61579180"
"59281","103490206","58271792"
"59282","103490206","99974219"
"59283","103490206","96091643"
"59284","103490206","65985840"
"59285","103490206","94201248"
"59286","103490206","99972707"
"59287","103490206","94196649"
"59288","103490206","88674457"
"59289","103490206","88619735"
"59290","103490206","92441814"
"59291","103490206","92250262"
"59292","103490206","103086992"
"59293","103490206","80123158"
"59294","103490206","103490611"
"59295","103490206","92252009"
"59296","103490206","59211861"
"59297","103490206","61683106"
"59298","103490580","104175076"
"59299","103490580","59669996"
"59300","103490580","58142069"
"59301","103490580","58140143"
"59302","103490580","103493318"
"59303","103490580","61769887"
"59304","103490580","59659670"
"59305","103490580","78888406"
"59306","103490580","58320981"
"59307","103490580","65990677"
"59308","103490580","88676909"
"59309","103490580","61772168"
"59310","103490580","88619705"
"59311","103490580","103341796"
"59312","103490580","64914385"
"59313","103490580","99975609"
"59314","103490580","96092776"
"59315","103490580","97752255"
"59316","103490580","67692394"
"59317","103490580","88671855"
"59318","103490580","61583911"
"59319","103490580","103081621"
"59320","103490580","96095916"
"59321","103490580","80121855"
"59322","103490580","99977292"
"59323","103490580","78894195"
"59324","103490580","103081847"
"59325","103490580","103492434"
"59326","103490580","64982528"
"59327","103490580","65984879"
"59328","103490580","61772379"
"59329","103490580","58142752"
"59330","103490580","59213864"
"59331","103490580","92444465"
"59332","103490580","64980650"
"59333","103490580","103504417"
"59334","103490580","97751614"
"59335","103490580","67695723"
"59336","103490580","65982859"
"59337","103490580","64980665"
"59338","103490580","94198956"
"59339","103490580","96096447"
"59340","103490580","104172684"
"59341","103490580","92258159"
"59342","103490580","61774966"
"59343","103490580","99977511"
"59344","103490580","57818716"
"59345","103490580","64912932"
"59346","103490580","103087117"
"59347","103490580","59215480"
"59348","103491497","103342799"
"59349","103491577","58343827"
"59350","103491577","92255951"
"59351","103491577","92442666"
"59352","103491958","69503245"
"59353","103491958","92258159"
"59354","103492138","88673653"
"59355","103492138","96091499"
"59356","103492138","58140411"
"59357","103492144","103491898"
"59358","103492144","94202045"
"59359","103492187","57821331"
"59360","103492187","99979213"
"59361","103492225","97752147"
"59362","103492251","103081877"
"59363","103492295","92439600"
"59364","103492295","58138683"
"59365","103492296","99974812"
"59366","103492296","88624291"
"59367","103492297","92251848"
"59368","103492297","61769975"
"59369","103492299","103336837"
"59370","103492299","59214358"
"59371","103492300","99971119"
"59372","103492300","86684315"
"59373","103492301","58342468"
"59374","103492301","67697236"
"59375","103492435","62959423"
"59376","103492439","96093441"
"59377","103492443","71486776"
"59378","103493107","86684874"
"59379","103493254","64984027"
"59380","103493254","80129667"
"59381","103493256","96098122"
"59382","103493256","65988760"
"59383","103493256","92441539"
"59384","103493257","99977449"
"59385","103493257","104172738"
"59386","103493257","59668285"
"59387","103493257","99976804"
"59388","103493257","103084695"
"59389","103493263","103081767"
"59390","103493318","61680187"
"59391","103493359","86684799"
"59392","103493684","88623614"
"59393","103493808","97751589"
"59394","103493810","99971141"
"59395","103493811","103340895"
"59396","103493867","65987024"
"59397","103493989","97749068"
"59398","103493990","103087196"
"59399","103494093","103085879"
"59400","103494093","71489242"
"59401","103494093","65803636"
"59402","103494093","104178013"
"59403","103494093","59671100"
"59404","103494093","57818613"
"59405","103494093","80124995"
"59406","103494093","92252316"
"59407","103494093","64914449"
"59408","103494093","62962512"
"59409","103494093","96092820"
"59410","103494121","61772394"
"59411","103494123","96099149"
"59412","103494123","64909934"
"59413","103494131","64915860"
"59414","103494370","104171318"
"59415","103494385","59670425"
"59416","103494842","104173587"
"59417","103494933","65988762"
"59418","103495355","71486980"
"59419","103501815","57821228"
"59420","103501956","57819480"
"59421","103501962","69503951"
"59422","103501974","97747510"
"59423","103502181","96097568"
"59424","103503137","88625743"
"59425","103503137","71488185"
"59426","103503137","61773744"
"59427","103503137","88673611"
"59428","103503137","103084125"
"59429","103503137","58139562"
"59430","103503137","88672132"
"59431","103503137","69500871"
"59432","103503137","65990164"
"59433","103503137","103081755"
"59434","103503137","57820508"
"59435","103503137","96094656"
"59436","103503137","65800243"
"59437","103503137","99977336"
"59438","103503137","103343334"
"59439","103503137","96098122"
"59440","103503137","94196750"
"59441","103503137","97749334"
"59442","103503137","104173384"
"59443","103503137","80126373"
"59444","103503137","62959874"
"59445","103503137","99974512"
"59446","103503137","88675765"
"59447","103503137","61772392"
"59448","103503137","78889962"
"59449","103503137","64917253"
"59450","103503137","103490205"
"59451","103503137","104174891"
"59452","103503137","103336923"
"59453","103503137","62960517"
"59454","103503137","59665191"
"59455","103503137","97748248"
"59456","103503137","69504656"
"59457","103503137","86685581"
"59458","103503137","80126071"
"59459","103503137","92443844"
"59460","103503137","88622122"
"59461","103503137","92442684"
"59462","103503137","103338418"
"59463","103503137","97749051"
"59464","103503137","97747525"
"59465","103503137","61680687"
"59466","103503137","57821496"
"59467","103503137","104173579"
"59468","103503137","92436853"
"59469","103503137","67690309"
"59470","103503137","58342934"
"59471","103503137","59669025"
"59472","103503137","69504810"
"59473","103503137","92445597"
"59474","103503137","96092222"
"59475","103503137","61774918"
"59476","103503137","67695003"
"59477","103503137","94201341"
"59478","103503137","62957938"
"59479","103503137","88675651"
"59480","103503137","94200185"
"59481","103503137","92249881"
"59482","103503137","97750466"
"59483","103503137","67695500"
"59484","103503137","61774954"
"59485","103503137","103492296"
"59486","103503137","103083610"
"59487","103503137","80128143"
"59488","103503137","103337002"
"59489","104169981","103338019"
"59490","104169981","99978613"
"59491","104169981","97749361"
"59492","104169981","94198011"
"59493","104169981","88618999"
"59494","104169981","78890706"
"59495","104169981","78896253"
"59496","104169981","86683018"
"59497","104169981","103338374"
"59498","104169981","78895470"
"59499","104169981","69506549"
"59500","104169981","71484925"
"59501","104169981","71483125"
"59502","104169981","69506061"
"59503","104169981","80119114"
"59504","104169981","92257204"
"59505","104169981","104172600"
"59506","104169981","96097542"
"59507","104169981","61768583"
"59508","104169981","69503575"
"59509","104169981","92446193"
"59510","104169981","92256557"
"59511","104170355","62959604"
"59512","104170355","64912053"
"59513","104170355","61771894"
"59514","104170355","92257348"
"59515","104170355","61583826"
"59516","104170355","94202763"
"59517","104170355","103338369"
"59518","104170355","104173749"
"59519","104170355","88626839"
"59520","104170355","58143228"
"59521","104170355","96093469"
"59522","104170355","58151936"
"59523","104170355","86683935"
"59524","104170355","103087874"
"59525","104170355","57823140"
"59526","104170355","64982156"
"59527","104170355","64983251"
"59528","104170355","64909926"
"59529","104170355","61684380"
"59530","104170355","96098208"
"59531","104170355","92440149"
"59532","104170355","65984824"
"59533","104170355","103085784"
"59534","104170355","103335171"
"59535","104170355","58141669"
"59536","104170355","103337001"
"59537","104170355","96093449"
"59538","104170355","99974169"
"59539","104170355","64984811"
"59540","104170355","59669599"
"59541","104170355","103494095"
"59542","104170355","62955297"
"59543","104170355","78894725"
"59544","104170355","99972129"
"59545","104170355","88624796"
"59546","104170355","92250284"
"59547","104170355","104174746"
"59548","104170355","88671603"
"59549","104170355","58341336"
"59550","104170355","92442722"
"59551","104170355","104169992"
"59552","104170355","97752016"
"59553","104170355","64914520"
"59554","104170355","94195353"
"59555","104170355","92440957"
"59556","104170355","65983233"
"59557","104170355","64981766"
"59558","104170355","92253838"
"59559","104170355","69503692"
"59560","104170355","104177362"
"59561","104170355","69502258"
"59562","104170355","69506630"
"59563","104170355","99978128"
"59564","104170355","64914133"
"59565","104170355","86680095"
"59566","104171272","97749070"
"59567","104171272","92252605"
"59568","104171352","92250118"
"59569","104171352","97747522"
"59570","104171352","103504443"
"59571","104171733","88673610"
"59572","104171733","103342023"
"59573","104171913","103504314"
"59574","104171913","62959771"
"59575","104171913","78893990"
"59576","104171919","64915783"
"59577","104171919","104175989"
"59578","104171962","61681565"
"59579","104171962","86684572"
"59580","104172000","88673035"
"59581","104172026","97751575"
"59582","104172070","88671566"
"59583","104172070","103491838"
"59584","104172071","94200252"
"59585","104172071","80122780"
"59586","104172072","78891990"
"59587","104172072","88673208"
"59588","104172074","94202639"
"59589","104172074","67697331"
"59590","104172075","58341676"
"59591","104172075","64984092"
"59592","104172076","57822896"
"59593","104172076","94205731"
"59594","104172210","58280785"
"59595","104172214","80128456"
"59596","104172218","103086378"
"59597","104172882","103085864"
"59598","104172882","96091639"
"59599","104173029","58350222"
"59600","104173029","96093493"
"59601","104173031","64981353"
"59602","104173031","71488039"
"59603","104173031","103341488"
"59604","104173032","65984832"
"59605","104173032","88619874"
"59606","104173032","71489333"
"59607","104173032","71485807"
"59608","104173032","61578828"
"59609","104173038","65800197"
"59610","104173093","104173968"
"59611","104173134","72764451"
"59612","104173459","71483528"
"59613","104173583","65987343"
"59614","104173585","88673126"
"59615","104173586","92253692"
"59616","104173642","58139796"
"59617","104175076","78888216"
"59618","104175076","99971164"
"59619","104175076","71484815"
"59620","104175076","65985424"
"59621","104175076","64910328"
"59622","104175076","64910339"
"59623","104175076","61581052"
"59624","104175076","62961209"
"59625","104175076","103337115"
"59626","104175076","78895495"
"59627","104175076","88620981"
"59628","104175076","64914904"
"59629","104175076","92442482"
"59630","104175076","58140474"
"59631","104175076","99977205"
"59632","104175076","103082476"
"59633","104175076","88620149"
"59634","104175076","62955277"
"59635","104175076","103342065"
"59636","104175076","57821029"
"59637","104175076","103503301"
"59638","104175076","92445151"
"59639","104175076","57819322"
"59640","104175076","58139751"
"59641","104175076","96091886"
"59642","104175076","64914850"
"59643","104175076","58343805"
"59644","104175076","97747202"
"59645","104175076","69502196"
"59646","104175076","104174891"
"59647","104175076","99975642"
"59648","104175076","69499582"
"59649","104175076","78888222"
"59650","104175076","80129618"
"59651","104175076","69505489"
"59652","104175076","80126727"
"59653","104175076","99978313"
"59654","104175076","94197305"
"59655","104175076","92444569"
"59656","104175076","88674502"
"59657","104175076","59669992"
"59658","104175076","65799360"
"59659","104175076","59667646"
"59660","104175076","61768396"
"59661","104175076","88619851"
"59662","104175076","69505425"
"59663","104175076","80127922"
"59664","104175076","103083685"
"59665","104175076","94198093"
"59666","104175076","64911977"
"59667","104175076","65987835"
"59668","104175076","97748986"
"59669","104175076","92256805"
"59670","104175076","99976813"
"59671","104175076","58141780"
"59672","104175076","67697916"
"59673","104175076","88619170"
"59674","104175076","61579888"
"59675","104175076","103340930"
"59676","104175076","92440877"
"59677","104175076","88620918"
"59678","104175076","78895542"
"59679","104175076","97752241"
"59680","104175076","97750476"
"59681","104175076","57819563"
"59682","104175076","96093432"
"59683","104175076","97753148"
"59684","104175076","99976902"
"59685","104175076","86683046"
"59686","104175076","59665196"
"59687","104175076","97751577"
"59688","104175771","59212241"
"59689","104175772","61773726"
"59690","104175928","94196722"
"59691","104175928","80127858"
"59692","104175928","103335179"
"59693","104175928","97746947"
"59694","104175928","88669968"
"59695","104175928","103090208"
"59696","104175928","103339775"
"59697","104175928","78894109"
"59698","104175928","61772622"
"59699","104175928","78891092"
"59700","104175928","88670960"
"59701","104175967","64910433"
"59702","104175969","65985837"
"59703","104175969","103492245"
"59704","104175986","94200262"
"59705","104176507","92445868"
"59706","104176522","71482736"
"59707","104176590","64977834"
"59708","104177169","92255948"
"59709","104177264","92251256"
"59710","104177343","78889982"
"59711","104177355","94197445"
"59712","104177361","96094648"
"59713","104177836","92253688"
"59714","104177877","59211441"
"59715","104177878","64913647"
"59716","57820379","61774864"
"59717","57820675","104170345"
"59718","57822117","61584383"
"59719","57822814","92250142"
"59720","57829457","88620148"
"59721","57829508","69505017"
"59722","57829509","103492300"
"59723","57829510","103086283"
"59724","57829511","65802509"
"59725","58140664","97747290"
"59726","58140960","92445825"
"59727","58142402","94197746"
"59728","58143099","88676982"
"59729","58151832","59216292"
"59730","58151883","78893811"
"59731","58151884","103338679"
"59732","58151885","59216450"
"59733","58151886","88676055"
"59734","58271792","92251873"
"59735","58271792","59216148"
"59736","58279518","88676166"
"59737","58279518","92445536"
"59738","58280794","92256612"
"59739","58318081","61584882"
"59740","58318692","65800312"
"59741","58321218","78894991"
"59742","58321221","59216288"
"59743","58335365","71488101"
"59744","58335365","86684752"
"59745","58335365","92258352"
"59746","58341720","92250148"
"59747","59211433","96094622"
"59748","59211433","61772465"
"59749","59211433","92441567"
"59750","59211433","64912739"
"59751","59211433","69505532"
"59752","59211433","103342487"
"59753","59211433","103086592"
"59754","59211433","88620347"
"59755","59211433","59214193"
"59756","59211433","96095443"
"59757","59211433","96098118"
"59758","59211433","94198405"
"59759","59211433","97750438"
"59760","59211590","57822062"
"59761","59211590","97754300"
"59762","59211846","61775600"
"59763","59211924","94200214"
"59764","59211925","69505423"
"59765","59211926","94200194"
"59766","59211927","62960308"
"59767","59211928","88620472"
"59768","59211929","78889465"
"59769","59212152","99973307"
"59770","59212152","65985323"
"59771","59212152","61682053"
"59772","59212152","86686158"
"59773","59212152","99978062"
"59774","59212152","58140532"
"59775","59212152","92254773"
"59776","59212152","88623614"
"59777","59212152","61772592"
"59778","59212161","96097582"
"59779","59212161","104175966"
"59780","59213440","96092034"
"59781","59213449","80127207"
"59782","59213858","92254798"
"59783","59214838","88621002"
"59784","59214985","57821905"
"59785","59214985","78891494"
"59786","59214987","65803327"
"59787","59214987","71488143"
"59788","59214988","92444066"
"59789","59214988","64977568"
"59790","59214988","97752844"
"59791","59214988","96095440"
"59792","59214988","86681632"
"59793","59215049","86684895"
"59794","59215359","58139770"
"59795","59215468","86684779"
"59796","59215470","97752694"
"59797","59215470","94200221"
"59798","59215521","94198026"
"59799","59215550","65987077"
"59800","59215735","57819479"
"59801","59215737","71488503"
"59802","59215738","92447233"
"59803","59216214","104176521"
"59804","59216275","86682909"
"59805","59216279","96091603"
"59806","59216281","71487965"
"59807","59216285","71483493"
"59808","59217029","88622270"
"59809","59217029","58342365"
"59810","59217029","99970999"
"59811","59217029","96098176"
"59812","59217029","88674347"
"59813","59217029","67690256"
"59814","59217029","58143122"
"59815","59217029","71483434"
"59816","59217029","69500066"
"59817","59217029","92443779"
"59818","59217029","103336998"
"59819","59217029","88624375"
"59820","59217029","69503375"
"59821","59217029","96096901"
"59822","59217029","71482568"
"59823","59217029","67692298"
"59824","59217029","96098129"
"59825","59217029","78894927"
"59826","59217029","94199303"
"59827","59217029","104171617"
"59828","59217029","57822467"
"59829","59217029","88676104"
"59830","59658350","57821204"
"59831","59658350","61772091"
"59832","59658350","58141326"
"59833","59658350","103493805"
"59834","59658350","97748206"
"59835","59658350","99976801"
"59836","59658350","69505267"
"59837","59658350","64914278"
"59838","59658350","99973815"
"59839","59658350","96094622"
"59840","59658350","69503213"
"59841","59658350","96094590"
"59842","59658350","65987939"
"59843","59658350","61773775"
"59844","59658350","99972259"
"59845","59658350","64914349"
"59846","59658350","80124928"
"59847","59658350","62957147"
"59848","59658841","58141621"
"59849","59658841","65982880"
"59850","59659677","80126724"
"59851","59659871","57829539"
"59852","59659871","97753695"
"59853","59659873","92253431"
"59854","59659873","99971075"
"59855","59659875","97750417"
"59856","59659875","96091689"
"59857","59659877","97753141"
"59858","59659877","88669819"
"59859","59659879","104173753"
"59860","59659879","86684329"
"59861","59659881","58350368"
"59862","59659881","103084576"
"59863","59660618","96097510"
"59864","59660618","103087313"
"59865","59660618","92443307"
"59866","59660618","92441812"
"59867","59660618","69505447"
"59868","59660618","69505311"
"59869","59660618","58142828"
"59870","59660618","57820635"
"59871","59660618","61771600"
"59872","59660618","64913793"
"59873","59660618","61578823"
"59874","59660618","97750405"
"59875","59660618","59217081"
"59876","59660618","94197333"
"59877","59660618","104176123"
"59878","59660618","97752244"
"59879","59660618","78894291"
"59880","59660618","92256079"
"59881","59660618","88671608"
"59882","59660618","67690701"
"59883","59660618","103085825"
"59884","59660618","99974254"
"59885","59660618","67690256"
"59886","59660618","88670920"
"59887","59660618","88619105"
"59888","59660618","67692859"
"59889","59660637","64909602"
"59890","59660637","97747992"
"59891","59660637","61774141"
"59892","59660637","97749045"
"59893","59660637","71488062"
"59894","59660637","96095518"
"59895","59660637","99974538"
"59896","59665108","61774686"
"59897","59665110","103492141"
"59898","59665110","103085863"
"59899","59665110","92253688"
"59900","59665196","61581484"
"59901","59665196","80127810"
"59902","59665206","61684128"
"59903","59666803","65987858"
"59904","59666803","86685455"
"59905","59666813","65799683"
"59906","59667528","103502462"
"59907","59667650","103082894"
"59908","59668130","59668790"
"59909","59668277","64914314"
"59910","59668277","103335226"
"59911","59668279","57820379"
"59912","59668279","92255682"
"59913","59668280","80128454"
"59914","59668280","61768580"
"59915","59668280","62955647"
"59916","59668280","59669318"
"59917","59668280","61686794"
"59918","59668341","99975634"
"59919","59668650","58140668"
"59920","59668759","92256598"
"59921","59668761","103341457"
"59922","59668761","92436853"
"59923","59668801","57820796"
"59924","59668838","58138892"
"59925","59669034","86684219"
"59926","59669036","58341716"
"59927","59669037","67695849"
"59928","59669518","92251954"
"59929","59669582","69506260"
"59930","59669586","72763951"
"59931","59669588","58142831"
"59932","59669592","58143198"
"59933","59670360","103340934"
"59934","59670360","65802454"
"59935","59670360","67697324"
"59936","59670360","64914796"
"59937","59670360","72764451"
"59938","59670360","62960473"
"59939","59670360","104175994"
"59940","59670360","64984738"
"59941","59670360","80127246"
"59942","59670360","59213434"
"59943","59670360","57822019"
"59944","59670360","61686315"
"59945","59670360","92255959"
"59946","59670360","88675676"
"59947","59670360","62955665"
"59948","59670360","61685845"
"59949","59670360","69502171"
"59950","59670360","88620350"
"59951","59670360","62961468"
"59952","59670360","86680051"
"59953","59670360","88676198"
"59954","59670360","103492948"
"59955","59670360","71487990"
"59956","59670360","99971171"
"59957","59670360","92442728"
"59958","59670360","58143099"
"59959","61578682","59665182"
"59960","61578682","71488210"
"59961","61578682","64981291"
"59962","61578682","58139805"
"59963","61578682","103086723"
"59964","61578682","103336344"
"59965","61578682","65797666"
"59966","61578682","61683852"
"59967","61578682","64977583"
"59968","61578682","92441531"
"59969","61578682","96094641"
"59970","61578682","97752920"
"59971","61578682","96092328"
"59972","61578841","61586756"
"59973","61578841","61775552"
"59974","61579096","62957612"
"59975","61579175","88619874"
"59976","61579176","92251673"
"59977","61579177","58140301"
"59978","61579178","65801888"
"59979","61579179","58140130"
"59980","61579180","97751605"
"59981","61579776","62959823"
"59982","61579776","103492188"
"59983","61579776","103081817"
"59984","61579776","69505860"
"59985","61579776","57820735"
"59986","61579776","69500450"
"59987","61579776","88677207"
"59988","61579776","61683642"
"59989","61579776","57819537"
"59990","61579776","64983448"
"59991","61579776","62955278"
"59992","61579776","103087867"
"59993","61579776","69500068"
"59994","61579785","57818579"
"59995","61579785","94195582"
"59996","61581024","61768582"
"59997","61581068","65797261"
"59998","61581945","71485470"
"59999","61581997","96093444"
"60000","61582477","64914880"
"60001","61582624","69505421"
"60002","61582624","104177787"
"60003","61582626","99978213"
"60004","61582626","88671315"
"60005","61582627","61769957"
"60006","61582627","62961889"
"60007","61582627","71488110"
"60008","61582627","97745951"
"60009","61582627","103494448"
"60010","61582688","94200207"
"60011","61582997","104170189"
"60012","61583106","58140315"
"60013","61583108","88625156"
"60014","61583108","92441139"
"60015","61583148","78896552"
"60016","61583545","58141513"
"60017","61583741","92447331"
"60018","61583743","103082794"
"60019","61583744","69505022"
"60020","61584594","97752321"
"60021","61584658","69500371"
"60022","61584662","58140668"
"60023","61584664","97753422"
"60024","61584668","97749334"
"60025","61585463","103081823"
"60026","61585463","86679540"
"60027","61585463","78894084"
"60028","61585463","62955263"
"60029","61585463","92440687"
"60030","61585463","88676384"
"60031","61585463","88624331"
"60032","61585463","58341256"
"60033","61680400","80121978"
"60034","61680465","88674363"
"60035","61680469","94201390"
"60036","61680471","96099135"
"60037","61680475","61586172"
"60038","61681271","65989483"
"60039","61681271","69504821"
"60040","61681271","80123812"
"60041","61681271","97745831"
"60042","61681271","78891300"
"60043","61681271","97749334"
"60044","61681271","69502212"
"60045","61681271","61585525"
"60046","61681271","61680688"
"60047","61681271","92442809"
"60048","61681271","88669977"
"60049","61681271","78892914"
"60050","61681271","88671255"
"60051","61681271","61681566"
"60052","61681271","80122408"
"60053","61681271","64914152"
"60054","61681271","64910535"
"60055","61681271","88672366"
"60056","61681271","97752694"
"60057","61681271","86685663"
"60058","61681271","92445632"
"60059","61681271","62962513"
"60060","61681271","62959495"
"60061","61681271","92256807"
"60062","61681271","61586217"
"60063","61681271","62959832"
"60064","61681271","99976789"
"60065","61681271","97751551"
"60066","61681271","59215732"
"60067","61681271","67697233"
"60068","61681271","97747548"
"60069","61681271","61680190"
"60070","61681271","103503343"
"60071","61681271","92253871"
"60072","61681271","92446201"
"60073","61683492","86683053"
"60074","61683639","69499991"
"60075","61683639","71488004"
"60076","61683641","96094646"
"60077","61683641","94198763"
"60078","61683642","94197295"
"60079","61683642","59216680"
"60080","61683642","67694617"
"60081","61683642","94197394"
"60082","61683642","59666813"
"60083","61683704","86680844"
"60084","61683746","88675634"
"60085","61684014","94201466"
"60086","61684123","69505176"
"60087","61684125","69500740"
"60088","61684125","67692358"
"60089","61684165","103494056"
"60090","61684202","88677660"
"60091","61684398","92447383"
"60092","61684400","58143225"
"60093","61684401","64914492"
"60094","61684599","92447246"
"60095","61684599","57820179"
"60096","61684599","88624025"
"60097","61684599","86678370"
"60098","61684599","104172070"
"60099","61684599","99977510"
"60100","61684599","103341665"
"60101","61684599","103339756"
"60102","61684599","80123807"
"60103","61684599","80123200"
"60104","61684599","78895229"
"60105","61684599","78890133"
"60106","61684599","65801903"
"60107","61684599","67696453"
"60108","61684599","57829404"
"60109","61684599","71486985"
"60110","61684599","103502406"
"60111","61684599","96094646"
"60112","61684599","88625689"
"60113","61684599","67695643"
"60114","61684599","78890701"
"60115","61684599","67692356"
"60116","61684599","61772380"
"60117","61684599","61686908"
"60118","61684599","80128148"
"60119","61684599","94197103"
"60120","61684599","62960511"
"60121","61684599","86685056"
"60122","61684599","92441095"
"60123","61684608","61686682"
"60124","61684608","99977690"
"60125","61684608","99975616"
"60126","61684608","88675768"
"60127","61684608","88673396"
"60128","61684608","64914643"
"60129","61684608","86681938"
"60130","61685831","62959501"
"60131","61685831","65987673"
"60132","61685849","88625555"
"60133","61685887","88677663"
"60134","61685887","92252127"
"60135","61685893","88671255"
"60136","61686309","61772466"
"60137","61686309","71487496"
"60138","61686311","65988045"
"60139","61686683","99977202"
"60140","61686687","92441434"
"60141","61686691","65802596"
"60142","61686758","88625709"
"60143","61686810","58138885"
"60144","61686900","61680479"
"60145","61686900","104171965"
"60146","61686900","97752722"
"60147","61686900","88674462"
"60148","61686900","69504823"
"60149","61686900","61772289"
"60150","61686900","104174843"
"60151","61686900","92250113"
"60152","61686900","96098122"
"60153","61686900","65802590"
"60154","61686900","88620334"
"60155","61686900","97752102"
"60156","61686900","88672680"
"60157","61686900","58340886"
"60158","61686900","65802588"
"60159","61686900","65801652"
"60160","61686900","92442684"
"60161","61686900","67693423"
"60162","61686985","57820675"
"60163","61687059","78895224"
"60164","61687059","67697378"
"60165","61687314","61768292"
"60166","61687397","78891156"
"60167","61687397","58139974"
"60168","61687398","62955147"
"60169","61687398","97752010"
"60170","61687399","61772099"
"60171","61687399","94200262"
"60172","61687400","58280781"
"60173","61687400","57822745"
"60174","61687401","96091643"
"60175","61687401","71482736"
"60176","61687402","58141776"
"60177","61687402","80126059"
"60178","61768304","88619135"
"60179","61768369","58320976"
"60180","61768373","61770016"
"60181","61768375","103085797"
"60182","61768379","64914446"
"60183","61769175","99977796"
"60184","61769175","65797281"
"60185","61769175","103343347"
"60186","61769175","57829363"
"60187","61769175","97750424"
"60188","61769175","64981652"
"60189","61769175","69505288"
"60190","61769175","61684496"
"60191","61769175","64915844"
"60192","61769175","62960417"
"60193","61769175","80128546"
"60194","61769175","61579776"
"60195","61769175","99975656"
"60196","61769175","71489793"
"60197","61769175","80126675"
"60198","61769175","94199406"
"60199","61769175","104176205"
"60200","61769175","78896483"
"60201","61769175","103336617"
"60202","61769175","92441567"
"60203","61769175","58141476"
"60204","61769175","99972063"
"60205","61769175","64981773"
"60206","61769175","61772606"
"60207","61769175","61768486"
"60208","61769175","97745839"
"60209","61769175","99970974"
"60210","61769175","62959836"
"60211","61769175","88671650"
"60212","61769175","62959334"
"60213","61769175","80123813"
"60214","61769175","97748308"
"60215","61769175","59213436"
"60216","61769175","97751611"
"60217","61769175","78890681"
"60218","61771389","96099333"
"60219","61771536","65987061"
"60220","61771536","103492084"
"60221","61771538","99975595"
"60222","61771538","69502179"
"60223","61771539","92251712"
"60224","61771539","103491182"
"60225","61771539","103338326"
"60226","61771539","96094627"
"60227","61771539","96093469"
"60228","61771600","88625052"
"60229","61771641","67690604"
"60230","61771909","65803339"
"60231","61772018","65797175"
"60232","61772020","78891649"
"60233","61772020","65797284"
"60234","61772060","88619993"
"60235","61772097","88677817"
"60236","61772293","69505420"
"60237","61772295","71482734"
"60238","61772296","88621039"
"60239","61772494","65989501"
"60240","61772494","58140514"
"60241","61772494","64977430"
"60242","61772494","86680263"
"60243","61772494","92441096"
"60244","61772494","80121793"
"60245","61772494","69504523"
"60246","61772494","96092323"
"60247","61772494","99974006"
"60248","61772494","103085879"
"60249","61772494","103343834"
"60250","61772494","103492880"
"60251","61772494","57829541"
"60252","61772494","92257361"
"60253","61772494","58139726"
"60254","61772494","88673458"
"60255","61772494","61585751"
"60256","61772494","61772013"
"60257","61772494","103491577"
"60258","61772494","104171364"
"60259","61772494","94197107"
"60260","61772494","61774543"
"60261","61772494","80128549"
"60262","61772494","61585746"
"60263","61772494","80122666"
"60264","61772494","103342080"
"60265","61772494","94195354"
"60266","61772494","104173757"
"60267","61772494","92442730"
"60268","61772503","57821144"
"60269","61772503","103086456"
"60270","61772503","92256040"
"60271","61772503","92444875"
"60272","61772503","92440884"
"60273","61772503","64915087"
"60274","61772503","61584505"
"60275","61773725","104173093"
"60276","61773725","94201396"
"60277","61773743","104171636"
"60278","61773781","62960341"
"60279","61773781","103493256"
"60280","61773787","57820687"
"60281","61774203","97752257"
"60282","61774203","65987553"
"60283","61774205","97751718"
"60284","61774576","65989518"
"60285","61774580","86684763"
"60286","61774584","88676255"
"60287","61774650","88618827"
"60288","61774702","94203583"
"60289","61774792","103086561"
"60290","61774792","61680688"
"60291","61774792","71487282"
"60292","61774792","103086272"
"60293","61774792","104173780"
"60294","61774792","96093494"
"60295","61774792","78896017"
"60296","61774792","71485913"
"60297","61774792","103340950"
"60298","61774792","92441591"
"60299","61774792","94201935"
"60300","61774792","96091705"
"60301","61774792","67695215"
"60302","61774792","58140466"
"60303","61774792","88675767"
"60304","61774792","67695634"
"60305","61774792","86684178"
"60306","61774792","69503942"
"60307","61774877","59660176"
"60308","61774951","59669459"
"60309","61774951","57820443"
"60310","61775206","59665191"
"60311","61775289","57821011"
"60312","61775289","94201894"
"60313","61775290","65801902"
"60314","61775290","92441510"
"60315","61775291","103501978"
"60316","61775291","78894765"
"60317","61775292","86678533"
"60318","61775292","88623982"
"60319","61775293","69502595"
"60320","61775293","61769943"
"60321","61775294","62961960"
"60322","61775294","86679622"
"60323","62955139","86681420"
"60324","62955139","67690690"
"60325","62955139","59660904"
"60326","62955139","86685617"
"60327","62955139","86684323"
"60328","62955139","59669126"
"60329","62955139","61687716"
"60330","62955139","71487845"
"60331","62955139","99972138"
"60332","62955139","99974209"
"60333","62955139","88625282"
"60334","62955139","92445314"
"60335","62955139","80123810"
"60336","62955139","103087755"
"60337","62955139","88620977"
"60338","62955139","96092824"
"60339","62955139","61683995"
"60340","62955139","97746862"
"60341","62955225","103342801"
"60342","62955297","103087680"
"60343","62955297","65797246"
"60344","62955557","58151770"
"60345","62955644","67695457"
"60346","62955644","88676330"
"60347","62955645","88624358"
"60348","62955645","69506633"
"60349","62955646","92441582"
"60350","62955646","67695657"
"60351","62955647","88675783"
"60352","62955647","78895511"
"60353","62955648","94199186"
"60354","62955648","65799687"
"60355","62955649","80123407"
"60356","62955649","65802849"
"60357","62955655","88673289"
"60358","62955896","65989047"
"60359","62955896","67692409"
"60360","62955896","61680601"
"60361","62955896","61773811"
"60362","62955896","92443973"
"60363","62955896","78891589"
"60364","62955896","99978787"
"60365","62955896","61775247"
"60366","62955896","57820401"
"60367","62955896","103339779"
"60368","62955896","97752449"
"60369","62955896","88673522"
"60370","62955896","92444068"
"60371","62955896","59665049"
"60372","62955896","57820173"
"60373","62955896","103087879"
"60374","62955896","103504158"
"60375","62955896","92443542"
"60376","62955896","88669900"
"60377","62955896","103341344"
"60378","62955896","96091463"
"60379","62955896","103083307"
"60380","62955896","78890715"
"60381","62955896","58143273"
"60382","62955896","58340984"
"60383","62955896","71483124"
"60384","62955896","103336718"
"60385","62955896","80123782"
"60386","62955896","71485950"
"60387","62955896","97749521"
"60388","62955905","92441554"
"60389","62955905","86680047"
"60390","62955905","92256805"
"60391","62955905","99973764"
"60392","62955905","71484933"
"60393","62955905","59211853"
"60394","62955905","57820975"
"60395","62955905","96092184"
"60396","62957127","65803280"
"60397","62957127","64910410"
"60398","62957145","65802310"
"60399","62957185","71488502"
"60400","62957185","65983317"
"60401","62957191","61681562"
"60402","62957611","64915125"
"60403","62957611","104174881"
"60404","62957613","65801682"
"60405","62957984","103494382"
"60406","62957988","69499977"
"60407","62957992","78894036"
"60408","62958058","58139753"
"60409","62958110","86678491"
"60410","62958590","88677117"
"60411","62958737","94203393"
"60412","62958737","64984823"
"60413","62958739","78892935"
"60414","62958739","103338639"
"60415","62958740","88625657"
"60416","62958740","59217731"
"60417","62958740","103492124"
"60418","62958740","96098094"
"60419","62958740","94202776"
"60420","62958801","103339763"
"60421","62958842","99976898"
"60422","62959226","88674392"
"60423","62959335","61772590"
"60424","62959337","103085864"
"60425","62959337","104176663"
"60426","62959377","97752128"
"60427","62959422","58143391"
"60428","62959716","88676302"
"60429","62959720","96095913"
"60430","62959723","103084686"
"60431","62960230","104176735"
"60432","62960295","61769471"
"60433","62960299","62957224"
"60434","62960301","99978795"
"60435","62960305","61681997"
"60436","62961148","64979744"
"60437","62961148","69500081"
"60438","62961148","65799251"
"60439","62961148","104171676"
"60440","62961148","103503359"
"60441","62961148","61686246"
"60442","62961148","64984086"
"60443","62961148","97754233"
"60444","62961148","59660904"
"60445","62961148","61774666"
"60446","62961148","88620084"
"60447","62961148","69500450"
"60448","62961148","92441050"
"60449","62961148","58272267"
"60450","62961148","88671639"
"60451","62961148","59669459"
"60452","62961148","62962004"
"60453","62961148","67692867"
"60454","62961148","80126053"
"60455","62961148","80122553"
"60456","62961148","86680091"
"60457","62961148","103491908"
"60458","62961148","92257794"
"60459","62961148","80126062"
"60460","62961148","64977911"
"60461","62961148","65802565"
"60462","62961148","86685663"
"60463","62961148","69503373"
"60464","62961148","92442700"
"60465","62961148","97751593"
"60466","62961148","65984860"
"60467","62961148","78898765"
"60468","62961148","99973267"
"60469","62961148","88673097"
"60470","62961148","62955144"
"60471","62961148","103086465"
"60472","62961148","99971157"
"60473","62961148","67694651"
"60474","62961148","80123890"
"60475","64909917","61769163"
"60476","64909917","88625644"
"60477","64909917","92442814"
"60478","64909917","103494429"
"60479","64909917","92257080"
"60480","64909917","65803264"
"60481","64909917","65803333"
"60482","64909917","78890130"
"60483","64909917","80122980"
"60484","64909917","78894053"
"60485","64909917","97751700"
"60486","64909917","88670994"
"60487","64909917","94196774"
"60488","64909917","88669578"
"60489","64909917","58140499"
"60490","64909917","58141365"
"60491","64909917","64914084"
"60492","64909917","96092731"
"60493","64910003","61775395"
"60494","64910075","96092563"
"60495","64910075","58336203"
"60496","64910331","64915855"
"60497","64910357","61687025"
"60498","64910422","78890681"
"60499","64910422","92441588"
"60500","64910423","58144308"
"60501","64910423","103080045"
"60502","64910424","103341946"
"60503","64910424","88675664"
"60504","64910425","71490479"
"60505","64910425","57820383"
"60506","64910426","94197969"
"60507","64910426","69505311"
"60508","64910427","80126289"
"60509","64910427","69504696"
"60510","64910432","69504340"
"60511","64910433","96093459"
"60512","64910685","61775304"
"60513","64910685","86681282"
"60514","64910685","58280790"
"60515","64910685","61680681"
"60516","64910685","65801888"
"60517","64910685","96092226"
"60518","64910685","65800328"
"60519","64910685","94197104"
"60520","64910685","103086527"
"60521","64910685","103491837"
"60522","64910685","65797745"
"60523","64910685","61686806"
"60524","64910685","67696437"
"60525","64910685","103336543"
"60526","64910685","88623046"
"60527","64910685","57821891"
"60528","64910685","78891835"
"60529","64910685","94202765"
"60530","64910685","71482731"
"60531","64910685","71484840"
"60532","64910685","103081780"
"60533","64910685","69504421"
"60534","64910685","99977290"
"60535","64910685","88673419"
"60536","64910685","103336206"
"60537","64910685","58343827"
"60538","64910685","96096759"
"60539","64910685","80121920"
"60540","64910685","69505144"
"60541","64910685","92440887"
"60542","64910685","97750405"
"60543","64910685","59669717"
"60544","64910685","97750421"
"60545","64910685","88673291"
"60546","64910685","103340912"
"60547","64910694","92446284"
"60548","64910694","88620983"
"60549","64910694","61768389"
"60550","64910694","92441141"
"60551","64910694","92257957"
"60552","64910694","99972737"
"60553","64910694","59668280"
"60554","64911917","92257153"
"60555","64911917","86679863"
"60556","64911921","94202677"
"60557","64911962","78890745"
"60558","64911962","65804735"
"60559","64911968","88676797"
"60560","64912418","99972404"
"60561","64912418","58342893"
"60562","64912420","104176206"
"60563","64912807","103490470"
"60564","64912811","96095737"
"60565","64912815","65797671"
"60566","64912881","57818623"
"60567","64912933","71487949"
"60568","64913436","61680590"
"60569","64913583","57822543"
"60570","64913583","88674457"
"60571","64913585","104176036"
"60572","64913585","103338862"
"60573","64913586","103494359"
"60574","64913586","65986886"
"60575","64913586","96098198"
"60576","64913586","67695731"
"60577","64913586","88625105"
"60578","64913592","61769881"
"60579","64913647","92441433"
"60580","64913688","103501908"
"60581","64913956","69504721"
"60582","64914065","65985721"
"60583","64914067","67695363"
"60584","64914067","104174846"
"60585","64914107","67693479"
"60586","64914151","65985836"
"60587","64914347","64913543"
"60588","64914349","104173040"
"60589","64914350","61687799"
"60590","64914853","96092325"
"60591","64914913","65802101"
"60592","64914917","103340675"
"60593","64914919","103339675"
"60594","64914923","104176003"
"60595","64915787","104173779"
"60596","64915787","65802390"
"60597","64915787","61769473"
"60598","64915787","94196725"
"60599","64915787","78892893"
"60600","64915787","104176024"
"60601","64915787","88674348"
"60602","64915787","58349888"
"60603","64915787","103081222"
"60604","64915787","80127906"
"60605","64915787","96099327"
"60606","64915787","92444122"
"60607","64915787","57819406"
"60608","64915787","99977915"
"60609","64915787","65801030"
"60610","64915787","61772389"
"60611","64915787","59668479"
"60612","64915787","97752605"
"60613","64915787","94195528"
"60614","64915787","94201300"
"60615","64915787","62958740"
"60616","64915787","61578703"
"60617","64915787","96099303"
"60618","64915787","61586755"
"60619","64915787","61684236"
"60620","64915787","92443809"
"60621","64915787","92250269"
"60622","64915787","65797140"
"60623","64915787","64914847"
"60624","64915787","67694613"
"60625","64915787","64979734"
"60626","64915787","103338969"
"60627","64915787","61680583"
"60628","64915787","65797315"
"60629","64915787","58143225"
"60630","64915787","58342418"
"60631","64915787","103087879"
"60632","64915787","65985322"
"60633","64915787","71488186"
"60634","64915787","86681768"
"60635","64915787","88620278"
"60636","64915787","103085842"
"60637","64915787","97751684"
"60638","64915787","61581803"
"60639","64915787","96099268"
"60640","64915787","92444115"
"60641","64915787","104174035"
"60642","64977409","103088294"
"60643","64977409","59658797"
"60644","64977409","61680336"
"60645","64977409","59669597"
"60646","64977409","88676985"
"60647","64977409","67690962"
"60648","64977409","78888361"
"60649","64977409","58336004"
"60650","64977409","92251712"
"60651","64977409","64913936"
"60652","64977409","57819166"
"60653","64977409","58141585"
"60654","64977409","99972639"
"60655","64977568","104171911"
"60656","64977568","58318692"
"60657","64977823","97752998"
"60658","64977902","64916606"
"60659","64977903","80124943"
"60660","64977904","69500448"
"60661","64977905","103504254"
"60662","64977906","71489848"
"60663","64977907","80127136"
"60664","64978455","58342237"
"60665","64978455","59659695"
"60666","64978455","57829510"
"60667","64978455","62957578"
"60668","64978455","78890050"
"60669","64978455","59669602"
"60670","64978455","103338693"
"60671","64978455","99977926"
"60672","64978455","57820631"
"60673","64978455","97752015"
"60674","64978455","61687402"
"60675","64978455","94200209"
"60676","64978455","103501609"
"60677","64978464","92257480"
"60678","64978464","61774690"
"60679","64979703","103494560"
"60680","64979747","88669590"
"60681","64980610","58151910"
"60682","64980662","103081214"
"60683","64981142","58336020"
"60684","64981289","61686686"
"60685","64981289","65801085"
"60686","64981291","103503342"
"60687","64981291","61775289"
"60688","64981292","94203795"
"60689","64981292","65983246"
"60690","64981292","61685885"
"60691","64981292","64912933"
"60692","64981292","69500069"
"60693","64981353","59215349"
"60694","64981662","71484815"
"60695","64981771","58141324"
"60696","64981773","59669171"
"60697","64981773","62959829"
"60698","64981813","61585525"
"60699","64982162","97747350"
"60700","64982358","104176675"
"60701","64982360","62961456"
"60702","64982361","103335196"
"60703","64983160","71487544"
"60704","64983224","103084715"
"60705","64983228","61684571"
"60706","64983230","67695733"
"60707","64983234","94196726"
"60708","64984031","96094663"
"60709","64984031","58343367"
"60710","64984031","67692362"
"60711","64984031","103081496"
"60712","64984031","78895466"
"60713","64984031","97752612"
"60714","64984031","92254958"
"60715","64984031","97748308"
"60716","65797236","97753974"
"60717","65797236","104175019"
"60718","65797236","61687323"
"60719","65797236","62957929"
"60720","65797236","92444959"
"60721","65797236","78894079"
"60722","65797236","103504269"
"60723","65797236","99976804"
"60724","65797236","69505429"
"60725","65797236","65987142"
"60726","65797236","61768584"
"60727","65797236","58341472"
"60728","65797236","61770487"
"60729","65797236","99975635"
"60730","65797236","88670924"
"60731","65797236","104172738"
"60732","65797236","99976780"
"60733","65797236","67696418"
"60734","65797322","104177137"
"60735","65797395","88621270"
"60736","65797395","69505461"
"60737","65797651","69505658"
"60738","65797677","92253718"
"60739","65797742","96094651"
"60740","65797742","78889411"
"60741","65797743","103494933"
"60742","65797743","86685752"
"60743","65797744","65802224"
"60744","65797744","61681983"
"60745","65797745","103342078"
"60746","65797745","80124960"
"60747","65797746","58340583"
"60748","65797746","92254769"
"60749","65797747","71488219"
"60750","65797747","92442708"
"60751","65797752","88671714"
"60752","65797753","62959419"
"60753","65798006","103082887"
"60754","65798006","57829387"
"60755","65798006","92441434"
"60756","65798006","88677211"
"60757","65798006","78894200"
"60758","65798006","86679552"
"60759","65798006","97745610"
"60760","65798006","103341584"
"60761","65798006","69505145"
"60762","65798006","104171675"
"60763","65798006","96092879"
"60764","65798006","99972404"
"60765","65798006","71483228"
"60766","65798006","61768437"
"60767","65798006","58349899"
"60768","65798006","62958058"
"60769","65798006","59660982"
"60770","65798006","64916137"
"60771","65798006","97747806"
"60772","65798006","80125832"
"60773","65798006","86686374"
"60774","65798006","88677121"
"60775","65798006","97754494"
"60776","65798006","57821491"
"60777","65798006","96094644"
"60778","65798006","88620491"
"60779","65798006","80126328"
"60780","65798006","59671055"
"60781","65798006","103083256"
"60782","65798006","104177109"
"60783","65798006","92255964"
"60784","65798006","78891639"
"60785","65798006","57818443"
"60786","65798006","58140595"
"60787","65798006","88674477"
"60788","65798006","65802294"
"60789","65798015","80124958"
"60790","65798015","92255902"
"60791","65798015","103087965"
"60792","65798015","80127180"
"60793","65798015","58143196"
"60794","65798015","78889974"
"60795","65798015","92442745"
"60796","65799242","88671717"
"60797","65799242","61774205"
"60798","65799246","96088479"
"60799","65799287","67695615"
"60800","65799287","71482578"
"60801","65799293","96097235"
"60802","65799751","58141138"
"60803","65799751","96095580"
"60804","65799753","104177420"
"60805","65800238","103340922"
"60806","65800242","92257359"
"60807","65800246","97751334"
"60808","65800312","65989516"
"60809","65800364","61582250"
"60810","65800874","78894927"
"60811","65801021","58141193"
"60812","65801021","61774809"
"60813","65801023","61687934"
"60814","65801023","59211118"
"60815","65801024","99972457"
"60816","65801024","78892898"
"60817","65801024","62961227"
"60818","65801024","94198062"
"60819","65801024","92444027"
"60820","65801030","99972053"
"60821","65801085","88619585"
"60822","65801126","96096037"
"60823","65801394","65987351"
"60824","65801503","88676383"
"60825","65801505","103080075"
"60826","65801505","58342470"
"60827","65801545","61579175"
"60828","65801609","58151884"
"60829","65801805","61685889"
"60830","65801807","96097268"
"60831","65801808","61684153"
"60832","65802311","65802389"
"60833","65802373","104174704"
"60834","65802377","103342210"
"60835","65802379","58141488"
"60836","65802383","58151763"
"60837","65803268","103087785"
"60838","65803268","80127443"
"60839","65803268","92252014"
"60840","65803268","62955576"
"60841","65803268","64983091"
"60842","65803268","78889332"
"60843","65803268","58342995"
"60844","65803268","96097765"
"60845","65803268","61772265"
"60846","65803268","86680768"
"60847","65803268","97752599"
"60848","65803268","92442671"
"60849","65803268","96093448"
"60850","65803268","57821740"
"60851","65803268","96093054"
"60852","65803268","62960475"
"60853","65803268","96093432"
"60854","65803268","59213382"
"60855","65803268","58341569"
"60856","65803268","86684221"
"60857","65803268","69505538"
"60858","65803268","61772430"
"60859","65803268","65799289"
"60860","65803268","103084732"
"60861","65803268","71487576"
"60862","65803268","58141106"
"60863","65803268","57823140"
"60864","65803268","59217074"
"60865","65803268","92447619"
"60866","65803268","86685038"
"60867","65803268","78894570"
"60868","65803268","61774829"
"60869","65803268","86678516"
"60870","65803268","103341337"
"60871","65803268","92256529"
"60872","65803268","61770490"
"60873","65803268","69504817"
"60874","65803268","88620452"
"60875","65803268","71488955"
"60876","65803268","92255683"
"60877","65803268","61584693"
"60878","65803268","67697277"
"60879","65803268","96095579"
"60880","65803268","92443572"
"60881","65803268","65982827"
"60882","65803268","96093513"
"60883","65803268","88625102"
"60884","65803268","103084693"
"60885","65803268","67695337"
"60886","65803268","103085882"
"60887","65803268","103337715"
"60888","65803268","94197104"
"60889","65803268","71486249"
"60890","65982811","69503408"
"60891","65982811","92255912"
"60892","65982811","64984316"
"60893","65982811","65987429"
"60894","65982811","58142473"
"60895","65982811","97752679"
"60896","65982811","103490594"
"60897","65982811","64910085"
"60898","65982811","88623243"
"60899","65982811","104178438"
"60900","65982811","88625242"
"60901","65982811","88674481"
"60902","65982811","69505492"
"60903","65982811","58340925"
"60904","65982811","103494155"
"60905","65982897","94198945"
"60906","65982969","96097292"
"60907","65982969","61686908"
"60908","65983226","92440403"
"60909","65983317","59211845"
"60910","65983318","92255929"
"60911","65983319","103339775"
"60912","65983320","92439994"
"60913","65983321","88623078"
"60914","65983322","92257049"
"60915","65983584","62955653"
"60916","65983584","92440939"
"60917","65983584","61686917"
"60918","65983584","61579914"
"60919","65983584","69500855"
"60920","65983584","67695025"
"60921","65983584","78894651"
"60922","65983584","103083256"
"60923","65983584","67693328"
"60924","65983584","78894082"
"60925","65983584","78894034"
"60926","65983584","69502149"
"60927","65983584","92445061"
"60928","65983584","104174876"
"60929","65983584","86681429"
"60930","65983584","67691063"
"60931","65983584","62958801"
"60932","65983584","94197381"
"60933","65983584","58142874"
"60934","65983584","57822117"
"60935","65983584","96096093"
"60936","65983584","99977445"
"60937","65983584","88623242"
"60938","65983584","78890438"
"60939","65983584","103081759"
"60940","65983584","65801531"
"60941","65983584","69505311"
"60942","65983584","59212152"
"60943","65983584","104174874"
"60944","65983584","71483013"
"60945","65983593","97745967"
"60946","65983593","57823097"
"60947","65983593","61773787"
"60948","65983593","96092938"
"60949","65983593","94199142"
"60950","65984817","67696455"
"60951","65984817","103503379"
"60952","65984821","103503319"
"60953","65984862","61680396"
"60954","65984868","67695840"
"60955","65985320","71489330"
"60956","65985322","59211434"
"60957","65985711","92253863"
"60958","65985715","58342193"
"60959","65985719","61771738"
"60960","65985785","65985821"
"60961","65985837","96093342"
"60962","65986344","64915135"
"60963","65986492","88619603"
"60964","65986492","92257762"
"60965","65986494","69502184"
"60966","65986494","69505531"
"60967","65986495","96092816"
"60968","65986495","88674535"
"60969","65986495","58139429"
"60970","65986495","65799242"
"60971","65986495","57821051"
"60972","65986556","57821050"
"60973","65986597","103335931"
"60974","65986865","65987253"
"60975","65986974","67695999"
"60976","65986976","62960509"
"60977","65986976","80123325"
"60978","65987016","71489875"
"60979","65987060","71487580"
"60980","65987256","92256602"
"60981","65987258","96099317"
"60982","65987259","92440820"
"60983","65987762","92442814"
"60984","65987822","88677624"
"60985","65987826","80123877"
"60986","65987828","92440893"
"60987","65987832","58140739"
"60988","65988696","69503257"
"60989","65988696","94195556"
"60990","65988696","86686209"
"60991","65988696","61686686"
"60992","65988696","65803256"
"60993","65988696","65801843"
"60994","65988696","92256645"
"60995","65988696","88623261"
"60996","65988696","86684156"
"60997","65988696","58151784"
"60998","65988696","94201511"
"60999","65988696","80121855"
"61000","65988696","86682125"
"61001","65988696","97751573"
"61002","65988696","99972968"
"61003","65988696","67692349"
"61004","65988696","97753357"
"61005","65988696","97746865"
"61006","65988696","92441132"
"61007","65988696","92258124"
"61008","65988696","69722436"
"61009","65988696","69505022"
"61010","67690184","78895345"
"61011","67690184","80126062"
"61012","67690184","62960325"
"61013","67690184","69500056"
"61014","67690184","61772400"
"61015","67690184","61686627"
"61016","67690184","62957145"
"61017","67690184","62960519"
"61018","67690184","97752514"
"61019","67690184","65989516"
"61020","67690184","99976524"
"61021","67690184","69499992"
"61022","67690184","59215899"
"61023","67690184","61680331"
"61024","67690184","103086520"
"61025","67690184","92442734"
"61026","67690184","78895082"
"61027","67690184","103083792"
"61028","67690270","104169993"
"61029","67690343","104170344"
"61030","67690343","78890052"
"61031","67690597","94201957"
"61032","67690623","97748979"
"61033","67690689","67697253"
"61034","67690689","103084686"
"61035","67690690","94197393"
"61036","67690690","57820889"
"61037","67690691","92253754"
"61038","67690691","86684856"
"61039","67690692","65799317"
"61040","67690692","94201361"
"61041","67690693","104175749"
"61042","67690693","59669485"
"61043","67690694","103342831"
"61044","67690694","104176508"
"61045","67690699","103492864"
"61046","67690700","97752745"
"61047","67690962","71484735"
"61048","67690962","64915852"
"61049","67690962","69505169"
"61050","67690962","104170199"
"61051","67690962","104176553"
"61052","67690962","71487988"
"61053","67690962","67693569"
"61054","67690962","64977820"
"61055","67690962","103084691"
"61056","67690962","59211926"
"61057","67690962","104178575"
"61058","67690962","61586225"
"61059","67690962","59211859"
"61060","67690962","71482646"
"61061","67690962","58141178"
"61062","67690962","65983618"
"61063","67690962","69505363"
"61064","67690962","103083346"
"61065","67690962","103490570"
"61066","67690962","67696775"
"61067","67690962","69500366"
"61068","67690962","103086595"
"61069","67690962","103339769"
"61070","67690962","92258153"
"61071","67690962","99975636"
"61072","67690962","64977586"
"61073","67690962","103084679"
"61074","67690962","62959907"
"61075","67690962","80129618"
"61076","67690962","103081715"
"61077","67690962","78892950"
"61078","67690962","97752002"
"61079","67690962","69499916"
"61080","67690962","78894584"
"61081","67690962","59213427"
"61082","67690962","86685327"
"61083","67690962","57821039"
"61084","67690971","62959336"
"61085","67690971","65799364"
"61086","67690971","94198674"
"61087","67690971","88621085"
"61088","67690971","58342056"
"61089","67690971","58143127"
"61090","67690971","62961913"
"61091","67692349","78894480"
"61092","67692349","59666839"
"61093","67692353","80128125"
"61094","67692394","96095731"
"61095","67692394","59669517"
"61096","67692400","99972389"
"61097","67692859","71483234"
"61098","67692859","92251901"
"61099","67692861","103084746"
"61100","67693349","61684400"
"61101","67693353","62961462"
"61102","67693357","99978018"
"61103","67693423","78891723"
"61104","67693479","94200191"
"61105","67693989","104171282"
"61106","67694136","78894163"
"61107","67694136","69504660"
"61108","67694138","57821891"
"61109","67694138","103085887"
"61110","67694139","99977680"
"61111","67694139","96097272"
"61112","67694139","69502198"
"61113","67694139","88618797"
"61114","67694139","57818591"
"61115","67694145","94199327"
"61116","67694200","94202108"
"61117","67694241","65799302"
"61118","67694509","71488978"
"61119","67694618","104176119"
"61120","67694620","65985627"
"61121","67694620","103335295"
"61122","67694660","86684209"
"61123","67694724","88677016"
"61124","67694920","92257495"
"61125","67694922","104176669"
"61126","67694923","104176003"
"61127","67695426","99973370"
"61128","67695488","86680845"
"61129","67695492","104178012"
"61130","67695494","103336210"
"61131","67695498","57829511"
"61132","67696418","64916588"
"61133","67696418","58143228"
"61134","67696418","86683013"
"61135","67696418","65802102"
"61136","67696418","64984788"
"61137","67696418","103081880"
"61138","67696418","80128469"
"61139","67696418","88625116"
"61140","67696418","88672328"
"61141","67696418","99977352"
"61142","67696418","67691104"
"61143","67696418","103502423"
"61144","67696418","71485764"
"61145","67696418","62957187"
"61146","67696418","61582627"
"61147","67696418","94197336"
"61148","67696418","80123771"
"61149","67696418","104177878"
"61150","67696418","99974179"
"61151","67696418","78891889"
"61152","67696418","80123110"
"61153","67696418","96097568"
"61154","67696418","71482712"
"61155","67696418","96097292"
"61156","67696418","65801959"
"61157","67696418","104173387"
"61158","67696418","103084743"
"61159","67696418","103082889"
"61160","67696418","97753146"
"61161","67696418","65804137"
"61162","67696418","103490477"
"61163","67696418","69500348"
"61164","67696418","88673630"
"61165","67696418","99974167"
"61166","67696418","67695458"
"61167","67696418","61774532"
"61168","67696418","71484860"
"61169","67696418","80128437"
"61170","67696418","62960285"
"61171","67696418","88675650"
"61172","67696418","104175743"
"61173","67696418","99977666"
"61174","67696418","80123850"
"61175","67696418","64985320"
"61176","67696418","92254831"
"61177","67696418","71487970"
"61178","67696418","57820339"
"61179","67696418","103338505"
"61180","67696418","80123780"
"61181","67696418","86684069"
"61182","67696418","64984027"
"61183","67696418","88673610"
"61184","67696418","88671549"
"61185","67696418","67696406"
"61186","67696418","92257367"
"61187","69499906","58141189"
"61188","69499906","92252537"
"61189","69499906","61581062"
"61190","69499906","64915052"
"61191","69499906","69499916"
"61192","69499906","88622140"
"61193","69499906","96098094"
"61194","69499906","78888262"
"61195","69499906","61772433"
"61196","69499906","58342335"
"61197","69499906","88673419"
"61198","69499906","59658489"
"61199","69499906","69507000"
"61200","69499906","65987965"
"61201","69499906","59667650"
"61202","69499906","97750440"
"61203","69499906","88620602"
"61204","69499906","88675637"
"61205","69499992","97752288"
"61206","69500066","103493619"
"61207","69500066","62961220"
"61208","69500351","104174889"
"61209","69500377","96095705"
"61210","69500444","58139751"
"61211","69500444","67695683"
"61212","69500445","57829540"
"61213","69500445","64984314"
"61214","69500446","103338501"
"61215","69500446","64977534"
"61216","69500447","103493262"
"61217","69500447","97749165"
"61218","69500448","64913592"
"61219","69500448","92440292"
"61220","69500449","58140462"
"61221","69500449","71489724"
"61222","69500454","104173443"
"61223","69500455","96092464"
"61224","69500731","57829536"
"61225","69500731","64909926"
"61226","69500731","69500335"
"61227","69500731","59211399"
"61228","69500731","88675633"
"61229","69500731","67695505"
"61230","69500731","103502443"
"61231","69500731","67692486"
"61232","69500731","80122664"
"61233","69500731","57822352"
"61234","69500731","80123877"
"61235","69500731","65801978"
"61236","69500731","58143448"
"61237","69500731","92441540"
"61238","69500731","69506061"
"61239","69500731","67695569"
"61240","69500731","80122954"
"61241","69500731","58141245"
"61242","69500731","67693278"
"61243","69500731","65802894"
"61244","69500731","97752450"
"61245","69500731","92254755"
"61246","69500731","92253032"
"61247","69500731","88675654"
"61248","69500731","69507194"
"61249","69500731","88671713"
"61250","69500731","67695339"
"61251","69500731","103340972"
"61252","69500731","86684236"
"61253","69500731","59211865"
"61254","69500731","80127955"
"61255","69500731","69504706"
"61256","69500731","96092233"
"61257","69500731","92255969"
"61258","69500731","103336832"
"61259","69500731","57819922"
"61260","69500731","58344065"
"61261","69500731","104175969"
"61262","69500740","96096906"
"61263","69500740","57819778"
"61264","69500740","103492128"
"61265","69500740","88671876"
"61266","69500740","88676315"
"61267","69500740","58341359"
"61268","69500740","88622178"
"61269","69502136","103503449"
"61270","69502136","103087869"
"61271","69502140","104176600"
"61272","69502181","71487963"
"61273","69502181","97751526"
"61274","69502187","71489810"
"61275","69502647","61683710"
"61276","69502647","97753458"
"61277","69502649","103336365"
"61278","69503137","80126051"
"61279","69503141","58280781"
"61280","69503145","58342238"
"61281","69503213","80125896"
"61282","69503269","99975479"
"61283","69503793","103340950"
"61284","69503940","88621938"
"61285","69503940","104175986"
"61286","69503942","61586243"
"61287","69503942","103081557"
"61288","69503943","71482733"
"61289","69503943","94201362"
"61290","69503943","92257921"
"61291","69503943","69503272"
"61292","69503943","92255945"
"61293","69503949","78894977"
"61294","69504004","86685547"
"61295","69504045","92257503"
"61296","69504313","104174860"
"61297","69504422","97750423"
"61298","69504424","58343552"
"61299","69504424","97754494"
"61300","69504464","61681341"
"61301","69504529","96094654"
"61302","69504725","71488935"
"61303","69504727","103491904"
"61304","69504728","99977912"
"61305","69505232","61772057"
"61306","69505294","92443625"
"61307","69505298","78893137"
"61308","69505300","103503473"
"61309","69505304","86678515"
"61310","69506244","57820288"
"61311","69506244","61773725"
"61312","69506244","61774840"
"61313","69506244","64912808"
"61314","69506244","103341131"
"61315","69506244","61774524"
"61316","69506244","92443733"
"61317","69506244","71487549"
"61318","69506244","88673103"
"61319","69506244","103494151"
"61320","69506244","58142486"
"61321","69506244","88675616"
"61322","69506244","78889421"
"61323","69506244","103336543"
"61324","69506244","59669312"
"61325","69506244","67695070"
"61326","69506244","104172075"
"61327","69506244","104171613"
"61328","69506244","92253496"
"61329","69506244","65801504"
"61330","69506244","97754493"
"61331","69506244","94202705"
"61332","69506244","103085891"
"61333","69506244","103492906"
"61334","69506244","80124069"
"61335","69506244","67695615"
"61336","69506244","103336288"
"61337","69506244","78890052"
"61338","69506244","69505451"
"61339","69506244","65797309"
"61340","69506244","92447402"
"61341","69506244","86685211"
"61342","69506244","103085980"
"61343","69506244","62957994"
"61344","69506244","103342939"
"61345","69506244","104176591"
"61346","69506244","88669591"
"61347","69506244","71489861"
"61348","69506244","103340915"
"61349","69506244","103493258"
"61350","69506244","61774806"
"61351","69506244","58344067"
"61352","69506244","58143196"
"61353","69506244","94198927"
"61354","69506244","69500047"
"61355","69506244","103087729"
"61356","69506244","71488964"
"61357","69506244","64913217"
"61358","69506244","65797236"
"61359","69506244","80123807"
"61360","69506244","78894252"
"61361","69506244","104176565"
"61362","69506244","58271922"
"61363","69506244","104172377"
"61364","69506244","62961136"
"61365","69506244","96091510"
"61366","69506244","92440166"
"61367","69506244","57822866"
"61368","69506244","59668635"
"61369","69506244","57822031"
"61370","69506244","94202387"
"61371","71482568","103342075"
"61372","71482568","64979743"
"61373","71482568","80121997"
"61374","71482568","64916697"
"61375","71482568","58151832"
"61376","71482568","103494810"
"61377","71482568","69505231"
"61378","71482568","78894052"
"61379","71482568","103084707"
"61380","71482568","92255974"
"61381","71482568","58342470"
"61382","71482568","86680874"
"61383","71482568","103504378"
"61384","71482568","58151885"
"61385","71482568","58142232"
"61386","71482568","99976884"
"61387","71482568","103083410"
"61388","71482568","99970980"
"61389","71482656","92447377"
"61390","71482731","59659879"
"61391","71482731","59216144"
"61392","71483016","62960161"
"61393","71483042","69505176"
"61394","71483109","103084730"
"61395","71483109","71489323"
"61396","71483110","57819277"
"61397","71483110","58138913"
"61398","71483111","65798135"
"61399","71483111","88675659"
"61400","71483112","104171365"
"61401","71483112","71488221"
"61402","71483113","103336555"
"61403","71483113","88621027"
"61404","71483114","86680207"
"61405","71483114","103341056"
"61406","71483119","96095926"
"61407","71483120","58342315"
"61408","71483402","58343952"
"61409","71483402","104173732"
"61410","71483402","103081141"
"61411","71483402","61681569"
"61412","71483402","64912912"
"61413","71483402","62957932"
"61414","71483402","103504202"
"61415","71483402","64914820"
"61416","71483402","94202107"
"61417","71483402","67690608"
"61418","71483402","103501844"
"61419","71483402","88676383"
"61420","71483402","61682051"
"61421","71483402","58343764"
"61422","71483402","86680596"
"61423","71483402","94202220"
"61424","71483402","86685454"
"61425","71483402","103491843"
"61426","71483402","86684207"
"61427","71483402","104177378"
"61428","71483402","94196982"
"61429","71483402","69505322"
"61430","71483402","78895484"
"61431","71483402","88626669"
"61432","71483402","61681335"
"61433","71483402","58272325"
"61434","71483402","88670931"
"61435","71483402","67694727"
"61436","71483402","65986500"
"61437","71483402","78889972"
"61438","71483402","61768494"
"61439","71483402","86680812"
"61440","71483402","97751301"
"61441","71483402","57823105"
"61442","71483402","103336659"
"61443","71483402","103089122"
"61444","71483402","94201115"
"61445","71483402","61578750"
"61446","71483411","80126788"
"61447","71483411","61772039"
"61448","71483411","86685572"
"61449","71483411","59658602"
"61450","71483411","61584793"
"61451","71483411","88620347"
"61452","71483411","62957963"
"61453","71483411","67690194"
"61454","71484809","103492910"
"61455","71484809","69505858"
"61456","71484813","94198758"
"61457","71484854","65800455"
"61458","71484854","96097522"
"61459","71484860","99976899"
"61460","71484860","103501910"
"61461","71485324","80122279"
"61462","71485324","65798102"
"61463","71485326","97752876"
"61464","71485818","58143448"
"61465","71485822","88669789"
"61466","71485826","78889740"
"61467","71485894","64981808"
"61468","71485950","97754233"
"61469","71486475","67695699"
"61470","71486622","92443786"
"61471","71486622","86686304"
"61472","71486624","64915841"
"61473","71486624","64983101"
"61474","71486625","80123793"
"61475","71486625","103494370"
"61476","71486625","104177478"
"61477","71486625","61584590"
"61478","71486625","103338416"
"61479","71486631","103494710"
"61480","71486686","64981298"
"61481","71486727","69500032"
"61482","71486995","71488127"
"61483","71487104","103502352"
"61484","71487106","65797823"
"61485","71487106","86679861"
"61486","71487146","78894057"
"61487","71487211","71487992"
"61488","71487407","65798134"
"61489","71487409","86686017"
"61490","71487410","65799891"
"61491","71487914","78892780"
"61492","71487976","61684318"
"61493","71487980","103085903"
"61494","71487982","96093349"
"61495","71487986","64914926"
"61496","71488935","57820136"
"61497","71488935","58142659"
"61498","71488935","96097749"
"61499","71488935","69504575"
"61500","71488935","58342257"
"61501","71488935","61768600"
"61502","71488935","61768579"
"61503","71488935","69503615"
"61504","71488935","69502149"
"61505","71488935","103340854"
"61506","71488935","99974714"
"61507","71488935","61769875"
"61508","71488935","65982852"
"61509","71488935","103081931"
"61510","71488935","78891503"
"61511","71488935","57818604"
"61512","71488935","103081879"
"61513","71488935","96093489"
"61514","71488935","57821302"
"61515","71488935","59669512"
"61516","71488935","92445540"
"61517","71488935","80127962"
"61518","71488935","57820181"
"61519","71488935","61684491"
"61520","71488935","97745952"
"61521","71488935","86680403"
"61522","71488935","58141565"
"61523","71488935","59215827"
"61524","71488935","94195716"
"61525","71488935","97753462"
"61526","71488935","61684481"
"61527","71488935","103084700"
"61528","71488935","62955658"
"61529","71488935","59214200"
"61530","71488935","65801754"
"61531","71488935","96093496"
"61532","71488935","94199124"
"61533","71488935","88623918"
"61534","71488935","99977432"
"61535","71488935","80129495"
"61536","71488935","65799360"
"61537","71488935","67691058"
"61538","71488935","104170199"
"61539","71488935","78892896"
"61540","71488935","64909970"
"61541","71488935","71489329"
"61542","71488935","80123786"
"61543","71488935","97751526"
"61544","71488935","88625100"
"61545","71488935","97752127"
"61546","71488935","61774917"
"61547","71488935","65985931"
"61548","71488935","97749028"
"61549","71488935","96093517"
"61550","71488935","69506271"
"61551","71488935","94195674"
"61552","71488935","69502654"
"61553","71488935","71490476"
"61554","71488935","103495316"
"61555","71488935","61775294"
"61556","71488935","104170215"
"61557","71488935","96099140"
"61558","71488935","69505307"
"61559","78887996","78895419"
"61560","78887996","99976791"
"61561","78887996","88622165"
"61562","78887996","80127813"
"61563","78887996","94203486"
"61564","78887996","64916606"
"61565","78887996","103494510"
"61566","78887996","103342288"
"61567","78887996","97751452"
"61568","78887996","61769471"
"61569","78887996","97750458"
"61570","78887996","64914430"
"61571","78887996","64917823"
"61572","78887996","103081133"
"61573","78887996","80122382"
"61574","78887996","88623429"
"61575","78887996","88619574"
"61576","78887996","80123825"
"61577","78887996","78895082"
"61578","78888372","94201346"
"61579","78888372","104177407"
"61580","78888372","94201378"
"61581","78888372","57829532"
"61582","78888372","69507176"
"61583","78888372","59211441"
"61584","78888372","57822371"
"61585","78888372","88673579"
"61586","78888372","64914933"
"61587","78888372","88674479"
"61588","78888372","99976794"
"61589","78888372","58141004"
"61590","78888372","64914518"
"61591","78888372","59669515"
"61592","78888372","99971149"
"61593","78888372","61772462"
"61594","78888372","94195680"
"61595","78888372","96096093"
"61596","78888372","64977569"
"61597","78888372","62958066"
"61598","78888372","80126071"
"61599","78888372","103504444"
"61600","78888372","59216680"
"61601","78888372","65802852"
"61602","78888372","88671699"
"61603","78888372","58140718"
"61604","78888372","88671047"
"61605","78888372","99972787"
"61606","78888372","71488206"
"61607","78888372","58140525"
"61608","78888372","58140664"
"61609","78888372","64910823"
"61610","78888372","58140512"
"61611","78888372","97753885"
"61612","78888372","80122658"
"61613","78888372","61769247"
"61614","78889331","80126384"
"61615","78889411","103084705"
"61616","78889411","80127747"
"61617","78889792","96093458"
"61618","78889792","103336943"
"61619","78889972","104176006"
"61620","78889972","103491590"
"61621","78889978","58335358"
"61622","78889978","92256855"
"61623","78890021","96092125"
"61624","78890021","64982947"
"61625","78890059","64911922"
"61626","78890085","103083435"
"61627","78890129","94198402"
"61628","78890129","65801978"
"61629","78890130","92256667"
"61630","78890130","103080207"
"61631","78890131","65802282"
"61632","78890131","69505814"
"61633","78890133","88673498"
"61634","78890133","78894065"
"61635","78890134","103503317"
"61636","78890134","71487970"
"61637","78890135","78894031"
"61638","78890135","65797744"
"61639","78890269","58151817"
"61640","78890273","88675659"
"61641","78890277","92442720"
"61642","78890942","92255969"
"61643","78891089","88675637"
"61644","78891089","92441629"
"61645","78891091","96092812"
"61646","78891091","86684211"
"61647","78891092","88622184"
"61648","78891092","67697240"
"61649","78891092","92439540"
"61650","78891092","96091470"
"61651","78891092","59671090"
"61652","78891098","88676311"
"61653","78891153","61774138"
"61654","78891194","61578719"
"61655","78891519","64977907"
"61656","78891643","92251929"
"61657","78891645","78891153"
"61658","78891646","92446168"
"61659","78891702","88669799"
"61660","78893137","57821248"
"61661","78893137","103490425"
"61662","78893137","61680343"
"61663","78893137","94197994"
"61664","78893137","61578681"
"61665","78893137","69505819"
"61666","78893137","69502648"
"61667","78893137","61684627"
"61668","78893137","69500046"
"61669","78893137","61579888"
"61670","78893137","67697313"
"61671","78893137","61771808"
"61672","78893137","92255974"
"61673","78893137","69500061"
"61674","78893137","61768577"
"61675","78893137","97754026"
"61676","78893137","99976522"
"61677","78893137","99975663"
"61678","78893137","92440850"
"61679","78893137","96091926"
"61680","78893137","57818672"
"61681","78893137","78894098"
"61682","78893137","92256615"
"61683","78893137","103338455"
"61684","78893137","61583107"
"61685","78893137","99972127"
"61686","78893137","58151779"
"61687","78893137","67695501"
"61688","78893137","58140688"
"61689","78893137","96098017"
"61690","78893137","67694297"
"61691","78893137","103502340"
"61692","78893137","57818423"
"61693","78893137","64915783"
"61694","78893137","61768298"
"61695","78893137","57819917"
"61696","78893137","97750448"
"61697","78893137","99972718"
"61698","78893137","103337521"
"61699","78893137","103335180"
"61700","78893137","88620975"
"61701","78893137","58140266"
"61702","78893137","99975659"
"61703","78893137","103084695"
"61704","78893137","103501908"
"61705","78893137","103493265"
"61706","78893137","92445026"
"61707","78893137","64914902"
"61708","78893137","80129658"
"61709","78893137","67694096"
"61710","78893137","64914442"
"61711","78893137","69505163"
"61712","78893137","64984748"
"61713","78893137","62958746"
"61714","78893137","64915129"
"61715","78893137","88672238"
"61716","78893137","61687406"
"61717","78893137","88676311"
"61718","78893137","103341036"
"61719","78893137","97752158"
"61720","78893137","57822546"
"61721","78893137","88623434"
"61722","78893137","67694045"
"61723","78893137","88669969"
"61724","78893137","80123786"
"61725","78893990","86680397"
"61726","78893990","103336839"
"61727","78893990","103080056"
"61728","78893990","57822815"
"61729","78893990","58341249"
"61730","78893990","64983127"
"61731","78893990","88625099"
"61732","78893990","94200221"
"61733","78893990","103085871"
"61734","78893990","64977838"
"61735","78894029","65987758"
"61736","78894031","103081538"
"61737","78894031","64911968"
"61738","78894048","88675648"
"61739","78894569","65802489"
"61740","78894584","67695720"
"61741","78894652","58343553"
"61742","78895231","59669725"
"61743","78895327","94199125"
"61744","78895406","59658224"
"61745","78895418","103084686"
"61746","78895424","88676204"
"61747","78895901","69507160"
"61748","78895942","104170252"
"61749","78895943","57820107"
"61750","80121937","103342940"
"61751","80121938","97753431"
"61752","80121979","80126077"
"61753","80122456","78895171"
"61754","80122462","88677480"
"61755","80122474","97751996"
"61756","80122553","103081853"
"61757","80122649","99973415"
"61758","80123228","69499911"
"61759","80123296","97750412"
"61760","80123311","94202481"
"61761","80123832","58139859"
"61762","80123849","96097264"
"61763","80123849","61771899"
"61764","80123851","65987759"
"61765","80123890","92253690"
"61766","80123890","99977928"
"61767","80123890","88674362"
"61768","80123890","92447227"
"61769","80123890","80123814"
"61770","80123890","104171673"
"61771","80123890","99974355"
"61772","80123890","61772591"
"61773","80123890","103083045"
"61774","80123890","94202841"
"61775","80124743","65985679"
"61776","80124743","103343413"
"61777","80124743","88619577"
"61778","80124743","59665234"
"61779","80124743","86686198"
"61780","80124743","97752747"
"61781","80124743","103504156"
"61782","80124743","69507113"
"61783","80124743","104170396"
"61784","80124743","104175962"
"61785","80124743","57821993"
"61786","80124743","61680583"
"61787","80124743","61774837"
"61788","80124743","62957928"
"61789","80124743","57820454"
"61790","80124743","86685600"
"61791","80124743","61769163"
"61792","80124743","65802590"
"61793","80124743","96092065"
"61794","80124743","86686304"
"61795","80124743","96094665"
"61796","80124743","58142654"
"61797","80124743","64912356"
"61798","80124743","65802400"
"61799","80124743","92441040"
"61800","80124743","88619450"
"61801","80124743","94195673"
"61802","80124743","71482697"
"61803","80124743","92256447"
"61804","80124743","104173779"
"61805","80124743","104171697"
"61806","80124743","71488322"
"61807","80124743","65989518"
"61808","80124743","61584985"
"61809","80124743","97751592"
"61810","80124743","88669900"
"61811","80124743","103085867"
"61812","80124743","103086318"
"61813","80124743","59671608"
"61814","80124743","62960020"
"61815","80124743","96095562"
"61816","80124743","92440090"
"61817","80124743","80124969"
"61818","80124743","65986979"
"61819","80124743","61768579"
"61820","80124743","61583738"
"61821","80124743","103502447"
"61822","80124743","78894053"
"61823","80124743","65986395"
"61824","80124743","58279527"
"61825","80124743","78892908"
"61826","80124743","103501961"
"61827","80124743","78888361"
"61828","80124743","62962511"
"61829","80124743","103336833"
"61830","80124743","88625049"
"61831","80124743","58140256"
"61832","80124743","92440897"
"61833","80124743","58141577"
"61834","80124743","103083504"
"61835","80124743","99973415"
"61836","80124743","103490440"
"61837","80124743","88618909"
"61838","80124743","103086235"
"61839","80124743","65803325"
"61840","80124743","64915140"
"61841","80124743","97753795"
"61842","80126178","94200222"
"61843","80126234","61774565"
"61844","80126235","59669806"
"61845","80126237","65804738"
"61846","80126361","103087976"
"61847","80126686","71483039"
"61848","80126727","99976801"
"61849","80126782","92253718"
"61850","80126788","58141503"
"61851","80126788","88624024"
"61852","80126788","92256430"
"61853","80126788","61771606"
"61854","80126788","86684870"
"61855","80126789","103340944"
"61856","80126789","86685598"
"61857","80126789","103081932"
"61858","80126791","61685873"
"61859","80126791","97750444"
"61860","80126938","57818446"
"61861","80127603","80123116"
"61862","80127607","99976897"
"61863","80127611","58142316"
"61864","80127745","61680681"
"61865","80127745","58342476"
"61866","80127746","103341774"
"61867","80127746","80122403"
"61868","80127747","99978327"
"61869","80127747","65800457"
"61870","80127749","61769466"
"61871","80127749","99976783"
"61872","80127750","92447390"
"61873","80127750","104171355"
"61874","80127751","57829386"
"61875","80127751","103494809"
"61876","80127795","64911965"
"61877","80127821","69502649"
"61878","80127859","64979741"
"61879","80127859","92254813"
"61880","80127902","78888239"
"61881","80127902","61770490"
"61882","80127908","62960308"
"61883","80127908","69505375"
"61884","80127908","103338418"
"61885","80128088","64916497"
"61886","80128088","57820380"
"61887","80128469","99978729"
"61888","80128469","58142368"
"61889","80128549","86685342"
"61890","80129508","61771747"
"61891","80129508","88621041"
"61892","80129508","92439146"
"61893","80129508","94202079"
"61894","80129508","62961458"
"61895","80129508","64984100"
"61896","80129508","92252139"
"61897","80129508","97747017"
"61898","80129508","64984778"
"61899","80129508","71482643"
"61900","80129508","88673678"
"61901","80129508","103341544"
"61902","80129508","71488187"
"61903","80129508","69504094"
"61904","80129508","80126071"
"61905","80129508","57820331"
"61906","80129508","65799356"
"61907","80129508","59666564"
"61908","80129508","88623271"
"61909","80129508","58139108"
"61910","80129508","80122263"
"61911","80129508","67696441"
"61912","80129508","61774833"
"61913","80129508","64909989"
"61914","80129508","96092810"
"61915","80129508","92440723"
"61916","80129508","96096694"
"61917","80129508","103502439"
"61918","80129508","92447356"
"61919","80129508","59670360"
"61920","80129508","62955302"
"61921","80129508","65802347"
"61922","80129508","96089119"
"61923","80129508","61684487"
"61924","80129508","103086558"
"61925","80129508","103085598"
"61926","80129508","65988006"
"61927","80129508","58140965"
"61928","80129884","59668236"
"61929","80129884","64910809"
"61930","80129884","88620490"
"61931","80129884","99972509"
"61932","80129884","103503342"
"61933","80129884","67695357"
"61934","80129884","65801899"
"61935","80129884","71482641"
"61936","80129884","57824021"
"61937","80129884","103340961"
"61938","80129884","61684571"
"61939","80129884","97746863"
"61940","80129884","71488206"
"61941","80129884","88673664"
"61942","80129884","88619105"
"61943","80129884","88622194"
"61944","80129884","57820694"
"61945","80129884","103342062"
"61946","80129884","71487946"
"61947","86678125","69499943"
"61948","86678125","86686614"
"61949","86678125","59658821"
"61950","86678125","80122397"
"61951","86678125","103492244"
"61952","86678125","65983328"
"61953","86678125","58142847"
"61954","86678125","104170345"
"61955","86678125","61585451"
"61956","86678125","69504811"
"61957","86678125","65804087"
"61958","86678125","97745958"
"61959","86678125","61685852"
"61960","86678125","78895213"
"61961","86678125","92440219"
"61962","86678125","103491837"
"61963","86678125","104172579"
"61964","86678125","57822732"
"61965","86678125","92442723"
"61966","86678501","61583145"
"61967","86678501","59657855"
"61968","86678501","99979933"
"61969","86678501","103082894"
"61970","86678501","103086363"
"61971","86678501","71489289"
"61972","86678501","80127330"
"61973","86678501","65797662"
"61974","86678501","99974362"
"61975","86678501","61774674"
"61976","86678501","94200115"
"61977","86678501","92447401"
"61978","86678501","65987220"
"61979","86678501","59671055"
"61980","86678501","88622202"
"61981","86678501","58140207"
"61982","86678501","97752107"
"61983","86678501","61771545"
"61984","86678501","64915844"
"61985","86678501","94198109"
"61986","86678501","103338675"
"61987","86678501","57822262"
"61988","86678501","99973495"
"61989","86678501","78894102"
"61990","86678501","99978219"
"61991","86678501","58140137"
"61992","86678501","86688894"
"61993","86678501","65984868"
"61994","86678501","94201801"
"61995","86678501","103086456"
"61996","86678501","96092370"
"61997","86678501","103502431"
"61998","86678501","104171737"
"61999","86678501","65987007"
"62000","86678501","88673386"
"62001","86678501","104172990"
"62002","86678501","99974526"
"62003","86678501","92256688"
"62004","86678501","67690208"
"62005","86678501","99971119"
"62006","86678501","99977353"
"62007","86678501","103339773"
"62008","86678501","59211935"
"62009","86678501","67694874"
"62010","86679460","65802494"
"62011","86679540","92256521"
"62012","86679540","103492216"
"62013","86679540","71487505"
"62014","86679921","103086561"
"62015","86679921","103341448"
"62016","86680101","88673133"
"62017","86680101","104173925"
"62018","86680101","59669794"
"62019","86680107","61585517"
"62020","86680107","71482655"
"62021","86680150","61583111"
"62022","86680150","86678368"
"62023","86680188","62960142"
"62024","86680214","103342214"
"62025","86680258","58140392"
"62026","86680258","88622741"
"62027","86680259","80123141"
"62028","86680259","96094649"
"62029","86680260","62959718"
"62030","86680260","61583546"
"62031","86680262","67694922"
"62032","86680262","88618794"
"62033","86680263","103086519"
"62034","86680263","103502412"
"62035","86680264","61579113"
"62036","86680264","61585459"
"62037","86680398","64912424"
"62038","86680402","103492224"
"62039","86680406","97753885"
"62040","86681071","86681573"
"62041","86681218","78891615"
"62042","86681218","96095975"
"62043","86681220","59211511"
"62044","86681220","99975601"
"62045","86681220","69503509"
"62046","86681221","94197067"
"62047","86681221","103081822"
"62048","86681221","61684535"
"62049","86681221","78890727"
"62050","86681221","62959587"
"62051","86681227","58342220"
"62052","86681282","103083633"
"62053","86681323","78894067"
"62054","86681648","59667471"
"62055","86681772","69500359"
"62056","86681774","86683020"
"62057","86681775","99974701"
"62058","86681831","88669854"
"62059","86683265","80126887"
"62060","86683265","86686026"
"62061","86683265","61682059"
"62062","86683265","64916686"
"62063","86683265","67697321"
"62064","86683265","71483111"
"62065","86683265","94199084"
"62066","86683265","96093452"
"62067","86683265","86681573"
"62068","86683265","92441140"
"62069","86683265","62955167"
"62070","86683265","64977898"
"62071","86683265","59211833"
"62072","86683265","78888372"
"62073","86683265","103494782"
"62074","86683265","58141525"
"62075","86683265","103495356"
"62076","86683265","88623974"
"62077","86683265","67690971"
"62078","86683265","99974357"
"62079","86683265","92253468"
"62080","86683265","57823064"
"62081","86683265","103339746"
"62082","86683265","61686925"
"62083","86683265","62955896"
"62084","86683265","103334918"
"62085","86683265","104171612"
"62086","86683265","57829534"
"62087","86683265","65987011"
"62088","86683265","103084605"
"62089","86683265","104171993"
"62090","86683265","62958646"
"62091","86683265","58140932"
"62092","86683265","59213427"
"62093","86683265","71485752"
"62094","86683265","97745790"
"62095","86683265","58342363"
"62096","86683265","99972976"
"62097","86683265","97750442"
"62098","86683265","58140208"
"62099","86683265","59216497"
"62100","86683265","57822596"
"62101","86683265","61774800"
"62102","86683265","103341021"
"62103","86683265","94196750"
"62104","86683265","88624024"
"62105","86683265","86678335"
"62106","86683265","80122681"
"62107","86683265","103491958"
"62108","86683265","96094660"
"62109","86683265","96096093"
"62110","86683265","92447619"
"62111","86683265","78894559"
"62112","86683265","94200218"
"62113","86683265","96091465"
"62114","86683265","62957188"
"62115","86683265","103503344"
"62116","86683265","92253444"
"62117","86683265","88671415"
"62118","86683265","65983331"
"62119","86683265","97752610"
"62120","86683265","69505533"
"62121","86683265","103336208"
"62122","86683265","103492249"
"62123","86683265","57820697"
"62124","86683265","57822084"
"62125","86683265","58141908"
"62126","86683265","92441595"
"62127","86683961","88676559"
"62128","86683962","64915853"
"62129","86684118","61768591"
"62130","86684118","61768593"
"62131","86684118","96093551"
"62132","86684118","96094759"
"62133","86684118","57819923"
"62134","86684118","99976821"
"62135","86684118","65799306"
"62136","86684118","67695635"
"62137","86684118","61774957"
"62138","86684118","88625096"
"62139","86684157","86680260"
"62140","86684159","94199297"
"62141","86684159","92439344"
"62142","86684176","61681333"
"62143","86684697","104173461"
"62144","86684712","80125890"
"62145","86684780","96095229"
"62146","86685359","86682457"
"62147","86685455","86683063"
"62148","86685534","80129609"
"62149","86685546","61581064"
"62150","86685552","92442724"
"62151","86686029","86684380"
"62152","86686070","65797753"
"62153","86686071","103082476"
"62154","88619132","99974340"
"62155","88619133","103338681"
"62156","88619174","64977535"
"62157","88619651","61684727"
"62158","88619657","67695209"
"62159","88619669","62957215"
"62160","88619748","99975630"
"62161","88619844","86680154"
"62162","88620423","103339785"
"62163","88620491","92447405"
"62164","88620506","62959372"
"62165","88621027","61578730"
"62166","88621044","103342763"
"62167","88621044","71486689"
"62168","88621046","67695613"
"62169","88621085","62960143"
"62170","88621085","88676784"
"62171","88621085","61686937"
"62172","88621085","59668770"
"62173","88621085","99977938"
"62174","88621085","97752046"
"62175","88621085","88675673"
"62176","88621085","103335271"
"62177","88621085","103084682"
"62178","88621085","92253754"
"62179","88621938","103085995"
"62180","88621938","57822939"
"62181","88621938","57829440"
"62182","88621938","80127800"
"62183","88621938","88624826"
"62184","88621938","62962519"
"62185","88621938","88620358"
"62186","88621938","97752501"
"62187","88621938","86685565"
"62188","88621938","88626868"
"62189","88621938","80123265"
"62190","88621938","57820397"
"62191","88621938","88619620"
"62192","88621938","104171488"
"62193","88621938","58139816"
"62194","88621938","57822682"
"62195","88621938","57822550"
"62196","88621938","99978188"
"62197","88621938","64984320"
"62198","88621938","67694097"
"62199","88621938","65987834"
"62200","88621938","78888235"
"62201","88621938","61680608"
"62202","88621938","80121940"
"62203","88621938","88625099"
"62204","88621938","103342190"
"62205","88621938","99977318"
"62206","88621938","103088278"
"62207","88621938","92445596"
"62208","88621938","94197047"
"62209","88621938","86685326"
"62210","88621938","103081130"
"62211","88621938","80129487"
"62212","88621938","57820901"
"62213","88621938","78890022"
"62214","88621938","92256462"
"62215","88621938","62960512"
"62216","88621938","61585082"
"62217","88621938","104177875"
"62218","88621938","61687343"
"62219","88621938","65797322"
"62220","88621938","96099306"
"62221","88621938","78890020"
"62222","88621938","65797743"
"62223","88621938","59213440"
"62224","88621938","65797396"
"62225","88621938","103335271"
"62226","88621938","61684499"
"62227","88621938","78894977"
"62228","88621938","64909986"
"62229","88621938","99975638"
"62230","88621938","88623199"
"62231","88621938","86678346"
"62232","88621938","96095975"
"62233","88621938","58151914"
"62234","88621938","57820176"
"62235","88621938","99975656"
"62236","88621938","103492303"
"62237","88621938","103087007"
"62238","88621938","57824022"
"62239","88621938","69499951"
"62240","88621938","99972050"
"62241","88621938","65983223"
"62242","88621938","92251844"
"62243","88621938","96094659"
"62244","88621938","59668947"
"62245","88621938","80123615"
"62246","88621938","99975632"
"62247","88623372","65986073"
"62248","88623428","97752722"
"62249","88623429","94202512"
"62250","88623431","57821191"
"62251","88623555","57819531"
"62252","88623880","104171915"
"62253","88623921","64977908"
"62254","88623976","67692400"
"62255","88623982","94201927"
"62256","88623982","104176131"
"62257","88623982","57829508"
"62258","88623982","59665280"
"62259","88623982","94203593"
"62260","88623983","103336293"
"62261","88623983","103503347"
"62262","88623983","103502450"
"62263","88623985","103502442"
"62264","88623985","103490570"
"62265","88624132","59668792"
"62266","88624797","64914434"
"62267","88624801","88625050"
"62268","88624805","62959831"
"62269","88624939","104178216"
"62270","88624939","94201361"
"62271","88624940","71486391"
"62272","88624940","80121707"
"62273","88624941","99975626"
"62274","88624941","78893809"
"62275","88624943","59671116"
"62276","88624943","92254760"
"62277","88624944","71486583"
"62278","88624944","103084699"
"62279","88624945","57819479"
"62280","88624945","92445562"
"62281","88624989","67690066"
"62282","88625015","96099178"
"62283","88625053","94200222"
"62284","88625053","65984821"
"62285","88625096","86683027"
"62286","88625096","99974241"
"62287","88625102","67695004"
"62288","88625102","58151692"
"62289","88625102","86686408"
"62290","88625282","59668281"
"62291","88625282","58140493"
"62292","88625663","61581068"
"62293","88625663","59658778"
"62294","88625663","88674530"
"62295","88625743","97751580"
"62296","88626702","97747200"
"62297","88626702","86680149"
"62298","88626702","88623247"
"62299","88626702","94202811"
"62300","88626702","67692792"
"62301","88626702","78895498"
"62302","88626702","65802242"
"62303","88626702","92440448"
"62304","88626702","65986986"
"62305","88626702","69507085"
"62306","88626702","61582250"
"62307","88626702","71488923"
"62308","88626702","61687397"
"62309","88626702","65799285"
"62310","88626702","96099175"
"62311","88626702","59214987"
"62312","88626702","103503358"
"62313","88626702","67693891"
"62314","88626702","69504822"
"62315","88626702","99977640"
"62316","88626702","92439445"
"62317","88626702","92440855"
"62318","88626702","104176864"
"62319","88626702","65989583"
"62320","88626702","88619177"
"62321","88626702","94198033"
"62322","88626702","88676061"
"62323","88626702","69503069"
"62324","88626702","61772632"
"62325","88626702","99978061"
"62326","88626702","80123830"
"62327","88626702","103081174"
"62328","88626702","57822701"
"62329","88626702","103087120"
"62330","88626702","65799890"
"62331","88626702","61685882"
"62332","88626702","103084106"
"62333","88627078","92440417"
"62334","88627078","71488006"
"62335","88627078","69502258"
"62336","88627078","92440818"
"62337","88627078","96096833"
"62338","88627078","57818675"
"62339","88627078","65983676"
"62340","88627078","88625092"
"62341","88627078","88675630"
"62342","88627078","61685890"
"62343","88627078","92447383"
"62344","88627078","92257288"
"62345","88627078","62960505"
"62346","88627078","92445845"
"62347","88627078","65983231"
"62348","88627078","62962516"
"62349","88627078","94196645"
"62350","88627078","103336997"
"62351","88627078","58350223"
"62352","88669579","57820368"
"62353","88669579","64914901"
"62354","88669579","59659873"
"62355","88669579","61684135"
"62356","88669579","96099140"
"62357","88669579","97751620"
"62358","88669579","58151806"
"62359","88669579","58142013"
"62360","88669579","92441418"
"62361","88669579","99973373"
"62362","88669579","92447348"
"62363","88669579","67690802"
"62364","88669579","86684743"
"62365","88669579","97751708"
"62366","88669579","92255868"
"62367","88669579","104171961"
"62368","88669579","64911960"
"62369","88669579","92251256"
"62370","88669579","69500447"
"62371","88669955","57829482"
"62372","88669955","103503355"
"62373","88669955","97752736"
"62374","88669955","94198945"
"62375","88669955","65983241"
"62376","88669955","88674484"
"62377","88669955","96091456"
"62378","88669955","69500070"
"62379","88669955","64911929"
"62380","88669955","104172595"
"62381","88669955","78895963"
"62382","88669955","58342080"
"62383","88669955","88624325"
"62384","88669955","103086273"
"62385","88669955","99976791"
"62386","88669955","64977846"
"62387","88669955","92257777"
"62388","88669955","97749356"
"62389","88669955","61578836"
"62390","88669955","61684154"
"62391","88669955","64910425"
"62392","88669955","58140728"
"62393","88669955","78894100"
"62394","88669955","103491939"
"62395","88669955","69505173"
"62396","88669955","92251947"
"62397","88669955","92439443"
"62398","88669955","88676074"
"62399","88669955","59216007"
"62400","88669955","78889734"
"62401","88669955","58340691"
"62402","88669955","103083431"
"62403","88669955","92444059"
"62404","88669955","94202718"
"62405","88669955","104176030"
"62406","88669955","71482589"
"62407","88669955","64977847"
"62408","88669955","61683704"
"62409","88669955","94201377"
"62410","88669955","69504004"
"62411","88669955","57819468"
"62412","88669955","94203785"
"62413","88669955","59669808"
"62414","88669955","65987761"
"62415","88669955","71482624"
"62416","88669955","71485747"
"62417","88669955","62954824"
"62418","88669955","88672140"
"62419","88669955","104176677"
"62420","88670914","99978195"
"62421","88670994","86686066"
"62422","88670994","97750414"
"62423","88670994","78893080"
"62424","88671375","67692485"
"62425","88671375","65985645"
"62426","88671555","58139728"
"62427","88671555","61772463"
"62428","88671555","97746001"
"62429","88671561","64983650"
"62430","88671561","57821206"
"62431","88671604","88618899"
"62432","88671604","62960229"
"62433","88671642","59214175"
"62434","88671668","86685445"
"62435","88671712","65801505"
"62436","88671712","103340922"
"62437","88671713","92251863"
"62438","88671713","88623091"
"62439","88671714","69506546"
"62440","88671714","88619672"
"62441","88671716","57821253"
"62442","88671716","94196645"
"62443","88671717","64983654"
"62444","88671717","59215344"
"62445","88671718","59216487"
"62446","88671718","78889833"
"62447","88671852","97745807"
"62448","88671856","71483544"
"62449","88671860","103494344"
"62450","88672525","94203271"
"62451","88672672","97747199"
"62452","88672672","58141223"
"62453","88672674","96095665"
"62454","88672674","59668341"
"62455","88672674","58341452"
"62456","88672675","88676210"
"62457","88672675","92253927"
"62458","88672675","92253960"
"62459","88672675","65802307"
"62460","88672675","88621020"
"62461","88672681","62961913"
"62462","88672736","97752015"
"62463","88672777","62955554"
"62464","88673102","92257961"
"62465","88673226","97752925"
"62466","88673228","71489325"
"62467","88673229","80122903"
"62468","88673285","104170355"
"62469","88674719","94197778"
"62470","88674719","57821211"
"62471","88674719","88675613"
"62472","88674719","67690323"
"62473","88674719","88671501"
"62474","88674719","67697300"
"62475","88674719","62955164"
"62476","88674719","64913253"
"62477","88674719","88672298"
"62478","88674719","61583848"
"62479","88674719","97747778"
"62480","88674719","61681331"
"62481","88674719","103494813"
"62482","88674719","80127798"
"62483","88674719","97747202"
"62484","88674719","103083894"
"62485","88674719","88620396"
"62486","88674719","71487550"
"62487","88674719","58139151"
"62488","88674719","67697233"
"62489","88674719","65987761"
"62490","88674719","67697166"
"62491","88674719","104178439"
"62492","88674719","103502443"
"62493","88674719","103086283"
"62494","88674719","69507781"
"62495","88674719","97752256"
"62496","88674719","88675739"
"62497","88674719","59658427"
"62498","88674719","96092741"
"62499","88674719","103087236"
"62500","88674719","64910783"
"62501","88674719","80123083"
"62502","88674719","88620428"
"62503","88674719","103087142"
"62504","88674719","61775300"
"62505","88674719","103501833"
"62506","88674719","61586759"
"62507","88674719","94202786"
"62508","88674719","78896173"
"62509","88674719","59668635"
"62510","88674719","61680477"
"62511","88674719","88673375"
"62512","88674719","103340973"
"62513","88674719","92445551"
"62514","88674719","69505527"
"62515","88674719","99972996"
"62516","88674719","88676299"
"62517","88674719","69505020"
"62518","88674719","65988000"
"62519","88674719","71488208"
"62520","88674719","88622745"
"62521","88674719","96092956"
"62522","88674719","71482578"
"62523","88674719","78888269"
"62524","88674719","103084692"
"62525","88674719","103086525"
"62526","88674719","58143267"
"62527","88674719","94195574"
"62528","88674719","103341433"
"62529","88674719","67694646"
"62530","88674719","103335126"
"62531","88674719","94199186"
"62532","88674719","86681902"
"62533","88674719","92441526"
"62534","88674719","99972760"
"62535","88674719","59665198"
"62536","88674719","62961979"
"62537","88674719","104174863"
"62538","88674719","97754023"
"62539","88675415","80122682"
"62540","88675416","61684276"
"62541","88675572","61686941"
"62542","88675572","86684152"
"62543","88675572","92440711"
"62544","88675572","58141269"
"62545","88675572","103338392"
"62546","88675572","97748232"
"62547","88675572","86678124"
"62548","88675572","88620310"
"62549","88675572","61775292"
"62550","88675572","69499582"
"62551","88675572","103503379"
"62552","88675611","97745801"
"62553","88675613","59217291"
"62554","88675613","61684236"
"62555","88675630","88622140"
"62556","88676151","92255951"
"62557","88676166","96096014"
"62558","88676234","104177552"
"62559","88676813","103503344"
"62560","88676909","58139842"
"62561","88676988","72766276"
"62562","88677000","103342831"
"62563","88677006","58141267"
"62564","88677483","80127922"
"62565","88677524","57820853"
"62566","88677525","86684178"
"62567","92249876","103336283"
"62568","92249876","62959672"
"62569","92249876","103086419"
"62570","92249876","61680190"
"62571","92249876","86682226"
"62572","92249876","58143196"
"62573","92249876","104172579"
"62574","92249876","67690257"
"62575","92249876","59658368"
"62576","92249876","59213465"
"62577","92249876","78894586"
"62578","92249876","61686985"
"62579","92249876","58141470"
"62580","92249876","62960321"
"62581","92249876","65799360"
"62582","92249876","86685477"
"62583","92249876","62960328"
"62584","92249876","58142402"
"62585","92249876","96094631"
"62586","92249876","88623981"
"62587","92250251","65987834"
"62588","92250251","61768504"
"62589","92250251","86680197"
"62590","92250251","86682191"
"62591","92250251","61578682"
"62592","92250251","64912881"
"62593","92250251","97751573"
"62594","92250251","103339759"
"62595","92250251","69505359"
"62596","92250251","61769954"
"62597","92250251","62957178"
"62598","92250251","103335145"
"62599","92250251","58342270"
"62600","92250251","104174853"
"62601","92250251","94202656"
"62602","92250251","58141587"
"62603","92250251","92254792"
"62604","92250251","80127906"
"62605","92250251","88671635"
"62606","92250251","86684845"
"62607","92250251","78895541"
"62608","92250251","58141290"
"62609","92250251","92257313"
"62610","92250251","88678054"
"62611","92250251","80125881"
"62612","92250251","58340237"
"62613","92250251","61680481"
"62614","92250251","64977550"
"62615","92250251","78889430"
"62616","92250251","96092818"
"62617","92250251","58151933"
"62618","92250251","78892765"
"62619","92250251","97745791"
"62620","92250251","104176031"
"62621","92250251","86684152"
"62622","92250251","62961915"
"62623","92250251","80129645"
"62624","92250251","64914308"
"62625","92250251","97749160"
"62626","92250251","96095730"
"62627","92250251","58139817"
"62628","92250251","92251222"
"62629","92250251","71488973"
"62630","92250251","88671322"
"62631","92250251","57821751"
"62632","92250251","78895171"
"62633","92250251","94198055"
"62634","92250251","103087735"
"62635","92250251","86684195"
"62636","92250251","61684394"
"62637","92250251","71487497"
"62638","92251210","61682043"
"62639","92251290","78889969"
"62640","92251290","71482642"
"62641","92251290","65802491"
"62642","92251671","61681978"
"62643","92251671","61581832"
"62644","92251851","64914766"
"62645","92251851","71484844"
"62646","92251851","57822966"
"62647","92251857","61768300"
"62648","92251857","71489859"
"62649","92251900","103084875"
"62650","92251900","57819582"
"62651","92251938","94203193"
"62652","92251964","92253323"
"62653","92252008","61686900"
"62654","92252008","97752142"
"62655","92252009","80125075"
"62656","92252009","67695502"
"62657","92252010","104177347"
"62658","92252010","58342930"
"62659","92252012","69505425"
"62660","92252012","62960748"
"62661","92252013","103491509"
"62662","92252013","65797400"
"62663","92252014","64982163"
"62664","92252014","67696781"
"62665","92252148","80122721"
"62666","92252152","92253754"
"62667","92252156","80126065"
"62668","92252821","61772630"
"62669","92252968","103083240"
"62670","92252968","67690184"
"62671","92252970","88675673"
"62672","92252970","61772171"
"62673","92252970","103085951"
"62674","92252971","58140499"
"62675","92252971","64981766"
"62676","92252971","103336288"
"62677","92252971","67690617"
"62678","92252971","80123813"
"62679","92252977","99979490"
"62680","92253032","59667487"
"62681","92253073","103338327"
"62682","92253398","88618900"
"62683","92253522","103087265"
"62684","92253524","78894266"
"62685","92253525","104177413"
"62686","92253581","69505529"
"62687","92255015","80127824"
"62688","92255015","86685327"
"62689","92255015","86683010"
"62690","92255015","103086431"
"62691","92255015","71483498"
"62692","92255015","86684313"
"62693","92255015","67694921"
"62694","92255015","65982819"
"62695","92255015","59217697"
"62696","92255015","94196987"
"62697","92255015","96092323"
"62698","92255015","88626682"
"62699","92255015","58140994"
"62700","92255015","67695475"
"62701","92255015","96097748"
"62702","92255015","71486277"
"62703","92255015","92251212"
"62704","92255015","57829384"
"62705","92255015","92252594"
"62706","92255015","103087417"
"62707","92255015","61768522"
"62708","92255015","103082845"
"62709","92255015","103086519"
"62710","92255015","64914070"
"62711","92255015","61768543"
"62712","92255015","86681379"
"62713","92255015","64914446"
"62714","92255015","65985785"
"62715","92255015","99977800"
"62716","92255015","61767572"
"62717","92255015","59216180"
"62718","92255015","99977493"
"62719","92255015","94202634"
"62720","92255015","59659871"
"62721","92255015","61769945"
"62722","92255015","71483517"
"62723","92255015","86680164"
"62724","92255015","94201334"
"62725","92255015","61686790"
"62726","92255015","61768245"
"62727","92255015","67697166"
"62728","92255015","86679463"
"62729","92255015","57820647"
"62730","92255015","58140788"
"62731","92255015","88624331"
"62732","92255015","58138898"
"62733","92255015","103501729"
"62734","92255015","59669512"
"62735","92255015","61682121"
"62736","92255015","103501691"
"62737","92255015","78892874"
"62738","92255015","65797395"
"62739","92255015","94201251"
"62740","92255015","67690195"
"62741","92255015","80128123"
"62742","92255015","88669986"
"62743","92255015","65802364"
"62744","92255015","92442714"
"62745","92255015","88620348"
"62746","92255015","78888007"
"62747","92255015","80123695"
"62748","92255015","78892899"
"62749","92255015","92444527"
"62750","92255015","97753735"
"62751","92255015","57820176"
"62752","92255015","96097260"
"62753","92255015","80123811"
"62754","92255015","78894109"
"62755","92255015","103087142"
"62756","92255015","86684118"
"62757","92255711","88619458"
"62758","92255712","92440406"
"62759","92255868","94199335"
"62760","92255868","94202782"
"62761","92255868","65989485"
"62762","92255868","97751715"
"62763","92255868","67697300"
"62764","92255868","103495120"
"62765","92255868","59658204"
"62766","92255868","57822977"
"62767","92255868","65986496"
"62768","92255868","58140613"
"62769","92255868","97752249"
"62770","92255907","65804108"
"62771","92255909","94201924"
"62772","92255909","104176722"
"62773","92255926","61768205"
"62774","92256447","92251931"
"62775","92256462","78892104"
"62776","92256530","57821222"
"62777","92257109","67696447"
"62778","92257205","64913209"
"62779","92257284","59668761"
"62780","92257296","61774837"
"62781","92257302","67695214"
"62782","92257779","94201392"
"62783","92257820","58143149"
"62784","92257821","58272264"
"62785","92439677","104176674"
"62786","92439718","86684159"
"62787","92440195","88669805"
"62788","92440201","99975613"
"62789","92440213","58140461"
"62790","92440292","88620997"
"62791","92440388","103086517"
"62792","92440967","86683015"
"62793","92441035","88670924"
"62794","92441050","62959835"
"62795","92441571","58142835"
"62796","92441588","92442677"
"62797","92441588","103335115"
"62798","92441590","92441551"
"62799","92441629","94202805"
"62800","92441629","61684559"
"62801","92441629","62960418"
"62802","92441629","64977417"
"62803","92441629","96097869"
"62804","92441629","97749298"
"62805","92441629","57819994"
"62806","92441629","96097103"
"62807","92441629","103080201"
"62808","92441629","104176663"
"62809","92441785","88626680"
"62810","92441786","58334500"
"62811","92442482","59671031"
"62812","92442482","96093475"
"62813","92442482","58139830"
"62814","92442482","92254208"
"62815","92442482","92436853"
"62816","92442482","92445652"
"62817","92442482","71485333"
"62818","92442482","61768587"
"62819","92442482","57821041"
"62820","92442482","103081222"
"62821","92442482","94196857"
"62822","92442482","57829391"
"62823","92442482","61681999"
"62824","92442482","78889975"
"62825","92442482","92440420"
"62826","92442482","64984796"
"62827","92442482","88676101"
"62828","92442482","80122953"
"62829","92442482","71487545"
"62830","92442482","88676753"
"62831","92442482","61687660"
"62832","92442482","104178418"
"62833","92442482","103336950"
"62834","92442482","67695467"
"62835","92442482","103492910"
"62836","92442482","96097785"
"62837","92442482","71490475"
"62838","92442482","88676906"
"62839","92442482","62959847"
"62840","92442482","65988039"
"62841","92442482","104171859"
"62842","92442482","61773820"
"62843","92442482","88618362"
"62844","92442482","103490436"
"62845","92442482","80126359"
"62846","92442482","65802362"
"62847","92442482","92251935"
"62848","92442482","69506271"
"62849","92442482","88619111"
"62850","92442482","99976871"
"62851","92442482","64983091"
"62852","92442482","97752318"
"62853","92442482","59669132"
"62854","92442482","69500731"
"62855","92442482","71488545"
"62856","92442482","62960527"
"62857","92442482","58142080"
"62858","92442482","103088072"
"62859","92442482","88676240"
"62860","92442482","96092186"
"62861","92442482","96092808"
"62862","92442482","67693431"
"62863","92442482","86686305"
"62864","92442482","86679461"
"62865","92442482","71487993"
"62866","92442482","69504308"
"62867","92442482","67695312"
"62868","92442482","94198055"
"62869","92442482","61687753"
"62870","92442482","94196807"
"62871","92442482","103086992"
"62872","92442482","61775213"
"62873","92443916","103501612"
"62874","92443972","59660637"
"62875","92443973","78894620"
"62876","92443975","65987837"
"62877","92444099","96098107"
"62878","92444424","92252346"
"62879","92444465","97751596"
"62880","92444520","62955184"
"62881","92444526","65803339"
"62882","92444526","104172076"
"62883","92444526","71488923"
"62884","92444526","57819168"
"62885","92444526","61684608"
"62886","92444527","97751789"
"62887","92444527","103339195"
"62888","92444527","99976768"
"62889","92444529","69504721"
"62890","92444529","86683026"
"62891","92444676","103493809"
"62892","92445341","92444834"
"62893","92445345","64977903"
"62894","92445349","97752168"
"62895","92445483","104176904"
"62896","92445483","57819981"
"62897","92445484","61684196"
"62898","92445484","58139151"
"62899","92445485","94198873"
"62900","92445485","71485267"
"62901","92445487","88619993"
"62902","92445487","80127902"
"62903","92445488","96091090"
"62904","92445488","104171280"
"62905","92445489","58143251"
"62906","92445489","94199087"
"62907","92445533","103341631"
"62908","92445559","72766417"
"62909","92445597","104172683"
"62910","92445597","67695007"
"62911","92445640","92255970"
"62912","92445640","103340915"
"62913","92445646","71487992"
"62914","92445646","92256678"
"62915","92445646","80121665"
"62916","92445826","69505537"
"62917","92445826","64916655"
"62918","92446207","64915100"
"62919","92446207","94199034"
"62920","92446207","62957148"
"62921","92446287","92444104"
"62922","92447246","88619877"
"62923","92447246","99979410"
"62924","92447246","58141921"
"62925","92447246","65990157"
"62926","92447246","57820169"
"62927","92447246","103081475"
"62928","92447246","64914075"
"62929","92447246","99975521"
"62930","92447246","96094644"
"62931","92447246","103081215"
"62932","92447246","58341680"
"62933","92447246","58151915"
"62934","92447246","61686758"
"62935","92447246","103338640"
"62936","92447246","103086580"
"62937","92447246","67697218"
"62938","92447246","64910424"
"62939","92447246","64917249"
"62940","92447246","62960520"
"62941","92447246","99974810"
"62942","92447246","99971158"
"62943","92447246","103081847"
"62944","92447246","104176680"
"62945","92447246","67694649"
"62946","92447246","78892085"
"62947","92447246","64912814"
"62948","92447246","97753419"
"62949","92447246","64910090"
"62950","92447246","59211927"
"62951","92447246","103338457"
"62952","92447246","78892782"
"62953","92447246","94196985"
"62954","92447246","99972510"
"62955","92447246","86678520"
"62956","92447246","62960416"
"62957","92447622","94196645"
"62958","92447622","103081762"
"62959","92447622","104177136"
"62960","92447622","58142637"
"62961","92447622","96096241"
"62962","92447622","80121982"
"62963","92447622","97746868"
"62964","92447622","92441535"
"62965","92447622","103335125"
"62966","92447622","59217675"
"62967","92447622","99973498"
"62968","92447622","94196732"
"62969","92447622","58138868"
"62970","92447622","78890082"
"62971","92447622","88673567"
"62972","92447622","96096002"
"62973","92447622","96092068"
"62974","94195309","61585526"
"62975","94195309","65802342"
"62976","94195309","99972047"
"62977","94195309","88673912"
"62978","94195309","103083411"
"62979","94195309","58140557"
"62980","94195309","71487284"
"62981","94195309","103083250"
"62982","94195309","58139842"
"62983","94195309","61775280"
"62984","94195309","92252010"
"62985","94195309","57822369"
"62986","94195309","88674501"
"62987","94195309","61772383"
"62988","94195309","86685346"
"62989","94195309","61772428"
"62990","94195309","99971805"
"62991","94195309","99972984"
"62992","94195309","97749645"
"62993","94195309","99972137"
"62994","94195684","69507168"
"62995","94195684","92445539"
"62996","94195684","65799229"
"62997","94195684","97751607"
"62998","94195684","59217689"
"62999","94195684","58343764"
"63000","94195684","58143224"
"63001","94195684","103491588"
"63002","94195684","65987707"
"63003","94195684","88620495"
"63004","94195684","92256609"
"63005","94195684","61680482"
"63006","94195684","57820443"
"63007","94195684","80122472"
"63008","94195684","103336935"
"63009","94195684","92253518"
"63010","94195684","80121117"
"63011","94195684","86679875"
"63012","94195684","61774932"
"63013","94195684","57821033"
"63014","94195684","64909982"
"63015","94195684","69507772"
"63016","94195684","59671607"
"63017","94195684","103087976"
"63018","94195684","64909922"
"63019","94195684","58139096"
"63020","94195684","86684869"
"63021","94195684","57819144"
"63022","94195684","59211481"
"63023","94195684","99977464"
"63024","94195684","80121970"
"63025","94195684","61578707"
"63026","94195684","92255946"
"63027","94195684","99972996"
"63028","94195684","86684231"
"63029","94195684","103502443"
"63030","94195684","99972057"
"63031","94195684","88676233"
"63032","94195684","104173968"
"63033","94195684","86684808"
"63034","94195684","80128549"
"63035","94195684","103494710"
"63036","94195684","71487705"
"63037","94195684","57820717"
"63038","94195684","88621010"
"63039","94195684","104171735"
"63040","94195684","78891828"
"63041","94195684","99974329"
"63042","94195684","94195540"
"63043","94195684","99978752"
"63044","94195684","103501882"
"63045","94195684","92446286"
"63046","94195684","92253794"
"63047","94196642","58139859"
"63048","94196722","97745613"
"63049","94196722","58139287"
"63050","94196722","96093048"
"63051","94197103","80123789"
"63052","94197103","58140462"
"63053","94197283","65983360"
"63054","94197283","80124928"
"63055","94197283","92439541"
"63056","94197289","69507774"
"63057","94197289","65801384"
"63058","94197332","88677206"
"63059","94197332","64977830"
"63060","94197370","96097073"
"63061","94197396","69503949"
"63062","94197440","104177097"
"63063","94197440","65802494"
"63064","94197441","71487991"
"63065","94197441","103086992"
"63066","94197442","62955896"
"63067","94197442","103084577"
"63068","94197444","71482748"
"63069","94197444","94202236"
"63070","94197445","88624943"
"63071","94197445","103335141"
"63072","94197446","88675690"
"63073","94197446","61774961"
"63074","94197580","97753128"
"63075","94197584","61687294"
"63076","94197588","58142987"
"63077","94198253","69506279"
"63078","94198400","71491027"
"63079","94198400","78891526"
"63080","94198402","61584882"
"63081","94198402","62960323"
"63082","94198402","103504153"
"63083","94198403","59211442"
"63084","94198403","61773774"
"63085","94198403","104177277"
"63086","94198403","103082233"
"63087","94198403","86680809"
"63088","94198409","59215865"
"63089","94198464","99976716"
"63090","94198505","64913129"
"63091","94198830","96098063"
"63092","94198954","67696449"
"63093","94198956","103081254"
"63094","94198957","62961209"
"63095","94199013","97752178"
"63096","94200447","97748241"
"63097","94200447","88625108"
"63098","94200447","61680189"
"63099","94200447","65802894"
"63100","94200447","99977320"
"63101","94200447","97752868"
"63102","94200447","88623265"
"63103","94200447","96092640"
"63104","94200447","88620992"
"63105","94200447","97752011"
"63106","94200447","62960150"
"63107","94200447","103341631"
"63108","94200447","92441569"
"63109","94200447","103502427"
"63110","94200447","103493263"
"63111","94200447","103088663"
"63112","94200447","58140532"
"63113","94200447","59211558"
"63114","94200447","103490607"
"63115","94200447","103340915"
"63116","94200447","58143405"
"63117","94200447","57821383"
"63118","94200447","88671567"
"63119","94200447","97747488"
"63120","94200447","103080244"
"63121","94200447","94199186"
"63122","94200447","58140464"
"63123","94200447","62956033"
"63124","94200447","96092938"
"63125","94200447","103085963"
"63126","94200447","103086061"
"63127","94200447","99973501"
"63128","94200447","88676683"
"63129","94200447","104172071"
"63130","94200447","61685852"
"63131","94200447","61579868"
"63132","94200447","88680348"
"63133","94200447","67692355"
"63134","94200447","65802583"
"63135","94200447","69505419"
"63136","94200447","103341343"
"63137","94200447","97751608"
"63138","94200447","78895634"
"63139","94200447","97750451"
"63140","94200447","104173585"
"63141","94200447","65802560"
"63142","94200447","59658376"
"63143","94200447","61581850"
"63144","94200447","61681984"
"63145","94200447","103342880"
"63146","94200447","80129518"
"63147","94200447","88622177"
"63148","94200447","104171352"
"63149","94200447","64915276"
"63150","94200447","92446287"
"63151","94200447","103080211"
"63152","94200447","97747484"
"63153","94200447","99977272"
"63154","94200447","97751547"
"63155","94200447","104176017"
"63156","94200447","94198403"
"63157","94200447","88625100"
"63158","94200447","65987835"
"63159","94200447","64912524"
"63160","94200447","58141507"
"63161","94200447","92441027"
"63162","94200447","103336845"
"63163","94200447","62959345"
"63164","94200447","94201989"
"63165","94200447","88626862"
"63166","94201143","94201829"
"63167","94201144","71489268"
"63168","94201300","92253601"
"63169","94201300","58142186"
"63170","94201300","59671606"
"63171","94201300","58142674"
"63172","94201300","92256351"
"63173","94201300","88675652"
"63174","94201300","59212152"
"63175","94201300","103341792"
"63176","94201300","88618996"
"63177","94201300","57819472"
"63178","94201300","61772616"
"63179","94201339","103086267"
"63180","94201341","71486248"
"63181","94201341","92440899"
"63182","94201358","67690348"
"63183","94201879","88620823"
"63184","94201894","58144163"
"63185","94201962","65797648"
"63186","94202541","96096742"
"63187","94202637","92444820"
"63188","94202716","67695735"
"63189","94202728","69504862"
"63190","94202734","62955187"
"63191","94203211","69502144"
"63192","94203252","67692862"
"63193","94203253","61682077"
"63194","96092214","59659697"
"63195","96092227","59658414"
"63196","96092333","78891498"
"63197","96092339","99975611"
"63198","96092745","94197559"
"63199","96092775","94199640"
"63200","96092775","88670005"
"63201","96092803","103493015"
"63202","96092803","78894047"
"63203","96092814","61772560"
"63204","96092814","62960020"
"63205","96092816","65797658"
"63206","96092819","61680689"
"63207","96092819","61680336"
"63208","96092822","58342226"
"63209","96092928","88669988"
"63210","96093358","61774968"
"63211","96093511","97751593"
"63212","96093551","92257077"
"63213","96093551","64982443"
"63214","96093551","59211584"
"63215","96093551","94197444"
"63216","96093551","88620472"
"63217","96093551","65799253"
"63218","96093551","86682175"
"63219","96093551","71486283"
"63220","96093551","61687059"
"63221","96093551","103501743"
"63222","96093551","59659891"
"63223","96093566","61684236"
"63224","96093566","65804737"
"63225","96093571","103338705"
"63226","96093572","96097268"
"63227","96093574","103491587"
"63228","96093575","92443786"
"63229","96093577","61585463"
"63230","96093578","86684314"
"63231","96093580","78890075"
"63232","96093581","86680179"
"63233","96093591","103087016"
"63234","96093592","67696406"
"63235","96093595","96091464"
"63236","96093596","86684313"
"63237","96093598","92253766"
"63238","96093599","61585753"
"63239","96094664","88671548"
"63240","96094664","88675680"
"63241","96094664","94200212"
"63242","96094664","80124970"
"63243","96094759","94198832"
"63244","96095443","92442837"
"63245","96095445","78892891"
"63246","96095445","61773787"
"63247","96095838","96094642"
"63248","96095893","57822389"
"63249","96095893","103083410"
"63250","96095900","96092043"
"63251","96095902","92440420"
"63252","96095928","64977913"
"63253","96095934","59665108"
"63254","96095935","99979191"
"63255","96095937","69502153"
"63256","96095938","88671558"
"63257","96095944","57822967"
"63258","96095945","94202790"
"63259","96095946","94204023"
"63260","96095947","103081552"
"63261","96096249","64910427"
"63262","96096441","94201511"
"63263","96097271","71487580"
"63264","96097284","80122570"
"63265","96097284","71484844"
"63266","96097284","80123849"
"63267","96097284","80126724"
"63268","96097284","61586209"
"63269","96097284","86683080"
"63270","96097284","61578017"
"63271","96097284","96096441"
"63272","96097284","88621002"
"63273","96097288","67690594"
"63274","96097288","67695425"
"63275","96097288","88675691"
"63276","96097288","65986975"
"63277","96097288","64913946"
"63278","96097288","88620353"
"63279","96097288","88625653"
"63280","96097288","103492301"
"63281","96097469","59217022"
"63282","96097509","86679902"
"63283","96098129","96099271"
"63284","96098129","99972054"
"63285","97746937","65987238"
"63286","97746937","103083755"
"63287","97747557","78889794"
"63288","97747597","58142968"
"63289","97747778","80126043"
"63290","97747778","103503302"
"63291","97747778","103338951"
"63292","97747778","88672327"
"63293","97747778","92256457"
"63294","97747778","65802385"
"63295","97747778","58141081"
"63296","97747778","97745863"
"63297","97747782","80123296"
"63298","97747782","69504450"
"63299","97747782","64983071"
"63300","97747782","71485326"
"63301","97747782","88620910"
"63302","97747782","62955988"
"63303","97747782","103490478"
"63304","97747782","71489812"
"63305","97747782","58151766"
"63306","97747795","67692387"
"63307","97748624","58321221"
"63308","97748816","71488962"
"63309","97749118","92447257"
"63310","97749119","96093473"
"63311","97749120","61769873"
"63312","97749121","103501684"
"63313","97749127","64981801"
"63314","97749128","94200192"
"63315","97749130","80123693"
"63316","97749131","69503943"
"63317","97749137","57822544"
"63318","97749163","92441554"
"63319","97749165","58341448"
"63320","97749172","72763961"
"63321","97749172","61582688"
"63322","97749227","103338309"
"63323","97749620","80123361"
"63324","97749620","58343845"
"63325","97749622","65801895"
"63326","97750306","92250264"
"63327","97750401","92440420"
"63328","97750401","71490484"
"63329","97750401","57820510"
"63330","97750401","103336293"
"63331","97750401","62957127"
"63332","97750401","103337649"
"63333","97751465","88673198"
"63334","97751468","88680348"
"63335","97751469","92254643"
"63336","97751472","92251844"
"63337","97751473","103340945"
"63338","97751483","64980515"
"63339","97751484","62955184"
"63340","97751486","59669429"
"63341","97751487","67695504"
"63342","97751489","62957987"
"63343","97751490","92257792"
"63344","97751492","104173387"
"63345","97751493","99978020"
"63346","97751498","67690691"
"63347","97751498","99978795"
"63348","97751513","103085870"
"63349","97751513","97747320"
"63350","97751513","103341512"
"63351","97751513","59658500"
"63352","97751513","58140932"
"63353","97751513","59665154"
"63354","97751513","86684720"
"63355","97751513","94196985"
"63356","97751513","64911964"
"63357","97751513","65804155"
"63358","97751513","97751579"
"63359","97751553","92441534"
"63360","97751706","58143056"
"63361","97752136","92445656"
"63362","97752242","65802364"
"63363","97752245","80124968"
"63364","97752245","86682908"
"63365","97752248","80128466"
"63366","97752248","57819557"
"63367","97752250","59669119"
"63368","97752250","62957175"
"63369","97752261","103491990"
"63370","97752261","88626713"
"63371","97752289","103501894"
"63372","97752289","78889970"
"63373","97752319","92254770"
"63374","97752725","71487929"
"63375","97752731","99977795"
"63376","97752836","96092116"
"63377","97752849","71488966"
"63378","99972127","78891939"
"63379","99972127","92447347"
"63380","99972747","58139065"
"63381","99972787","78896215"
"63382","99972968","103336641"
"63383","99972968","103336945"
"63384","99972968","97748684"
"63385","99972968","103492088"
"63386","99972968","57818927"
"63387","99972968","65986556"
"63388","99972968","96098209"
"63389","99972968","103340900"
"63390","99972972","103491901"
"63391","99972972","97752246"
"63392","99972972","71484933"
"63393","99972972","64983447"
"63394","99972972","80126428"
"63395","99972972","96098163"
"63396","99972972","62960322"
"63397","99972972","99972057"
"63398","99972972","59216212"
"63399","99972985","99977911"
"63400","99973814","64914094"
"63401","99974006","96097866"
"63402","99974308","103341515"
"63403","99974309","78892952"
"63404","99974310","92255950"
"63405","99974311","96094642"
"63406","99974317","88622164"
"63407","99974318","58341281"
"63408","99974320","80123225"
"63409","99974321","80124989"
"63410","99974327","92256848"
"63411","99974353","65988285"
"63412","99974355","103501936"
"63413","99974362","104176607"
"63414","99974362","96091462"
"63415","99974417","97751706"
"63416","99974810","58151783"
"63417","99974810","62960434"
"63418","99974812","67692364"
"63419","99975496","86686068"
"63420","99975591","86684929"
"63421","99975591","65804208"
"63422","99975591","99976785"
"63423","99975591","97753587"
"63424","99975591","58140266"
"63425","99975591","57820240"
"63426","99976655","103339673"
"63427","99976658","92439717"
"63428","99976659","88625738"
"63429","99976662","57820640"
"63430","99976663","103339175"
"63431","99976673","67690994"
"63432","99976674","80123825"
"63433","99976676","96092819"
"63434","99976677","67691076"
"63435","99976679","59667467"
"63436","99976680","65802418"
"63437","99976682","57823106"
"63438","99976683","94197440"
"63439","99976688","58350202"
"63440","99976688","96099311"
"63441","99976703","88673228"
"63442","99976703","88680348"
"63443","99976703","78892937"
"63444","99976703","103341589"
"63445","99976703","96093457"
"63446","99976703","103491901"
"63447","99976703","58140102"
"63448","99976703","88676908"
"63449","99976703","58141828"
"63450","99976703","71482746"
"63451","99976703","96092920"
"63452","99976743","103336888"
"63453","99976896","97752248"
"63454","99977326","97745952"
"63455","99977432","67696414"
"63456","99977435","62960470"
"63457","99977435","69503509"
"63458","99977438","80126266"
"63459","99977440","88670935"
"63460","99977440","86684617"
"63461","99977451","64912036"
"63462","99977451","94197336"
"63463","99977479","97749075"
"63464","99977479","104174261"
"63465","99977509","65988038"
"63466","99977915","96092067"
"63467","99977921","57822297"
"63468","99978026","80119118"
"63469","99978039","88621047"
"63470","57821334","59668754"
"63471","58141619","65986079"
"63472","58342369","97748622"
"63473","96097273","71484974"
"63474","96097274","104176041"
"63475","96097293","58139764"
"63476","96097294","104176007"
"63477","96097470","58140613"
"63478","97747554","67691078"
"63479","97747596","88671324"
"63480","97747772","61584881"
"63481","97747773","61680586"
"63482","97747792","61768248"
"63483","97747793","103502423"
"63484","99972744","65801844"
"63485","99972786","78892766"
"63486","99972962","62957178"
"63487","99972963","88620344"
"63488","99972982","61772383"
"63489","99972983","59211929"
"63490","57821333","104170377"
"63491","57821333","69499944"
"63492","58141618","59669797"
"63493","58141618","92252621"
"63494","58342368","96093458"
"63495","58342368","103086712"
"63496","96092050","69505419"
"63497","96094775","57820027"
"63498","96097618","67696414"
"63499","97747448","92252662"
"63500","97750290","96093468"
"63501","97753013","67694871"
"63502","99972638","88623237"
"63503","99975480","96097264"
"63504","99978203","88623257"
"63505","57819870","88619656"
"63506","57821308","80127801"
"63507","57821332","103491507"
"63508","58140155","59214989"
"63509","58141593","65983708"
"63510","58141617","96099280"
"63511","58342343","92445484"
"63512","58342367","88673380"
"63513","96091916","88625741"
"63514","96092073","94201502"
"63515","96092861","78890435"
"63516","96092861","69505228"
"63517","96092993","94197579"
"63518","96092993","69504883"
"63519","96094661","94197361"
"63520","96094661","65983322"
"63521","96097622","61775225"
"63522","96097622","92252720"
"63523","97747444","61686633"
"63524","97747444","104177136"
"63525","97750404","71483037"
"63526","97752071","58141391"
"63527","97752071","99977338"
"63528","97752203","103339761"
"63529","97752203","103490471"
"63530","97752990","104176609"
"63531","97753147","86683010"
"63532","99972634","103086582"
"63533","99972634","88677480"
"63534","99975594","64912814"
"63535","99977261","96093464"
"63536","99977261","103335180"
"63537","99977393","64916133"
"63538","99977393","64916526"
"63539","99978180","59658479"
"63540","99978337","97751692"
"63541","103081751","64911930"
"63542","103081751","58138692"
"63543","103336821","103341585"
"63544","103336821","96097470"
"63545","103492120","58140956"
"63546","103492120","88619137"
"63547","104171895","71488322"
"63548","104171895","99975594"
"63549","57818590","99978623"
"63550","57819869","58339766"
"63551","57819874","65800173"
"63552","57819874","103501612"
"63553","57819876","97747200"
"63554","57820959","65802310"
"63555","57821052","65801680"
"63556","57821052","97750289"
"63557","57821147","78896042"
"63558","57821148","64910797"
"63559","57821306","59217713"
"63560","57821306","58151781"
"63561","57821307","94199019"
"63562","57821437","61768505"
"63563","57821724","96092118"
"63564","57822537","71482741"
"63565","57822883","92258111"
"63566","57822931","58342021"
"63567","58138875","64916726"
"63568","58140154","64916581"
"63569","58140159","88671561"
"63570","58140159","104177136"
"63571","58140161","58342368"
"63572","58141244","64910428"
"63573","58141337","96091052"
"63574","58141337","59668754"
"63575","58141432","94201389"
"63576","58141433","104171284"
"63577","58141591","88677757"
"63578","58141591","69502183"
"63579","58141592","64913240"
"63580","58141722","57821806"
"63581","58142009","69503692"
"63582","58142822","104173038"
"63583","58143168","97749033"
"63584","58143216","58141617"
"63585","58280770","80121982"
"63586","58280770","103337000"
"63587","58340943","58140979"
"63588","58342341","97745780"
"63589","58342341","92254768"
"63590","58342342","88623483"
"63591","58342472","64913240"
"63592","58343541","96093449"
"63593","59213416","61768797"
"63594","59213416","65802389"
"63595","59665174","65987841"
"63596","59665174","59670633"
"63597","61581044","86686615"
"63598","61581044","103340952"
"63599","61685869","65989485"
"63600","61685869","64977908"
"63601","61773763","92249876"
"63602","61773763","94202696"
"63603","62957167","61578823"
"63604","62957167","92444872"
"63605","64911944","64980662"
"63606","64911944","88675763"
"63607","64979723","65799255"
"63608","64979723","94203381"
"63609","65799269","65802586"
"63610","65799269","59658778"
"63611","65984844","59658360"
"63612","65984844","78890467"
"63613","67692376","103083786"
"63614","67692376","86685538"
"63615","69502163","62957934"
"63616","69502163","97752441"
"63617","71484836","94195350"
"63618","71484836","65800185"
"63619","78889954","92256960"
"63620","78889954","59213431"
"63621","80127926","65802492"
"63622","80127926","92441563"
"63623","86680083","94202729"
"63624","86680083","69500458"
"63625","88625120","61684720"
"63626","88625120","104171366"
"63627","88671537","86686690"
"63628","88671537","88625563"
"63629","92251833","64977573"
"63630","92251833","99974539"
"63631","92445664","88676071"
"63632","92445664","103336210"
"63633","94197265","71491096"
"63634","94197265","58140023"
"63635","96096021","57820231"
"63636","96097409","61681327"
"63637","96097409","97752249"
"63638","96097511","69504421"
"63639","96097513","57829402"
"63640","97747553","92447360"
"63641","97747555","61684125"
"63642","97747657","103503924"
"63643","97747657","78891889"
"63644","97749044","69500053"
"63645","99972743","103502450"
"63646","99972745","61768797"
"63647","99972847","99977911"
"63648","99972847","67690270"
"63649","99974234","61685917"
"63650","103083602","88676664"
"63651","103083602","58140315"
"63652","103083602","58340938"
"63653","103083602","57822548"
"63654","103083602","65801915"
"63655","103084731","64910311"
"63656","103084731","97751588"
"63657","103084731","69505281"
"63658","103084731","80129884"
"63659","103084731","57829384"
"63660","103084731","59665143"
"63661","103084731","88676626"
"63662","103084733","92257076"
"63663","103084733","86681227"
"63664","103084733","88669870"
"63665","103087245","57818635"
"63666","103087251","94201382"
"63667","103338672","103502169"
"63668","103338672","78892898"
"63669","103338672","59211843"
"63670","103338672","103343835"
"63671","103338672","71482736"
"63672","103338672","58142145"
"63673","103339801","86679922"
"63674","103339801","67692470"
"63675","103339801","65989047"
"63676","103339801","67690689"
"63677","103339801","58342366"
"63678","103339801","103501922"
"63679","103339801","88619706"
"63680","103339803","97749517"
"63681","103339803","58138687"
"63682","103339803","97747793"
"63683","103342315","88623082"
"63684","103342321","58140533"
"63685","103501922","58140555"
"63686","103501928","104175972"
"63687","103503316","88620993"
"63688","103503316","104171733"
"63689","103503316","97753419"
"63690","103503318","58143030"
"63691","103503318","97748685"
"63692","103503318","103083783"
"63693","103503318","61681975"
"63694","103503318","65804087"
"63695","103503318","61769469"
"63696","103503318","65801624"
"63697","103504447","92444893"
"63698","103504447","97752455"
"63699","103504447","80123081"
"63700","103504447","65987729"
"63701","103504447","92251220"
"63702","104173746","57820680"
"63703","104173746","57820174"
"63704","104173746","88625658"
"63705","104173746","64980163"
"63706","104173746","57821488"
"63707","104173746","59669035"
"63708","104174875","88621007"
"63709","104174875","64914788"
"63710","104174875","103083341"
"63711","104174875","65985797"
"63712","104174875","92442714"
"63713","104174875","92444903"
"63714","104174875","92441353"
"63715","104174877","64914344"
"63716","104174877","103342468"
"63717","104174877","61585522"
"63718","104177389","69504812"
"63719","104177395","94197276"
"63720","57818402","99977296"
"63721","57818403","65801892"
"63722","57818405","71487963"
"63723","57818421","80126157"
"63724","57818428","92252976"
"63725","57818435","96092046"
"63726","57818445","80122538"
"63727","57818582","96093763"
"63728","57818606","62960307"
"63729","57818617","97752252"
"63730","57818626","88673135"
"63731","57818627","64913394"
"63732","57818633","61680673"
"63733","57818634","67689862"
"63734","57819012","104171275"
"63735","57819248","99970980"
"63736","57819263","59658821"
"63737","57819263","88625280"
"63738","57819430","92252013"
"63739","57819440","59668758"
"63740","57819454","97747773"
"63741","57819456","62958073"
"63742","57819470","96097621"
"63743","57819470","99978894"
"63744","57819470","57823104"
"63745","57819474","78894166"
"63746","57819474","61687330"
"63747","57819474","59658562"
"63748","57819483","103495347"
"63749","57819483","67690348"
"63750","57819483","58342283"
"63751","57819487","61768097"
"63752","57819500","94197778"
"63753","57819509","58138939"
"63754","57819513","96093433"
"63755","57819513","61687327"
"63756","57819513","57820889"
"63757","57819522","99973182"
"63758","57819522","88677062"
"63759","57819526","88676381"
"63760","57819526","104172072"
"63761","57819526","104171679"
"63762","57819526","69503196"
"63763","57819527","65987855"
"63764","57819535","96092146"
"63765","57819535","58140023"
"63766","57819535","69507160"
"63767","57819539","103491906"
"63768","57819539","97751328"
"63769","57819539","92441565"
"63770","57819539","92439139"
"63771","57819540","104175073"
"63772","57819544","97753418"
"63773","57819546","71488208"
"63774","57819548","62955646"
"63775","57819552","78890744"
"63776","57819552","97750412"
"63777","57819552","65801975"
"63778","57819552","78894030"
"63779","57819553","59659735"
"63780","57819559","97748082"
"63781","57819561","97751330"
"63782","57819561","99975638"
"63783","57819957","96099317"
"63784","57819957","58151857"
"63785","57819957","67695361"
"63786","57819957","65986123"
"63787","57819967","58139816"
"63788","57819974","64981292"
"63789","57819975","99978786"
"63790","57819980","64979703"
"63791","57820111","58140261"
"63792","57820140","92251298"
"63793","57820168","78889343"
"63794","57820178","103341020"
"63795","57820180","61680325"
"63796","57820187","103342405"
"63797","57820200","92441127"
"63798","57820200","103080201"
"63799","57820207","61579119"
"63800","57820249","103086726"
"63801","57820252","80126882"
"63802","57820265","92251652"
"63803","57820278","88670960"
"63804","57820278","59216207"
"63805","57820400","103502450"
"63806","57820402","104172074"
"63807","57820445","64911979"
"63808","57820634","64977902"
"63809","57820662","64981298"
"63810","57820674","103340922"
"63811","57820806","86684847"
"63812","57820857","58139739"
"63813","57820950","67698524"
"63814","57820981","78893805"
"63815","57820997","92443302"
"63816","57820997","103490519"
"63817","57820997","103087088"
"63818","57821006","103492803"
"63819","57821010","61585083"
"63820","57821012","88673573"
"63821","57821019","97750422"
"63822","57821027","78888236"
"63823","57821036","99970982"
"63824","57821079","103502463"
"63825","57821079","78891708"
"63826","57821305","103492136"
"63827","57821305","57822990"
"63828","57821305","65801707"
"63829","57821438","99977441"
"63830","57821627","104176101"
"63831","57821860","62955761"
"63832","57821904","94201496"
"63833","57821951","80123827"
"63834","57822044","99974235"
"63835","57822275","57820674"
"63836","57822528","59215867"
"63837","57822540","92442699"
"63838","57822541","78896281"
"63839","57822545","86680107"
"63840","57822545","61680674"
"63841","57822713","104177151"
"63842","57822713","86680850"
"63843","57822713","88678071"
"63844","57822713","104170205"
"63845","57822758","58342472"
"63846","57822830","92257957"
"63847","57822835","92251949"
"63848","57822835","97745855"
"63849","57822836","57818591"
"63850","57822845","62959817"
"63851","57822868","69504628"
"63852","57822970","92251213"
"63853","57823074","103502167"
"63854","57823162","103084707"
"63855","57823247","57822538"
"63856","57823248","80123852"
"63857","57823253","96097716"
"63858","57829349","59658216"
"63859","57829365","103340933"
"63860","57829367","67690987"
"63861","57829381","61682075"
"63862","57829381","58341043"
"63863","57829381","58349898"
"63864","57829381","69500467"
"63865","57829381","58349896"
"63866","57829382","96093490"
"63867","57829393","103081867"
"63868","57829393","88674519"
"63869","57829401","58342246"
"63870","57829403","97750466"
"63871","57829503","61768585"
"63872","57829504","96095905"
"63873","57829504","65799249"
"63874","57829504","96097615"
"63875","57829504","58138651"
"63876","57829505","96092343"
"63877","57829506","92254766"
"63878","57829529","86678399"
"63879","57829530","99978198"
"63880","57829530","96096757"
"63881","57829530","62958286"
"63882","57829530","94199406"
"63883","57829530","80127797"
"63884","57829531","96092562"
"63885","57829531","64979723"
"63886","57829533","57822047"
"63887","57829555","57820247"
"63888","58138687","99972404"
"63889","58138688","64912421"
"63890","58138690","92251903"
"63891","58138706","99974524"
"63892","58138713","57819522"
"63893","58138720","62961466"
"63894","58138730","92446206"
"63895","58138867","57823145"
"63896","58138891","103336691"
"63897","58138902","57821148"
"63898","58138911","67695995"
"63899","58138912","88677113"
"63900","58138918","97753539"
"63901","58138919","92440880"
"63902","58139297","57829366"
"63903","58139533","97749342"
"63904","58139548","104177167"
"63905","58139548","80124968"
"63906","58139715","58151931"
"63907","58139725","78890023"
"63908","58139739","62955307"
"63909","58139741","88619032"
"63910","58139755","97749854"
"63911","58139755","92251340"
"63912","58139755","104171613"
"63913","58139759","71490478"
"63914","58139759","61680685"
"63915","58139759","103083824"
"63916","58139768","88622181"
"63917","58139768","104176657"
"63918","58139768","94195675"
"63919","58139772","67696770"
"63920","58139785","61680367"
"63921","58139794","65801030"
"63922","58139798","59669595"
"63923","58139798","65799246"
"63924","58139798","86680212"
"63925","58139807","96097622"
"63926","58139807","103341337"
"63927","58139811","57821334"
"63928","58139811","97747558"
"63929","58139811","65800323"
"63930","58139811","103342951"
"63931","58139812","92445544"
"63932","58139820","67693720"
"63933","58139820","58138957"
"63934","58139820","88670916"
"63935","58139824","62954824"
"63936","58139824","62959211"
"63937","58139824","97751579"
"63938","58139824","96095553"
"63939","58139825","92439676"
"63940","58139829","86684158"
"63941","58139831","92251953"
"63942","58139833","71487929"
"63943","58139837","86679591"
"63944","58139837","71482649"
"63945","58139837","57821027"
"63946","58139837","99975599"
"63947","58139838","64913651"
"63948","58139844","86683040"
"63949","58139846","80123679"
"63950","58139846","65799693"
"63951","58140242","61771540"
"63952","58140242","97752451"
"63953","58140242","67698476"
"63954","58140242","99971075"
"63955","58140252","64912363"
"63956","58140259","57819553"
"63957","58140260","62961456"
"63958","58140265","92251673"
"63959","58140396","99977884"
"63960","58140425","92444874"
"63961","58140453","88676077"
"63962","58140463","88622171"
"63963","58140465","86681773"
"63964","58140472","86680564"
"63965","58140485","65803268"
"63966","58140485","86682177"
"63967","58140492","59217697"
"63968","58140534","71482578"
"63969","58140537","78892076"
"63970","58140550","58140804"
"63971","58140563","94201387"
"63972","58140563","96096757"
"63973","58140685","103081572"
"63974","58140687","78893805"
"63975","58140730","61681567"
"63976","58140919","59668758"
"63977","58140947","61769941"
"63978","58140959","88675667"
"63979","58141091","78892016"
"63980","58141142","103083788"
"63981","58141235","67697251"
"63982","58141266","64913024"
"63983","58141282","94198936"
"63984","58141282","57818798"
"63985","58141282","71487106"
"63986","58141291","103080074"
"63987","58141295","104178020"
"63988","58141297","71489352"
"63989","58141304","99977438"
"63990","58141312","103339739"
"63991","58141321","80125100"
"63992","58141364","104177140"
"63993","58141364","92441427"
"63994","58141590","99977441"
"63995","58141590","58139566"
"63996","58141590","67695481"
"63997","58141723","58340030"
"63998","58141912","92254688"
"63999","58142145","67695699"
"64000","58142189","57822984"
"64001","58142236","59215828"
"64002","58142329","86680082"
"64003","58142560","62959334"
"64004","58142813","61581816"
"64005","58142825","61680588"
"64006","58142826","62955650"
"64007","58142830","62957546"
"64008","58142830","103336829"
"64009","58142998","62955278"
"64010","58142998","103490478"
"64011","58142998","92254688"
"64012","58142998","103502422"
"64013","58143043","69505313"
"64014","58143115","61685852"
"64015","58143120","94202723"
"64016","58143120","97747796"
"64017","58143121","58140500"
"64018","58143130","67695721"
"64019","58143153","103081755"
"64020","58143255","86680179"
"64021","58143359","94203799"
"64022","58143447","88677484"
"64023","58143532","69504540"
"64024","58143533","67692384"
"64025","58143538","104173767"
"64026","58151724","88625049"
"64027","58151740","92257956"
"64028","58151742","65802388"
"64029","58151756","61686769"
"64030","58151756","92445489"
"64031","58151756","65983593"
"64032","58151756","103494385"
"64033","58151756","103334907"
"64034","58151757","103490569"
"64035","58151768","86681681"
"64036","58151768","96094667"
"64037","58151776","57829538"
"64038","58151778","78891049"
"64039","58151878","71488213"
"64040","58151879","96093438"
"64041","58151879","64916695"
"64042","58151879","103084694"
"64043","58151879","97752988"
"64044","58151880","103341049"
"64045","58151881","58341720"
"64046","58151904","58141722"
"64047","58151905","58141266"
"64048","58151905","61583834"
"64049","58151905","86681837"
"64050","58151905","97750325"
"64051","58151905","65987703"
"64052","58151906","71486316"
"64053","58151906","71487134"
"64054","58151908","96091572"
"64055","58151930","86678388"
"64056","58336134","94201601"
"64057","58336134","71487340"
"64058","58339829","97752947"
"64059","58339938","57818690"
"64060","58339971","65990160"
"64061","58339980","65799361"
"64062","58339981","97750458"
"64063","58339987","88672681"
"64064","58340236","69504657"
"64065","58340568","57819731"
"64066","58340578","58271943"
"64067","58340607","65802392"
"64068","58340617","104171617"
"64069","58340637","99978330"
"64070","58340647","86680209"
"64071","58340657","58139735"
"64072","58340657","58141312"
"64073","58340657","94203352"
"64074","58340667","103340961"
"64075","58340667","61682056"
"64076","58340667","67697250"
"64077","58340676","96091454"
"64078","58341024","69506240"
"64079","58341024","103082263"
"64080","58341024","58141223"
"64081","58341185","61581056"
"64082","58341214","92251937"
"64083","58341243","103081313"
"64084","58341253","99973379"
"64085","58341255","96092916"
"64086","58341280","88619857"
"64087","58341320","96095729"
"64088","58341469","58139972"
"64089","58341471","61680477"
"64090","58341679","69505284"
"64091","58341719","97750449"
"64092","58341852","104176929"
"64093","58341903","88676151"
"64094","58342027","97749622"
"64095","58342055","103086534"
"64096","58342340","58142021"
"64097","58342340","97749349"
"64098","58342340","67693007"
"64099","58342473","59667523"
"64100","58342889","104176520"
"64101","58342933","58151749"
"64102","58343544","61774650"
"64103","58343545","96092343"
"64104","58343549","96097537"
"64105","58343549","59669801"
"64106","58343825","69507202"
"64107","58343826","61584835"
"64108","58343947","67690692"
"64109","58344207","92442731"
"64110","58344208","64977803"
"64111","58344213","94202650"
"64112","58350163","96097511"
"64113","58350195","64910085"
"64114","58350195","92256357"
"64115","58350195","94203793"
"64116","58350207","58138961"
"64117","58350207","86685055"
"64118","58350215","103340952"
"64119","58350367","64984796"
"64120","59217698","104174721"
"64121","59217698","69500445"
"64122","59217698","86684779"
"64123","59217698","92252971"
"64124","59217698","103339763"
"64125","59217700","103503137"
"64126","59217700","97747553"
"64127","59217700","88669853"
"64128","59669801","96094647"
"64129","59669802","61773787"
"64130","59671054","88623263"
"64131","59671054","92251929"
"64132","59671054","96097260"
"64133","59671054","88621044"
"64134","59671054","62960515"
"64135","59671054","80126055"
"64136","59671056","103502448"
"64137","59671056","104172407"
"64138","59671056","96097618"
"64139","61586181","97752104"
"64140","61586181","62962063"
"64141","61586181","61685890"
"64142","61586181","103336941"
"64143","61586181","103081847"
"64144","61586183","88669800"
"64145","61586183","78894718"
"64146","61586183","92441526"
"64147","61680642","58139581"
"64148","61680684","80123699"
"64149","61681973","97745838"
"64150","61681973","97751733"
"64151","61682000","69503634"
"64152","61682000","94198169"
"64153","61682000","61771162"
"64154","61682000","67696761"
"64155","61682000","80122525"
"64156","61682000","64983139"
"64157","61682000","57820162"
"64158","61682002","103490442"
"64159","61682002","58151914"
"64160","61682002","88622265"
"64161","61768546","61683599"
"64162","61768588","86683078"
"64163","61769871","67697378"
"64164","61769871","62955650"
"64165","61769898","96094627"
"64166","61769898","99977208"
"64167","61769898","94197062"
"64168","61769898","88626804"
"64169","61769898","92250247"
"64170","61769898","103082585"
"64171","61769898","78895329"
"64172","61769900","57821762"
"64173","61769900","58142009"
"64174","61769900","65982880"
"64175","62960472","58344106"
"64176","62960515","88677487"
"64177","62961879","96097867"
"64178","62961879","71487497"
"64179","62961914","103492232"
"64180","62961914","103088570"
"64181","62961914","58341287"
"64182","62961914","92440851"
"64183","62961914","103336538"
"64184","62961914","61768397"
"64185","62961914","103337301"
"64186","62961916","88625120"
"64187","62961916","65989584"
"64188","62961916","103087110"
"64189","64915090","99974711"
"64190","64915133","104173387"
"64191","64916571","58141618"
"64192","64916571","96099222"
"64193","64916607","71489350"
"64194","64916607","92257330"
"64195","64916607","92255970"
"64196","64916607","96092738"
"64197","64916607","58141533"
"64198","64916607","80129664"
"64199","64916607","96095712"
"64200","64916609","69502301"
"64201","64916609","78894076"
"64202","64916609","94203484"
"64203","64984749","58141620"
"64204","64984749","59214177"
"64205","64984749","58140831"
"64206","64984749","103338705"
"64207","64984749","88672264"
"64208","64984751","67695462"
"64209","64984751","92445342"
"64210","64984751","57821978"
"64211","65802550","96092086"
"64212","65802593","99978789"
"64213","65804052","96093463"
"64214","65804052","65801024"
"64215","65804088","94201961"
"64216","65804088","86681227"
"64217","65804088","92251340"
"64218","65804088","78892888"
"64219","65804088","103504486"
"64220","65804088","58272243"
"64221","65804088","59670427"
"64222","65804090","61680484"
"64223","65804090","71488100"
"64224","65804090","65799273"
"64225","65988042","61585752"
"64226","65989481","59668788"
"64227","65989517","59659737"
"64228","65989517","103494782"
"64229","65989517","103085878"
"64230","65989517","71484929"
"64231","65989517","88672050"
"64232","65989517","88620992"
"64233","65989519","104177418"
"64234","65989519","58138636"
"64235","65989519","99976813"
"64236","67695685","103504416"
"64237","67695728","88619641"
"64238","67697216","88618997"
"64239","67697216","104170217"
"64240","67697216","103337957"
"64241","67697252","61584691"
"64242","67697252","103491990"
"64243","67697252","92252172"
"64244","67697252","94197378"
"64245","67697252","103336541"
"64246","67697252","92251851"
"64247","67697252","86681226"
"64248","67697254","65799287"
"64249","67697254","104174812"
"64250","67697254","92255902"
"64251","69505491","61585459"
"64252","69505534","80129512"
"64253","69507076","65802278"
"64254","69507076","86678424"
"64255","69507076","104171362"
"64256","69507076","59665206"
"64257","69507112","59670419"
"64258","69507112","94201388"
"64259","69507112","96096794"
"64260","69507112","65799273"
"64261","69507112","92255881"
"64262","69507112","103490519"
"64263","69507112","86683038"
"64264","69507114","80125784"
"64265","69507114","69499905"
"64266","69507114","99978042"
"64267","71488173","65800587"
"64268","71488216","69503056"
"64269","71489775","71488931"
"64270","71489775","96094733"
"64271","71489775","67696795"
"64272","71489775","61768388"
"64273","71489775","58340574"
"64274","71489775","65801888"
"64275","71489811","65800184"
"64276","71489811","86684131"
"64277","71489811","86681768"
"64278","71489811","57820380"
"64279","71489811","59217689"
"64280","71489811","69507114"
"64281","71489811","86679885"
"64282","71489813","88671545"
"64283","71489813","86680262"
"64284","71489813","64983093"
"64285","78891806","80128537"
"64286","78891806","80123828"
"64287","78891806","92255947"
"64288","78891806","103341587"
"64289","78891806","92445871"
"64290","78891806","62955301"
"64291","78892936","88620552"
"64292","78892936","58342343"
"64293","78892936","103504444"
"64294","78892936","103340929"
"64295","78892936","103341045"
"64296","78892936","92446285"
"64297","78892936","64914849"
"64298","78892938","65804067"
"64299","78892938","59670356"
"64300","78892938","103086569"
"64301","78895452","78892096"
"64302","78895458","58334500"
"64303","80122422","97750406"
"64304","80122428","64977549"
"64305","80124942","94197286"
"64306","80124942","57822255"
"64307","80124942","69505308"
"64308","80124944","92441545"
"64309","80124944","103336933"
"64310","80124944","61578690"
"64311","80124944","103087334"
"64312","80124944","58335358"
"64313","80124944","92440406"
"64314","80124944","65802495"
"64315","80126074","103502349"
"64316","80126074","80126157"
"64317","80126074","103082743"
"64318","80126074","88672736"
"64319","80126074","86685594"
"64320","80126074","86683933"
"64321","86681935","69506657"
"64322","86681935","88625660"
"64323","86681935","103502085"
"64324","86681935","58139219"
"64325","86681935","59215049"
"64326","86681935","64915863"
"64327","86683064","57819561"
"64328","86683064","103085824"
"64329","86683064","104172655"
"64330","86683064","61774539"
"64331","86683064","92256607"
"64332","86683064","86680794"
"64333","86683064","103338511"
"64334","86683066","92257286"
"64335","86683066","58141318"
"64336","86683066","96092960"
"64337","86685580","99975519"
"64338","86685586","104171275"
"64339","88619617","57820950"
"64340","88619623","86680087"
"64341","88622137","103338741"
"64342","88622137","104177637"
"64343","88622137","96092914"
"64344","88622139","97747741"
"64345","88622139","97750415"
"64346","88622139","88625740"
"64347","88622139","65797400"
"64348","88622139","65801508"
"64349","88622139","99972390"
"64350","88622139","88677661"
"64351","88623268","103341839"
"64352","88623268","57820127"
"64353","88623268","62960510"
"64354","88623268","64984094"
"64355","88623268","103491840"
"64356","88623268","58141270"
"64357","88673389","69504727"
"64358","88673389","104176618"
"64359","88673389","58138899"
"64360","88673389","104176017"
"64361","88673389","92251946"
"64362","88673389","67697334"
"64363","88674518","97751709"
"64364","88674518","103491499"
"64365","88674518","61768091"
"64366","88674518","58350200"
"64367","88674518","58138875"
"64368","88674518","71487247"
"64369","88674518","58143146"
"64370","88674520","58143123"
"64371","88674520","67696769"
"64372","88674520","58142969"
"64373","88677034","80127179"
"64374","88677040","58341320"
"64375","92253685","65989565"
"64376","92253685","57823009"
"64377","92253685","57820189"
"64378","92253685","86684212"
"64379","92253685","78892329"
"64380","92253685","88675767"
"64381","92254814","88674517"
"64382","92254814","92257076"
"64383","92254814","88619132"
"64384","92254814","57819783"
"64385","92254814","59216484"
"64386","92254814","61768385"
"64387","92254814","80118925"
"64388","92254816","58349882"
"64389","92254816","103501928"
"64390","92254816","92251896"
"64391","92257330","57820469"
"64392","92257336","103341543"
"64393","92440161","57821079"
"64394","92440167","88670997"
"64395","92442681","59213860"
"64396","92442681","97747802"
"64397","92442681","65799247"
"64398","92442683","57829529"
"64399","92442683","94202090"
"64400","92442683","92439116"
"64401","92442683","86683039"
"64402","92442683","86684862"
"64403","92442683","92441569"
"64404","92442683","65982959"
"64405","92443812","57819527"
"64406","92443812","104176541"
"64407","92443812","103503327"
"64408","92443812","104172683"
"64409","92443812","61585535"
"64410","94199117","78892894"
"64411","94199117","65988692"
"64412","94199117","92447232"
"64413","94199117","88623449"
"64414","94199117","92442667"
"64415","94199117","61682043"
"64416","94200246","103081771"
"64417","94200246","64977843"
"64418","94200246","103337583"
"64419","94200246","99978192"
"64420","94200246","103338680"
"64421","94200246","78895542"
"64422","94200246","103087704"
"64423","94200248","99977639"
"64424","94200248","80123235"
"64425","94200248","64914482"
"64426","94202762","61682589"
"64427","94202768","62959869"
"64428","96092888","88622177"
"64429","96092888","64913586"
"64430","96092888","58272322"
"64431","96092888","59213399"
"64432","96092888","58336024"
"64433","96092888","58141471"
"64434","96092888","80128456"
"64435","96092888","61772615"
"64436","96092888","92441328"
"64437","96092888","58140932"
"64438","96092888","62959340"
"64439","96092888","78891454"
"64440","96092888","97747443"
"64441","96092888","97749858"
"64442","96092888","86680264"
"64443","96092888","103494095"
"64444","96092888","58138699"
"64445","96092888","86679470"
"64446","96092955","58340662"
"64447","96092959","71486631"
"64448","96092960","58342080"
"64449","96093024","71488214"
"64450","96093024","61686782"
"64451","96093024","88625018"
"64452","96093360","94198902"
"64453","96093504","61583118"
"64454","96093504","71483043"
"64455","96093504","61680488"
"64456","96093504","86683026"
"64457","96093504","57819760"
"64458","96093504","69506637"
"64459","96093504","97751578"
"64460","96093504","92439721"
"64461","96093504","103338165"
"64462","96093504","61768381"
"64463","96093504","58151763"
"64464","96093504","78890764"
"64465","96093504","57819738"
"64466","96093504","92445660"
"64467","96093504","99970999"
"64468","96093504","103082540"
"64469","96093504","64911923"
"64470","96093504","103337915"
"64471","96093504","57819748"
"64472","96093504","104177024"
"64473","96093504","78896081"
"64474","96093504","99976518"
"64475","96093504","61682077"
"64476","96093504","96097689"
"64477","96093504","94201419"
"64478","96093504","92444820"
"64479","96093504","57829388"
"64480","96093504","65803264"
"64481","96093504","71487913"
"64482","96093504","57821644"
"64483","96093504","96091577"
"64484","96094667","92250166"
"64485","96094667","94200076"
"64486","96094667","86679870"
"64487","96094667","59669594"
"64488","96094667","58151886"
"64489","96094667","86685119"
"64490","96095894","64915104"
"64491","96095948","103087007"
"64492","96095951","97753560"
"64493","96096448","96094776"
"64494","96096448","88618362"
"64495","96096448","86682088"
"64496","96096448","69500367"
"64497","96096448","99977230"
"64498","96096449","67694797"
"64499","96096449","92443800"
"64500","96097473","86679568"
"64501","96097481","78894799"
"64502","96097514","65802593"
"64503","96097523","92447257"
"64504","96097615","71482313"
"64505","96099167","103080225"
"64506","96099167","62955144"
"64507","96099167","92447623"
"64508","96099167","104176007"
"64509","96099167","57821050"
"64510","96099167","86685749"
"64511","96099167","64915862"
"64512","96099167","97753005"
"64513","96099167","94195583"
"64514","96099167","96095445"
"64515","96099167","71485473"
"64516","96099167","58140536"
"64517","96099167","92440819"
"64518","96099167","92443971"
"64519","96099167","58138918"
"64520","96099167","57829367"
"64521","96099167","58142583"
"64522","96099167","58140159"
"64523","96099167","58141017"
"64524","96099167","67695518"
"64525","96099167","96094600"
"64526","96099167","104176124"
"64527","96099167","64914093"
"64528","96099167","97753993"
"64529","96099167","58139232"
"64530","96099167","92251220"
"64531","96099167","58140691"
"64532","96099167","96097513"
"64533","96099167","104176617"
"64534","96099167","69505313"
"64535","96099167","86684797"
"64536","96099167","64914892"
"64537","96099167","64912053"
"64538","96099167","57819732"
"64539","96099167","88674719"
"64540","96099167","103338413"
"64541","96099167","103080201"
"64542","96099167","69499922"
"64543","96099167","99971143"
"64544","96099167","58342419"
"64545","96099167","104176021"
"64546","96099167","80124985"
"64547","96099167","88673421"
"64548","96099167","103503363"
"64549","96099167","59659875"
"64550","96099167","61774931"
"64551","96099167","103081751"
"64552","96099167","94202287"
"64553","96099167","58140712"
"64554","96099167","94202512"
"64555","96099167","104176110"
"64556","97745940","88671857"
"64557","97745940","99977639"
"64558","97745940","58141590"
"64559","97745940","104176599"
"64560","97745940","65984864"
"64561","97745940","80122952"
"64562","97745940","97752250"
"64563","97745940","64910694"
"64564","97745940","103085955"
"64565","97745940","80129508"
"64566","97745940","65983676"
"64567","97745940","58144318"
"64568","97745940","92256484"
"64569","97745940","94202220"
"64570","97745940","88674492"
"64571","97745940","78894673"
"64572","97745940","78894004"
"64573","97745940","78890743"
"64574","97745940","61683843"
"64575","97745940","88669817"
"64576","97745940","86681769"
"64577","97745940","97749336"
"64578","97745940","94197265"
"64579","97745940","64984738"
"64580","97745940","88669878"
"64581","97745940","78890068"
"64582","97745940","92255926"
"64583","97745940","61684496"
"64584","97745940","86684222"
"64585","97745940","58151911"
"64586","97745940","103338506"
"64587","97745940","61684488"
"64588","97745940","61772275"
"64589","97745940","61682062"
"64590","97745940","94200228"
"64591","97745940","99975633"
"64592","97745940","88676262"
"64593","97745940","96094617"
"64594","97745940","104171311"
"64595","97745940","78891520"
"64596","97745940","67694842"
"64597","97745940","103087300"
"64598","97745940","104171691"
"64599","97745940","103085822"
"64600","97745940","97747544"
"64601","97745940","57818716"
"64602","97745940","65982828"
"64603","97745940","59217022"
"64604","97747451","65804138"
"64605","97747543","96097544"
"64606","97747552","80122255"
"64607","97747585","103336345"
"64608","97747593","97747498"
"64609","97748616","104178108"
"64610","97748616","96093732"
"64611","97748617","78888408"
"64612","97748617","59217025"
"64613","97748617","69504824"
"64614","97748617","96097506"
"64615","97748617","61680484"
"64616","97749114","92251330"
"64617","97749117","58340578"
"64618","97749171","88673174"
"64619","97750398","103082511"
"64620","97750398","92443800"
"64621","97750398","67693747"
"64622","97750398","80124045"
"64623","97750398","88676244"
"64624","97750398","58140549"
"64625","97751560","57821626"
"64626","97751560","78892895"
"64627","97751560","64914933"
"64628","97751560","65982810"
"64629","97751560","86684284"
"64630","97751560","97753061"
"64631","97751560","88623199"
"64632","97751560","69500076"
"64633","97751560","57820904"
"64634","97751560","62955208"
"64635","97751560","64979739"
"64636","97751560","94202408"
"64637","97751560","57819869"
"64638","97751560","59659877"
"64639","97751560","94196729"
"64640","97751560","71483110"
"64641","97751560","64914646"
"64642","97751560","58140736"
"64643","97751560","59216207"
"64644","97751560","58143533"
"64645","97751560","67692400"
"64646","97751560","97752109"
"64647","97751560","97749834"
"64648","97751560","61684389"
"64649","97751560","58141411"
"64650","97751560","92257336"
"64651","97751560","58140267"
"64652","97751560","99972404"
"64653","97751560","61579083"
"64654","97751560","59669315"
"64655","97751560","65803636"
"64656","97751704","78895215"
"64657","97752040","65804124"
"64658","97752040","86684735"
"64659","97752104","92256558"
"64660","97752105","62961148"
"64661","97752109","78896016"
"64662","97752176","88619586"
"64663","97752176","92255932"
"64664","97752176","92257049"
"64665","97752176","78894739"
"64666","97752176","57820247"
"64667","97752176","61680397"
"64668","97752176","99977297"
"64669","97752176","92442737"
"64670","97752176","58342315"
"64671","97752176","65988282"
"64672","97752176","67696758"
"64673","97752176","92440153"
"64674","97752176","88625647"
"64675","97752176","88620413"
"64676","97752176","97752003"
"64677","97752176","104173924"
"64678","97752176","58143009"
"64679","97752176","97751602"
"64680","99971130","78889446"
"64681","99971130","97752194"
"64682","99971130","78892953"
"64683","99971130","64913239"
"64684","99971130","65984855"
"64685","99971130","59211869"
"64686","99971130","69506269"
"64687","99971130","61686413"
"64688","99971130","103087194"
"64689","99971130","97749351"
"64690","99971130","78894798"
"64691","99971130","104174873"
"64692","99971130","78894523"
"64693","99971130","88620146"
"64694","99971130","88677591"
"64695","99971130","58343826"
"64696","99971130","92256611"
"64697","99971130","88674487"
"64698","99971130","86681179"
"64699","99971130","104170369"
"64700","99971130","57822094"
"64701","99971130","62957200"
"64702","99971130","88675663"
"64703","99971130","71483024"
"64704","99971130","103502429"
"64705","99971130","92256485"
"64706","99971130","103086437"
"64707","99971130","71487509"
"64708","99971130","96093340"
"64709","99971130","104177833"
"64710","99971130","88676165"
"64711","99971130","57819458"
"64712","99971130","64911992"
"64713","99971130","58141616"
"64714","99971130","59214994"
"64715","99971130","65799360"
"64716","99971130","69507093"
"64717","99971130","65982836"
"64718","99971130","96095737"
"64719","99971130","99975594"
"64720","99971130","65983234"
"64721","99971130","62958390"
"64722","99971130","96092339"
"64723","99971130","65987429"
"64724","99971130","97752938"
"64725","99971130","57818590"
"64726","99971130","61772100"
"64727","99971130","58142899"
"64728","99972641","67695683"
"64729","99972733","61771446"
"64730","99972742","58142899"
"64731","99972775","57822732"
"64732","99972783","59670419"
"64733","99973806","78896176"
"64734","99973806","99975479"
"64735","99973807","88625104"
"64736","99973807","92250267"
"64737","99973807","96091498"
"64738","99973807","59668237"
"64739","99973807","57820640"
"64740","99974304","92251213"
"64741","99974307","103490570"
"64742","99974361","78894068"
"64743","99975588","104176029"
"64744","99975588","103492136"
"64745","99975588","92256646"
"64746","99975588","58339829"
"64747","99975588","97747597"
"64748","99975588","59217084"
"64749","99976750","97750418"
"64750","99976750","88671649"
"64751","99976750","88626712"
"64752","99976750","92251210"
"64753","99976750","61583618"
"64754","99976750","86680094"
"64755","99976750","86680101"
"64756","99976750","97748616"
"64757","99976750","86684237"
"64758","99976750","58142212"
"64759","99976750","97745774"
"64760","99976750","64915138"
"64761","99976750","96094659"
"64762","99976750","86679904"
"64763","99976750","59211474"
"64764","99976750","96093350"
"64765","99976750","103501694"
"64766","99976750","61772051"
"64767","99976750","86685240"
"64768","99976750","99972972"
"64769","99976750","88622128"
"64770","99976750","99975607"
"64771","99976750","65801890"
"64772","99976750","57822835"
"64773","99976750","86681968"
"64774","99976750","103084737"
"64775","99976750","64911956"
"64776","99976750","64977574"
"64777","99976750","58139820"
"64778","99976750","97747802"
"64779","99976750","61680367"
"64780","99976894","92257838"
"64781","99977230","94200263"
"64782","99977230","64984321"
"64783","99977294","94202844"
"64784","99977295","94197361"
"64785","99977299","64977479"
"64786","99977366","88624945"
"64787","99977366","103081759"
"64788","99977366","61683999"
"64789","99977366","104176617"
"64790","99977366","97751733"
"64791","99977366","57819687"
"64792","99977366","104173033"
"64793","99977366","61585532"
"64794","99977366","103494564"
"64795","99977366","97750411"
"64796","99977366","62955302"
"64797","99977366","94201372"
"64798","99977366","57818938"
"64799","99977366","104173531"
"64800","99977366","92446202"
"64801","99977366","88673388"
"64802","99977366","61768235"
"64803","99977366","92445594"
"64804","57821210","61687325"
"64805","57821303","103080243"
"64806","57821303","58140541"
"64807","57821303","64913592"
"64808","57821315","96096598"
"64809","57821315","92447622"
"64810","57821439","58140532"
"64811","58141495","94200260"
"64812","58141588","99979490"
"64813","58141588","65988773"
"64814","58141588","88623482"
"64815","58141600","58142840"
"64816","58141600","88620583"
"64817","58141724","69503400"
"64818","58342245","61775203"
"64819","58342338","58141723"
"64820","58342338","61683753"
"64821","58342338","103086528"
"64822","58342350","78891460"
"64823","58342350","104173777"
"64824","58342474","103335172"
"64825","96095896","86685477"
"64826","96097285","65983321"
"64827","96097286","99973267"
"64828","96097289","103336821"
"64829","96097290","99978912"
"64830","96097406","58340626"
"64831","96097406","58342367"
"64832","96097474","65801376"
"64833","96097482","92443923"
"64834","97747584","94202802"
"64835","97747592","80126420"
"64836","97747660","62955645"
"64837","97747660","64983401"
"64838","97747776","80122422"
"64839","97747777","61680379"
"64840","97747780","64915056"
"64841","97747781","96093360"
"64842","97749169","104174857"
"64843","99972774","86678519"
"64844","99972782","99975664"
"64845","99972850","80122511"
"64846","99972850","57823248"
"64847","99972966","57818402"
"64848","99972967","103340960"
"64849","99972970","104172489"
"64850","99972971","92442677"
"64851","99974359","99974014"
"64852","103082049","103492236"
"64853","103082049","69499954"
"64854","103082049","99972392"
"64855","103082049","86678518"
"64856","103082049","103494518"
"64857","103082049","92443523"
"64858","103082049","103336545"
"64859","103082049","92257275"
"64860","103082053","58342218"
"64861","103082053","94197567"
"64862","103082053","64982454"
"64863","103082053","58335365"
"64864","103082053","58140492"
"64865","103082053","97746857"
"64866","103082053","61771544"
"64867","103082053","88671434"
"64868","103082053","58143390"
"64869","103337119","104172702"
"64870","103337119","80126005"
"64871","103337119","64983127"
"64872","103337119","103340940"
"64873","103337119","58139729"
"64874","103337119","59217074"
"64875","103337119","103503340"
"64876","103337119","57820541"
"64877","103337123","80121212"
"64878","103337123","71487913"
"64879","103337123","64912794"
"64880","103337123","71482737"
"64881","103337123","67696776"
"64882","103337123","97750419"
"64883","103337123","104171907"
"64884","103337123","57820959"
"64885","103337123","104176127"
"64886","103492418","58140447"
"64887","103492418","97746857"
"64888","103492418","80123787"
"64889","103492418","92444526"
"64890","103492418","65987835"
"64891","103492418","80128458"
"64892","103492418","62960507"
"64893","103492418","92255981"
"64894","103492422","103085879"
"64895","103492422","78894672"
"64896","103492422","71485953"
"64897","103492422","94196773"
"64898","103492422","57818811"
"64899","103492422","88673396"
"64900","103492422","96094615"
"64901","103492422","59665178"
"64902","103492422","92257780"
"64903","104172193","94198955"
"64904","104172193","94202051"
"64905","104172193","69506232"
"64906","104172193","58151905"
"64907","104172193","58139108"
"64908","104172193","99972966"
"64909","104172193","92250240"
"64910","104172193","99977434"
"64911","104172197","59665187"
"64912","104172197","69503634"
"64913","104172197","103338825"
"64914","104172197","103340916"
"64915","104172197","69505379"
"64916","104172197","103503380"
"64917","104172197","58138911"
"64918","104172197","57821125"
"64919","104172197","92257965"
"64920","57821209","57820208"
"64921","57821304","65988031"
"64922","57821304","62960505"
"64923","57821304","96092921"
"64924","57821304","64983095"
"64925","57821313","104176036"
"64926","57821326","97753017"
"64927","57821326","86679885"
"64928","57821326","88671712"
"64929","57821440","65801498"
"64930","58141494","71489879"
"64931","58141589","104171696"
"64932","58141589","103335308"
"64933","58141589","104178013"
"64934","58141589","61772395"
"64935","58141598","88671565"
"64936","58141611","88625280"
"64937","58141611","94201938"
"64938","58141611","103085975"
"64939","58141725","57829509"
"64940","58342244","61775291"
"64941","58342339","57821336"
"64942","58342339","65801895"
"64943","58342339","96091368"
"64944","58342339","96094633"
"64945","58342348","71487500"
"64946","58342361","103080211"
"64947","58342361","78892022"
"64948","58342361","92443911"
"64949","58342475","58343714"
"64950","59214215","80123393"
"64951","59214215","97751590"
"64952","59214219","64910685"
"64953","59667507","78894048"
"64954","59667507","57829401"
"64955","59667507","71487490"
"64956","59667507","64915373"
"64957","59667507","104176021"
"64958","59667511","104174744"
"64959","59667511","99975666"
"64960","59667511","58340656"
"64961","59667511","96096068"
"64962","61581854","57829412"
"64963","61581854","61581833"
"64964","61581858","58142073"
"64965","61686666","88672050"
"64966","61686666","97751574"
"64967","61686666","88622150"
"64968","61686666","86683023"
"64969","61686666","86685600"
"64970","61686670","65802891"
"64971","61686670","86679922"
"64972","61686670","62960314"
"64973","61686670","92260300"
"64974","61686670","103342797"
"64975","61774559","92251929"
"64976","61774559","92258382"
"64977","61774559","99978337"
"64978","61774559","88677083"
"64979","61774559","58340240"
"64980","61774563","99975048"
"64981","61774563","99976792"
"64982","61774563","62958070"
"64983","61774563","103503304"
"64984","61774563","80121607"
"64985","62957967","88676382"
"64986","62957967","103085867"
"64987","62957967","57820671"
"64988","62957967","69504827"
"64989","62957967","97746965"
"64990","62957967","103494813"
"64991","62957967","59213380"
"64992","62957971","65801947"
"64993","62957971","67694795"
"64994","62957971","78894045"
"64995","62957971","99978017"
"64996","62957971","88669853"
"64997","62957971","78890256"
"64998","62957971","104173037"
"64999","64912790","65797277"
"65000","64912790","57821725"
"65001","64912790","103083294"
"65002","64912790","71488217"
"65003","64912790","57829384"
"65004","64912790","88676480"
"65005","64912790","88677040"
"65006","64912794","88669811"
"65007","64912794","97749610"
"65008","64912794","88625743"
"65009","64912794","97745940"
"65010","64912794","80124932"
"65011","64912794","64914105"
"65012","64912794","96095729"
"65013","64980519","99973812"
"65014","64980519","103080074"
"65015","64980523","88626702"
"65016","65800221","65985320"
"65017","65800221","96094637"
"65018","65800221","62959493"
"65019","65800221","62955573"
"65020","65800221","80122948"
"65021","65800221","88625740"
"65022","65800221","65987260"
"65023","65800221","69505133"
"65024","65800225","92253863"
"65025","65800225","78890056"
"65026","65800225","92444954"
"65027","65800225","86679591"
"65028","65800225","96095494"
"65029","65800225","86683028"
"65030","65800225","61581059"
"65031","65800225","97751513"
"65032","65800225","57818798"
"65033","65985694","97751715"
"65034","65985694","97754661"
"65035","65985694","57819067"
"65036","65985694","104173505"
"65037","65985694","67695009"
"65038","65985694","57823009"
"65039","65985698","57823247"
"65040","65985698","103502342"
"65041","65985698","61680640"
"65042","65985698","71484974"
"65043","65985698","61578753"
"65044","65985698","71487965"
"65045","67693332","88622202"
"65046","67693332","78894088"
"65047","67693332","103081131"
"65048","67693332","88676371"
"65049","67693332","103082511"
"65050","67693332","57819441"
"65051","67693332","78894680"
"65052","67693332","97752929"
"65053","67693336","62961994"
"65054","67693336","99973806"
"65055","67693336","65984817"
"65056","67693336","88674473"
"65057","67693336","96094659"
"65058","67693336","64984100"
"65059","67693336","96093448"
"65060","67693336","99973642"
"65061","67693336","99977318"
"65062","69503120","57821797"
"65063","69503120","104179133"
"65064","69503120","67697921"
"65065","69503120","61768546"
"65066","69503120","62959819"
"65067","69503120","65987697"
"65068","69503120","94202772"
"65069","69503120","96098203"
"65070","69503124","65804739"
"65071","69503124","88622122"
"65072","69503124","103339783"
"65073","69503124","96096021"
"65074","69503124","99976750"
"65075","69503124","99972750"
"65076","69503124","78889439"
"65077","69503124","61584561"
"65078","69503124","96092237"
"65079","71485801","71484819"
"65080","71485801","58342193"
"65081","71485801","57818421"
"65082","71485801","103336605"
"65083","71485801","65800336"
"65084","71485801","103087245"
"65085","71485801","88622977"
"65086","71485801","99972742"
"65087","71485805","97750408"
"65088","71485805","103503363"
"65089","71485805","58281565"
"65090","71485805","62955291"
"65091","71485805","65798102"
"65092","71485805","65801023"
"65093","71485805","58140635"
"65094","71485805","61685834"
"65095","71485805","88669988"
"65096","78890252","69507229"
"65097","78890252","67695725"
"65098","78890252","94198033"
"65099","78890252","96097570"
"65100","78890252","69507111"
"65101","78890252","65804136"
"65102","78890252","71487510"
"65103","78890252","97753993"
"65104","78890256","61684419"
"65105","78890256","58138688"
"65106","78890256","80127796"
"65107","78890256","96091577"
"65108","78890256","61687343"
"65109","78890256","57829443"
"65110","78890256","92447349"
"65111","78890256","104177264"
"65112","78890256","103087792"
"65113","80127624","103336845"
"65114","80127624","99972971"
"65115","80127624","103495801"
"65116","80127624","92443602"
"65117","80127624","69499978"
"65118","80127624","97747201"
"65119","80127624","61774585"
"65120","80127624","104173231"
"65121","80127624","67694647"
"65122","80127628","78891157"
"65123","80127628","58140301"
"65124","80127628","65797385"
"65125","80127628","97745802"
"65126","80127628","103086993"
"65127","80127628","103336278"
"65128","80127628","57819518"
"65129","80127628","103494851"
"65130","86680381","61768092"
"65131","86680381","99977912"
"65132","86680381","65801893"
"65133","86680381","86683065"
"65134","86680381","65802496"
"65135","86680381","103492222"
"65136","86680381","92257188"
"65137","86680381","61585758"
"65138","86680385","57818591"
"65139","86680385","104171408"
"65140","86680385","96092295"
"65141","86680385","71489877"
"65142","86680385","88621008"
"65143","86680385","103085886"
"65144","86680385","103502182"
"65145","86680385","58140535"
"65146","86680385","88620519"
"65147","88624818","96097237"
"65148","88624818","65802582"
"65149","88624818","65987836"
"65150","88624818","92254753"
"65151","88624818","67694499"
"65152","88624818","92254685"
"65153","88624818","86679550"
"65154","88624818","94202061"
"65155","88624818","92256786"
"65156","88624822","97747199"
"65157","88624822","99978039"
"65158","88624822","57818612"
"65159","88624822","97753176"
"65160","88624822","103502447"
"65161","88624822","103086522"
"65162","88624822","94200209"
"65163","88624822","88671011"
"65164","88671835","57821384"
"65165","88671835","99972996"
"65166","88671835","65802731"
"65167","88671835","58343547"
"65168","88671835","59671083"
"65169","88671835","59215820"
"65170","88671835","58141669"
"65171","88671835","58340943"
"65172","88671839","94197143"
"65173","88671839","92441510"
"65174","88671839","78892948"
"65175","88671839","80124983"
"65176","88671839","104170373"
"65177","88671839","65988038"
"65178","88671839","88623974"
"65179","88671839","57821864"
"65180","88671839","71487121"
"65181","92252131","104176095"
"65182","92252131","96094623"
"65183","92252131","57820523"
"65184","92252131","59215820"
"65185","92252131","57823133"
"65186","92252131","61582258"
"65187","92252131","80126585"
"65188","92252131","92251300"
"65189","92252135","92257959"
"65190","92252135","65799755"
"65191","92252135","94202367"
"65192","92252135","94198011"
"65193","92252135","103336171"
"65194","92252135","58340945"
"65195","92252135","65800188"
"65196","92252135","64909970"
"65197","92252135","58151907"
"65198","92445362","103491587"
"65199","92445362","96094649"
"65200","92445362","64984094"
"65201","92445362","99976737"
"65202","92445362","62959720"
"65203","92445362","96099167"
"65204","92445362","94201783"
"65205","92445362","67696445"
"65206","92445362","71487544"
"65207","92445366","67695357"
"65208","92445366","58143294"
"65209","92445366","80127905"
"65210","92445366","58142010"
"65211","92445366","61680615"
"65212","92445366","61578723"
"65213","92445366","88674476"
"65214","92445366","92440537"
"65215","94197563","58341280"
"65216","94197563","80126782"
"65217","94197563","103501553"
"65218","94197563","97748240"
"65219","94197563","99977357"
"65220","94197563","71489777"
"65221","94197563","99972063"
"65222","94197563","64912754"
"65223","94197567","58341288"
"65224","94197567","65987836"
"65225","94197567","61686770"
"65226","94197567","88620983"
"65227","94197567","65989566"
"65228","94197567","80124945"
"65229","94197567","65982496"
"65230","94197567","96092615"
"65231","94197567","103087288"
"65232","96097263","86686044"
"65233","96097267","80129488"
"65234","96097562","61681975"
"65235","96097565","57821437"
"65236","96097566","58139846"
"65237","96097570","92257205"
"65238","96097570","104176656"
"65239","97747496","86684205"
"65240","97747496","96093458"
"65241","97747500","97751596"
"65242","97747501","88675676"
"65243","97747504","58340235"
"65244","97747799","88620989"
"65245","97747803","61683852"
"65246","99972686","97747774"
"65247","99972686","65987838"
"65248","99972690","88676812"
"65249","99972691","103336203"
"65250","99972694","88672020"
"65251","99972989","59211504"
"65252","99972993","58280788"
"65253","57818805","71485894"
"65254","57818807","88677121"
"65255","57818808","58341679"
"65256","57818809","86684162"
"65257","57818810","103086379"
"65258","57821207","97747488"
"65259","57821208","99970755"
"65260","57821251","58340616"
"65261","57821312","58341516"
"65262","57821312","80125888"
"65263","57821314","99977931"
"65264","57821314","61687060"
"65265","57821324","78889978"
"65266","57821324","80125779"
"65267","57821431","80129644"
"65268","57821434","96092342"
"65269","57821434","88626688"
"65270","57821436","57822956"
"65271","57821436","99977298"
"65272","57821436","78889334"
"65273","58139090","103342062"
"65274","58139092","97751616"
"65275","58139093","97748567"
"65276","58139094","62960511"
"65277","58139095","94199387"
"65278","58141492","99975604"
"65279","58141493","64912035"
"65280","58141536","103502427"
"65281","58141597","80124959"
"65282","58141597","69505143"
"65283","58141599","97749336"
"65284","58141599","58342350"
"65285","58141609","58336025"
"65286","58141609","61584563"
"65287","58141716","69504814"
"65288","58141719","65804069"
"65289","58141719","64982493"
"65290","58141721","80127859"
"65291","58141721","86679460"
"65292","58141721","86684617"
"65293","58342242","59216483"
"65294","58342243","62955225"
"65295","58342286","65801707"
"65296","58342347","104176848"
"65297","58342347","64909925"
"65298","58342349","104176655"
"65299","58342349","58141589"
"65300","58342359","61686694"
"65301","58342359","62960330"
"65302","58342466","97747358"
"65303","58342469","58140512"
"65304","58342469","58142087"
"65305","58342471","86684709"
"65306","58342471","58343820"
"65307","58342471","99976821"
"65308","96092889","78895213"
"65309","97752175","97751574"
"65310","99977365","71483532"
"65311","103082063","61683643"
"65312","103082064","58141354"
"65313","103337133","64909925"
"65314","103337134","71486277"
"65315","103492432","61687062"
"65316","103492433","88620506"
"65317","104172207","61683598"
"65318","104172208","88620346"
"65319","57819125","99972740"
"65320","57820015","103492822"
"65321","57820026","103081208"
"65322","57821250","64977905"
"65323","57821311","64984019"
"65324","57821311","59669723"
"65325","57821311","104170874"
"65326","57821323","59669797"
"65327","57821323","97752724"
"65328","57821323","62961224"
"65329","57821325","88674455"
"65330","57821325","61772494"
"65331","57821325","67693347"
"65332","57821325","71485324"
"65333","57821362","88625109"
"65334","57821363","78892938"
"65335","57821363","92439721"
"65336","57821365","86681679"
"65337","57821432","57822044"
"65338","57821432","61583105"
"65339","57821432","78894729"
"65340","57822387","61680498"
"65341","57822387","103341581"
"65342","57822387","103504191"
"65343","57822387","94196644"
"65344","57822882","97750435"
"65345","57823084","88675670"
"65346","57823117","57820288"
"65347","58139410","58341852"
"65348","58140300","92444718"
"65349","58140311","96090828"
"65350","58141535","92441533"
"65351","58141596","86680083"
"65352","58141596","97749076"
"65353","58141596","96092324"
"65354","58141608","103085957"
"65355","58141608","59659726"
"65356","58141608","58341248"
"65357","58141610","96097490"
"65358","58141610","65985694"
"65359","58141610","96097285"
"65360","58141610","103341595"
"65361","58141647","99977709"
"65362","58141648","69503594"
"65363","58141648","97749116"
"65364","58141650","103085876"
"65365","58141717","96097264"
"65366","58141717","61683999"
"65367","58141717","103492120"
"65368","58142672","62959832"
"65369","58142672","57819511"
"65370","58142672","59216146"
"65371","58142672","65987756"
"65372","58143167","65987351"
"65373","58143369","58344108"
"65374","58143402","64984101"
"65375","58341090","59669419"
"65376","58342285","86684929"
"65377","58342346","94197105"
"65378","58342346","58140412"
"65379","58342346","88621023"
"65380","58342358","58143402"
"65381","58342358","62957191"
"65382","58342358","69505427"
"65383","58342360","62960315"
"65384","58342360","59217714"
"65385","58342360","65799356"
"65386","58342360","99972744"
"65387","58342397","58141610"
"65388","58342398","86684176"
"65389","58342398","96096833"
"65390","58342400","65804170"
"65391","58342467","99977351"
"65392","58342467","69507144"
"65393","58342467","59669718"
"65394","58343383","69505813"
"65395","58343383","94196652"
"65396","59214229","57818630"
"65397","59214230","58342234"
"65398","59667521","97750432"
"65399","59667522","64914265"
"65400","61581868","86683265"
"65401","61581869","103081533"
"65402","61686680","99972194"
"65403","61686681","57822789"
"65404","61774573","58342350"
"65405","61774574","61684481"
"65406","62957981","57820464"
"65407","62957982","86681675"
"65408","64912804","94199339"
"65409","64912805","88620984"
"65410","64980533","64913441"
"65411","64980534","57829393"
"65412","65800235","88672282"
"65413","65800236","64984777"
"65414","65985708","61685832"
"65415","65985709","78889701"
"65416","67693346","103340002"
"65417","67693347","58151878"
"65418","69503134","58342466"
"65419","69503135","62957153"
"65420","71485815","88623263"
"65421","71485816","97753598"
"65422","78890266","57819981"
"65423","78890267","92440270"
"65424","80127613","78891521"
"65425","80127614","59658479"
"65426","86680395","86678351"
"65427","86680396","61686948"
"65428","88624807","99979684"
"65429","88624808","103504237"
"65430","88671849","97747576"
"65431","88671850","103342347"
"65432","92252145","88621051"
"65433","92252146","92441127"
"65434","92445351","61684493"
"65435","92445352","99972845"
"65436","94197577","103081772"
"65437","94197578","59217699"
"65438","96092890","88676662"
"65439","96093505","59215467"
"65440","96094461","92258543"
"65441","96094603","59669129"
"65442","96094603","57822845"
"65443","96094603","92254754"
"65444","96096022","71482752"
"65445","96097410","104176006"
"65446","96097410","61683801"
"65447","96097411","78894732"
"65448","96097411","61772054"
"65449","96097515","64915038"
"65450","97747551","88618206"
"65451","97747655","94203560"
"65452","97747655","94202208"
"65453","97747656","103339772"
"65454","97747656","96097410"
"65455","97749043","88624941"
"65456","97750462","88674487"
"65457","97750462","65799246"
"65458","97750462","103337418"
"65459","97750604","67689862"
"65460","97751559","88676074"
"65461","97752174","62957179"
"65462","99972741","61579178"
"65463","99972845","58140534"
"65464","99972845","86684228"
"65465","99972846","62957148"
"65466","99972846","61683845"
"65467","99974233","103081552"
"65468","99975652","62957987"
"65469","99975652","88676683"
"65470","99975652","58141718"
"65471","99975794","65797410"
"65472","99976749","69505308"
"65473","99977364","92440642"
"65474","57821198","64914499"
"65475","57821217","94197386"
"65476","57821217","58341348"
"65477","57821221","57819574"
"65478","57821226","65987252"
"65479","57821234","64916588"
"65480","57821239","64979734"
"65481","57821243","64915138"
"65482","57821247","58141781"
"65483","57821247","57821149"
"65484","57821259","71487503"
"65485","57821264","58138915"
"65486","57821271","59215831"
"65487","57821271","58140312"
"65488","57821275","80129516"
"65489","57821279","103495062"
"65490","57821287","96094631"
"65491","57821291","80123392"
"65492","57821296","92440817"
"65493","57821309","104171617"
"65494","57821309","62955180"
"65495","57821322","64910685"
"65496","57821322","103082581"
"65497","57821322","57820981"
"65498","57821322","65988032"
"65499","57821430","97748269"
"65500","57821430","94203483"
"65501","57821430","92440161"
"65502","58141483","86678387"
"65503","58141502","88677601"
"65504","58141502","92254788"
"65505","58141506","103340916"
"65506","58141511","67695032"
"65507","58141519","86681334"
"65508","58141524","103082581"
"65509","58141528","57822390"
"65510","58141532","88670916"
"65511","58141532","64910347"
"65512","58141544","92445882"
"65513","58141549","92256603"
"65514","58141556","78890437"
"65515","58141556","59215467"
"65516","58141560","65802550"
"65517","58141564","94201789"
"65518","58141572","94202786"
"65519","58141576","61687660"
"65520","58141581","94197578"
"65521","58141594","103503350"
"65522","58141594","96095949"
"65523","58141607","103493810"
"65524","58141607","58141718"
"65525","58141607","57819544"
"65526","58141607","103336825"
"65527","58141715","78889954"
"65528","58141715","78889750"
"65529","58141715","64909917"
"65530","58342233","57829428"
"65531","58342252","62958698"
"65532","58342252","57819755"
"65533","58342256","92443821"
"65534","58342261","58141091"
"65535","58342269","57822542"
"65536","58342274","92258159"
"65537","58342278","64911952"
"65538","58342282","88623135"
"65539","58342282","65802496"
"65540","58342294","67692384"
"65541","58342299","78892310"
"65542","58342306","65803979"
"65543","58342306","99973152"
"65544","58342310","57823117"
"65545","58342314","65983323"
"65546","58342322","94197945"
"65547","58342326","65984856"
"65548","58342331","103492924"
"65549","58342344","58141310"
"65550","58342344","80124983"
"65551","58342357","103490479"
"65552","58342357","61684696"
"65553","58342357","96096906"
"65554","58342357","65989582"
"65555","58342465","58341210"
"65556","58342465","58140161"
"65557","58342465","58340238"
"65558","96094731","78891472"
"65559","96097457","65986559"
"65560","96097458","80128048"
"65561","97747608","103493800"
"65562","97747609","58342359"
"65563","97750334","58340646"
"65564","99972798","78890083"
"65565","99972799","103338481"
"65566","99975524","58344078"
"65567","57821196","65802341"
"65568","57821197","97752203"
"65569","57821216","64916526"
"65570","57821220","94200090"
"65571","57821225","78895326"
"65572","57821233","92440993"
"65573","57821238","58151768"
"65574","57821242","92442737"
"65575","57821246","88673573"
"65576","57821258","103086718"
"65577","57821263","64980519"
"65578","57821270","61684548"
"65579","57821274","92256597"
"65580","57821278","59657855"
"65581","57821286","92442705"
"65582","57821290","58141608"
"65583","57821295","92441549"
"65584","57821299","103501780"
"65585","57821310","58343826"
"65586","57821310","88626154"
"65587","57821320","64914794"
"65588","57821320","88674479"
"65589","57821320","61680482"
"65590","57821429","96098209"
"65591","57821429","94201961"
"65592","57821429","67695031"
"65593","57821732","97753598"
"65594","58141481","97751611"
"65595","58141482","103341841"
"65596","58141501","86684854"
"65597","58141505","61687337"
"65598","58141510","96095894"
"65599","58141518","57819025"
"65600","58141523","104176016"
"65601","58141527","61687408"
"65602","58141531","80126330"
"65603","58141543","69505813"
"65604","58141548","58143121"
"65605","58141555","57822700"
"65606","58141559","67695723"
"65607","58141563","80125005"
"65608","58141571","99976798"
"65609","58141575","88627073"
"65610","58141580","61774533"
"65611","58141584","86683033"
"65612","58141595","58340691"
"65613","58141595","58138975"
"65614","58141605","67695640"
"65615","58141605","88626812"
"65616","58141605","92251220"
"65617","58141714","58341213"
"65618","58141714","57820510"
"65619","58141714","58143389"
"65620","58142017","57820270"
"65621","58342231","71487337"
"65622","58342232","92442669"
"65623","58342251","71488930"
"65624","58342255","88622176"
"65625","58342260","104177871"
"65626","58342268","92443799"
"65627","58342273","61773774"
"65628","58342277","57821320"
"65629","58342281","99978067"
"65630","58342293","61775311"
"65631","58342298","71487703"
"65632","58342305","71482655"
"65633","58342309","96097411"
"65634","58342313","62960360"
"65635","58342321","103082064"
"65636","58342325","80126069"
"65637","58342330","67697254"
"65638","58342334","67694139"
"65639","58342345","103341065"
"65640","58342345","96097508"
"65641","58342355","92445653"
"65642","58342355","88673416"
"65643","58342355","88672217"
"65644","58342464","97748269"
"65645","58342464","103491497"
"65646","58342464","57819956"
"65647","96092089","58141726"
"65648","96092907","96097566"
"65649","96095929","58342294"
"65650","97749136","61578842"
"65651","97752157","57821296"
"65652","97752974","57820893"
"65653","99974326","58141506"
"65654","99977347","62957573"
"65655","99978164","97745565"
"65656","57820246","92442742"
"65657","57821190","92440896"
"65658","57821321","59659727"
"65659","57821321","58342256"
"65660","57821321","67695458"
"65661","57821377","99977366"
"65662","57821377","71482712"
"65663","57821394","57820168"
"65664","57821395","62959725"
"65665","57821398","78896474"
"65666","57821428","65986500"
"65667","58140531","94197748"
"65668","58141475","103336342"
"65669","58141606","88624329"
"65670","58141606","58141929"
"65671","58141606","71487580"
"65672","58141662","103491550"
"65673","58141662","65986985"
"65674","58141679","99976526"
"65675","58141680","104176667"
"65676","58141683","58141194"
"65677","58141713","61687049"
"65678","58342225","92252929"
"65679","58342356","88675612"
"65680","58342356","104173394"
"65681","58342356","58151759"
"65682","58342412","99972962"
"65683","58342412","61685904"
"65684","58342429","92256529"
"65685","58342430","62961968"
"65686","58342433","61579107"
"65687","58342463","103338326"
"65688","96091640","58143252"
"65689","96097461","61683641"
"65690","97747605","59659881"
"65691","97753421","88669805"
"65692","99972795","57818407"
"65693","99978611","62957145"
"65694","57819991","64977555"
"65695","57821189","103344504"
"65696","57821319","97747496"
"65697","57821357","57821543"
"65698","57821371","92442739"
"65699","57821376","94202029"
"65700","57821389","58143130"
"65701","57821389","96090774"
"65702","57821390","88626856"
"65703","57821393","61684495"
"65704","57821393","103502213"
"65705","57821393","94198011"
"65706","57821427","92439159"
"65707","58140276","92439251"
"65708","58141474","92440562"
"65709","58141604","99976817"
"65710","58141642","69502301"
"65711","58141656","92257294"
"65712","58141661","88673410"
"65713","58141674","69507092"
"65714","58141674","96093437"
"65715","58141675","69506244"
"65716","58141678","58151738"
"65717","58141678","61680642"
"65718","58141678","57820647"
"65719","58141712","103495418"
"65720","58342224","57829457"
"65721","58342354","71483112"
"65722","58342392","65983318"
"65723","58342406","78890131"
"65724","58342411","61581060"
"65725","58342424","61683710"
"65726","58342424","103334951"
"65727","58342425","62960414"
"65728","58342428","64914520"
"65729","58342428","80128426"
"65730","58342428","62955580"
"65731","58342462","99972177"
"65732","96097462","92439995"
"65733","97747604","88672309"
"65734","99972794","58141432"
"65735","103085772","92253504"
"65736","103085772","103087265"
"65737","103086603","97753063"
"65738","103086603","88625007"
"65739","103086603","61772297"
"65740","103340842","78891818"
"65741","103340842","96097457"
"65742","103341673","88620354"
"65743","103341673","61682062"
"65744","103341673","88673414"
"65745","103341673","61687403"
"65746","103494081","103502565"
"65747","103494591","67696779"
"65748","103494591","103494154"
"65749","104175916","71482577"
"65750","104175916","65983709"
"65751","104176747","96094645"
"65752","104176747","104171613"
"65753","104176747","69500428"
"65754","104176747","92442725"
"65755","104176747","67690232"
"65756","104176747","80127751"
"65757","104176747","58342322"
"65758","57818587","61680187"
"65759","57818596","59668764"
"65760","57818603","64910434"
"65761","57818610","65797726"
"65762","57818639","58142683"
"65763","57819849","99974708"
"65764","57819851","61772289"
"65765","57820135","57820214"
"65766","57820167","103492433"
"65767","57820367","64916662"
"65768","57820372","57821393"
"65769","57820805","97745929"
"65770","57820954","96094652"
"65771","57820954","99972690"
"65772","57820956","86684926"
"65773","57821082","59668542"
"65774","57821082","104171993"
"65775","57821084","57818580"
"65776","57821188","58341851"
"65777","57821318","58141483"
"65778","57821329","103340898"
"65779","57821367","58139631"
"65780","57821367","103502416"
"65781","57821367","92443602"
"65782","57821367","65802563"
"65783","57821367","97750462"
"65784","57821367","99979375"
"65785","57821369","88620823"
"65786","57821369","96092452"
"65787","57821369","64910338"
"65788","57821375","64915063"
"65789","57821375","71486631"
"65790","57821375","99976894"
"65791","57821375","71488212"
"65792","57821388","69504894"
"65793","57821388","61583737"
"65794","57821392","71486624"
"65795","57821392","92441535"
"65796","57821392","92253470"
"65797","57821392","61685887"
"65798","57821426","58141655"
"65799","57821640","88620271"
"65800","57823246","92444171"
"65801","57823251","103083441"
"65802","57829362","103502459"
"65803","58138872","99978886"
"65804","58138881","67690994"
"65805","58138888","64912936"
"65806","58138895","58141639"
"65807","58138924","103084700"
"65808","58140134","103086993"
"65809","58140136","99972195"
"65810","58140420","71487966"
"65811","58140452","92440143"
"65812","58140652","67695216"
"65813","58140657","59670427"
"65814","58141090","65796914"
"65815","58141239","99973657"
"65816","58141239","57822911"
"65817","58141241","64910002"
"65818","58141367","103503924"
"65819","58141367","58272326"
"65820","58141369","67692866"
"65821","58141473","65802736"
"65822","58141603","94202637"
"65823","58141614","78894105"
"65824","58141652","62957224"
"65825","58141652","64915030"
"65826","58141652","103081174"
"65827","58141652","58141660"
"65828","58141652","64910808"
"65829","58141652","59217713"
"65830","58141654","57818597"
"65831","58141654","99974220"
"65832","58141654","67693451"
"65833","58141660","88620988"
"65834","58141660","58340692"
"65835","58141660","71488003"
"65836","58141660","104170388"
"65837","58141673","71487995"
"65838","58141673","86684219"
"65839","58141677","99977348"
"65840","58141677","80123140"
"65841","58141677","92441567"
"65842","58141677","64983101"
"65843","58141711","94202237"
"65844","58141925","71488930"
"65845","58143531","62955187"
"65846","58143536","61585524"
"65847","58151737","78888262"
"65848","58339957","57819444"
"65849","58339993","103491900"
"65850","58341209","103490613"
"65851","58341242","65797235"
"65852","58341441","104173901"
"65853","58341851","78890759"
"65854","58342001","86684651"
"65855","58342121","59217284"
"65856","58342121","97749172"
"65857","58342123","99975626"
"65858","58342223","78891999"
"65859","58342353","88619059"
"65860","58342364","97749571"
"65861","58342402","71482609"
"65862","58342402","88623977"
"65863","58342402","59667911"
"65864","58342402","92257076"
"65865","58342402","61768382"
"65866","58342402","65800236"
"65867","58342404","103341946"
"65868","58342404","64914927"
"65869","58342404","64914900"
"65870","58342410","58151742"
"65871","58342410","104172785"
"65872","58342410","92447406"
"65873","58342410","61773745"
"65874","58342423","62959671"
"65875","58342423","94196654"
"65876","58342427","65802856"
"65877","58342427","97752151"
"65878","58342427","58141649"
"65879","58342427","67694200"
"65880","58342461","103086380"
"65881","58342661","69502178"
"65882","58344206","86685055"
"65883","58344211","65802444"
"65884","69504440","103338320"
"65885","71487068","99978025"
"65886","71487122","97749571"
"65887","71487122","97748269"
"65888","71487122","67690229"
"65889","78893978","103084605"
"65890","78894809","78894105"
"65891","78894809","57823163"
"65892","80123071","97751591"
"65893","80123071","78894077"
"65894","80123071","96099150"
"65895","80123071","92443910"
"65896","80123902","58141235"
"65897","86684106","96092228"
"65898","86684937","61584529"
"65899","86684937","78889739"
"65900","86684937","57820433"
"65901","88620266","96092564"
"65902","88620266","99970993"
"65903","88620266","88621006"
"65904","88621097","103085599"
"65905","88675560","99972633"
"65906","88676391","64916696"
"65907","88676391","61687400"
"65908","88676391","64914495"
"65909","92255856","71487323"
"65910","92256687","94200220"
"65911","92256687","103495363"
"65912","92440810","57821278"
"65913","92440810","103336925"
"65914","92441641","94202580"
"65915","94201288","92253471"
"65916","94202119","58143433"
"65917","94202119","62955307"
"65918","94202119","58140959"
"65919","94202119","97753172"
"65920","94202119","92250240"
"65921","96092732","97750398"
"65922","96092732","59216484"
"65923","96092732","61772377"
"65924","96092732","62959366"
"65925","96092732","97749336"
"65926","96093510","57821019"
"65927","96093510","103087964"
"65928","96093512","78888372"
"65929","96093563","86682128"
"65930","96093707","92257322"
"65931","96093708","103341337"
"65932","96094606","96097623"
"65933","96094606","58141911"
"65934","96094606","94201505"
"65935","96094606","69504450"
"65936","96096387","97747509"
"65937","96096442","94202935"
"65938","96097465","88619857"
"65939","96099134","71487404"
"65940","96099145","103338825"
"65941","96099146","58139743"
"65942","96099146","61768544"
"65943","96099146","67693571"
"65944","96099146","92258596"
"65945","96099146","62959337"
"65946","97745961","57823148"
"65947","97745961","57819011"
"65948","97745961","59211474"
"65949","97745961","57829364"
"65950","97745962","67691091"
"65951","97745973","64981782"
"65952","97747601","80128139"
"65953","97748623","99972715"
"65954","97748678","78894926"
"65955","97750459","64910422"
"65956","97750459","88625091"
"65957","97750459","94203280"
"65958","97750459","57820821"
"65959","97751356","103340888"
"65960","97751357","59668789"
"65961","97751501","99977193"
"65962","97751552","86684210"
"65963","97751554","78889331"
"65964","97751554","58141591"
"65965","97752332","69506547"
"65966","97752332","64984321"
"65967","99971151","59669124"
"65968","99971151","88673567"
"65969","99971151","59214230"
"65970","99971151","97751707"
"65971","99971152","65802540"
"65972","99971163","92257848"
"65973","99972791","88671537"
"65974","99973813","80126291"
"65975","99973868","57821860"
"65976","99975649","64913591"
"65977","99975649","88624807"
"65978","99975649","67692361"
"65979","99975649","94201981"
"65980","99976546","59215825"
"65981","99976547","65801777"
"65982","99976691","80123155"
"65983","99976742","59670421"
"65984","99976744","103083632"
"65985","99976744","58341568"
"65986","99977522","103493685"
"65987","99977522","103339762"
"65988","99977522","64912036"
"65989","57818586","86682145"
"65990","57818609","57818414"
"65991","57818616","92439621"
"65992","57820137","58341025"
"65993","57821642","86684209"
"65994","58138871","97751567"
"65995","58138894","64909958"
"65996","58138901","80126418"
"65997","58140422","65802348"
"65998","58141927","96094636"
"65999","58339942","57823120"
"66000","58339970","58141646"
"66001","58341211","99971130"
"66002","58342663","61772604"
"66003","96097407","62960528"
"66004","96097407","64977447"
"66005","96097466","92250301"
"66006","97747600","103087008"
"66007","97747659","99977452"
"66008","97747659","67693373"
"66009","99972790","71486283"
"66010","99972849","62958106"
"66011","99972849","88618996"
"66012","57820287","67694630"
"66013","57820513","65802386"
"66014","58140572","103494824"
"66015","58140798","58341578"
"66016","58341358","62959821"
"66017","58341578","80125073"
"66018","57820290","57819849"
"66019","58140575","58151738"
"66020","58341361","103081221"
"66021","96091641","103340915"
"66022","97753420","97748467"
"66023","99978610","88671006"
"66024","103081757","99972694"
"66025","103084928","61686810"
"66026","103084928","64977842"
"66027","103084928","58140947"
"66028","103084928","92256606"
"66029","103084928","59667470"
"66030","103084928","64910352"
"66031","103084928","61773784"
"66032","103084928","64914852"
"66033","103084928","86679463"
"66034","103084928","65988714"
"66035","103084928","58151778"
"66036","103336827","94198755"
"66037","103339998","94201404"
"66038","103339998","57376087"
"66039","103339998","88675650"
"66040","103339998","58140453"
"66041","103339998","97750459"
"66042","103339998","58140534"
"66043","103339998","59667903"
"66044","103339998","103491500"
"66045","103339998","59669806"
"66046","103339998","58141248"
"66047","103339998","96093465"
"66048","103492126","104176661"
"66049","103493889","57821470"
"66050","103493889","92257272"
"66051","103493889","99977623"
"66052","103493889","88672327"
"66053","103493889","104172208"
"66054","103493889","61681990"
"66055","103493889","88674474"
"66056","103493889","92251256"
"66057","103493889","57818435"
"66058","103493889","65982950"
"66059","103493889","64914902"
"66060","104171901","57820483"
"66061","104175072","97747772"
"66062","104175072","96094604"
"66063","104175072","59213404"
"66064","104175072","104172011"
"66065","104175072","96092746"
"66066","104175072","61682590"
"66067","104175072","86678491"
"66068","104175072","57822206"
"66069","104175072","58138895"
"66070","104175072","97749400"
"66071","104175072","103342282"
"66072","57820286","88620148"
"66073","57820394","86680196"
"66074","57820394","69503269"
"66075","57820394","58141571"
"66076","57820394","86685590"
"66077","57820394","57818595"
"66078","57820769","71487967"
"66079","57821182","61769900"
"66080","57821471","58342665"
"66081","57822006","71485917"
"66082","57822930","61682001"
"66083","58140571","64981783"
"66084","58140679","59670629"
"66085","58140679","103082952"
"66086","58140679","65799752"
"66087","58140679","94197276"
"66088","58140679","58141141"
"66089","58141054","64983443"
"66090","58141467","103339764"
"66091","58141756","61579785"
"66092","58142291","92254751"
"66093","58143215","97752449"
"66094","58341357","61585526"
"66095","58341463","64982947"
"66096","58341463","64914642"
"66097","58341463","103081847"
"66098","58341463","92257822"
"66099","58341463","86682227"
"66100","58341815","104174834"
"66101","58342217","64915035"
"66102","58342504","103494716"
"66103","59215379","78892875"
"66104","59215379","86680107"
"66105","59215379","58141590"
"66106","59215379","96095712"
"66107","59215379","103334951"
"66108","59215379","57820247"
"66109","59215379","86685055"
"66110","59215379","99974236"
"66111","59215379","96098206"
"66112","59665180","104173584"
"66113","59668670","92441037"
"66114","59668670","59216494"
"66115","59668670","104172023"
"66116","59668670","99973710"
"66117","59668670","58151904"
"66118","59668670","92442709"
"66119","59668670","103084733"
"66120","59668670","67691091"
"66121","59668670","62955564"
"66122","59668670","103336200"
"66123","59668670","58342306"
"66124","61581050","62960508"
"66125","61583017","78892330"
"66126","61583017","58151915"
"66127","61583017","88618822"
"66128","61583017","103336917"
"66129","61583017","58342380"
"66130","61583017","103502415"
"66131","61583017","88619589"
"66132","61583017","58141630"
"66133","61583017","92256070"
"66134","61583017","64984314"
"66135","61684034","58140499"
"66136","61684034","94201879"
"66137","61684034","96092214"
"66138","61684034","80122556"
"66139","61684034","59211930"
"66140","61684034","58139732"
"66141","61684034","104176018"
"66142","61684034","62960516"
"66143","61684034","71482244"
"66144","61684034","71489817"
"66145","61684034","103502436"
"66146","61685875","59213424"
"66147","61771929","92441527"
"66148","61771929","92445767"
"66149","61771929","59658841"
"66150","61771929","88620807"
"66151","61771929","61578753"
"66152","61771929","86684205"
"66153","61771929","86680763"
"66154","61771929","64914519"
"66155","61771929","58151826"
"66156","61771929","61774931"
"66157","61771929","86684208"
"66158","61773769","96097514"
"66159","62957173","88624607"
"66160","62959246","58350202"
"66161","62959246","103086352"
"66162","62959246","99975605"
"66163","62959246","61578707"
"66164","62959246","61774587"
"66165","62959246","58341902"
"66166","62959246","58142827"
"66167","62959246","86681586"
"66168","62959246","99979213"
"66169","62959246","64910351"
"66170","62959246","96095900"
"66171","64911950","64909965"
"66172","64913976","103494947"
"66173","64913976","57818445"
"66174","64913976","58138876"
"66175","64913976","61768490"
"66176","64913976","58342409"
"66177","64913976","58140652"
"66178","64913976","94203212"
"66179","64913976","92447257"
"66180","64913976","57821303"
"66181","64913976","92443787"
"66182","64913976","96095729"
"66183","64979729","103081572"
"66184","64981682","67694798"
"66185","64981682","92255981"
"66186","64981682","78890050"
"66187","64981682","96092813"
"66188","64981682","99975618"
"66189","64981682","86680266"
"66190","64981682","58342310"
"66191","64981682","88671662"
"66192","64981682","57820444"
"66193","64981682","67697232"
"66194","65799275","65797410"
"66195","65801414","59669136"
"66196","65801414","78890267"
"66197","65801414","80121808"
"66198","65801414","92255011"
"66199","65801414","57821354"
"66200","65801414","97752175"
"66201","65801414","58342459"
"66202","65801414","58140593"
"66203","65801414","78894569"
"66204","65801414","58142072"
"66205","65801414","61685880"
"66206","65984850","69503120"
"66207","65986885","67695503"
"66208","65986885","58151748"
"66209","65986885","103086313"
"66210","65986885","96098089"
"66211","65986885","57818626"
"66212","65986885","67695019"
"66213","65986885","88676208"
"66214","65986885","69502140"
"66215","65986885","103080073"
"66216","65986885","103340940"
"66217","65986885","88675634"
"66218","67692382","58140311"
"66219","67694529","57821363"
"66220","67694529","58141713"
"66221","67694529","61771544"
"66222","67694529","92442705"
"66223","67694529","97747592"
"66224","67694529","57819481"
"66225","67694529","97750462"
"66226","67694529","64982457"
"66227","67694529","103335271"
"66228","67694529","94195581"
"66229","67694529","103494809"
"66230","69502169","65802496"
"66231","69504333","65988769"
"66232","69504333","103503369"
"66233","69504333","94203380"
"66234","69504333","59213436"
"66235","69504333","104172020"
"66236","69504333","104173713"
"66237","69504333","104171272"
"66238","69504333","61768544"
"66239","69504333","64977906"
"66240","69504333","103491497"
"66241","69504333","67695617"
"66242","71484842","65799297"
"66243","71487015","92255963"
"66244","71487015","67695461"
"66245","71487015","62961144"
"66246","71487015","71482752"
"66247","71487015","80124970"
"66248","71487015","80129497"
"66249","71487015","92439553"
"66250","71487015","92443910"
"66251","71487015","64910428"
"66252","71487015","99978327"
"66253","71487015","58140261"
"66254","78889960","59665180"
"66255","78893133","92253495"
"66256","78893133","92251290"
"66257","78893133","65801626"
"66258","78893133","71483114"
"66259","78893133","92251653"
"66260","78893133","59669798"
"66261","78893133","61583825"
"66262","78893133","65802387"
"66263","78893133","92440112"
"66264","78893133","86685326"
"66265","78893133","69502181"
"66266","80124747","86678351"
"66267","80124747","80129490"
"66268","80124747","94201498"
"66269","80124747","86683040"
"66270","80124747","67694529"
"66271","80124747","97745852"
"66272","80124747","103081529"
"66273","80124747","58339978"
"66274","80124747","64914102"
"66275","80124747","96092063"
"66276","80124747","58342282"
"66277","80127920","57822817"
"66278","86680089","99970767"
"66279","86683261","57820214"
"66280","86683261","99976767"
"66281","86683261","59214306"
"66282","86683261","71489878"
"66283","86683261","64912912"
"66284","86683261","61774802"
"66285","86683261","103336947"
"66286","86683261","64977457"
"66287","86683261","61771347"
"66288","86683261","99975604"
"66289","86683261","97747017"
"66290","88621942","104172663"
"66291","88621942","62958321"
"66292","88621942","57820383"
"66293","88621942","64977844"
"66294","88621942","86683016"
"66295","88621942","59667903"
"66296","88621942","103493608"
"66297","88621942","64914484"
"66298","88621942","99972798"
"66299","88621942","61586180"
"66300","88621942","103339807"
"66301","88625114","61772403"
"66302","88671543","88673043"
"66303","88674715","59669434"
"66304","88674715","58342331"
"66305","88674715","78894077"
"66306","88674715","78894157"
"66307","88674715","97752441"
"66308","88674715","103087689"
"66309","88674715","69504298"
"66310","88674715","58141927"
"66311","88674715","58141496"
"66312","88674715","57822758"
"66313","88674715","96097578"
"66314","92251839","67695641"
"66315","92255011","104176014"
"66316","92255011","64914880"
"66317","92255011","94201963"
"66318","92255011","67690962"
"66319","92255011","103340936"
"66320","92255011","58151743"
"66321","92255011","86682068"
"66322","92255011","58140561"
"66323","92255011","61684556"
"66324","92255011","80126044"
"66325","92255011","57822837"
"66326","92442486","59659862"
"66327","92442486","57820666"
"66328","92442486","58141712"
"66329","92442486","58143262"
"66330","92442486","97751560"
"66331","92442486","99972967"
"66332","92442486","103083091"
"66333","92442486","96091572"
"66334","92442486","65987841"
"66335","92442486","104171284"
"66336","92442486","97752254"
"66337","92445658","65986495"
"66338","94197271","96096491"
"66339","94200443","59657863"
"66340","94200443","103491587"
"66341","94200443","86684601"
"66342","94200443","59658368"
"66343","94200443","104173815"
"66344","94200443","64909938"
"66345","94200443","80124989"
"66346","94200443","59211924"
"66347","94200443","62955287"
"66348","94200443","58321219"
"66349","94200443","57821264"
"66350","96094408","61586170"
"66351","96094408","88671377"
"66352","96094408","58139752"
"66353","96094408","97755163"
"66354","96094408","65802527"
"66355","96094408","97745830"
"66356","96094408","58141713"
"66357","96094408","86684286"
"66358","96094408","104177818"
"66359","96094408","88669818"
"66360","96094408","99978185"
"66361","96094605","78894201"
"66362","96094605","103086721"
"66363","96094605","96093358"
"66364","96094605","97752980"
"66365","96094605","57819450"
"66366","96094605","57821321"
"66367","96094605","61768093"
"66368","96094761","80126418"
"66369","96095701","65983320"
"66370","96095701","88675663"
"66371","96095701","64912805"
"66372","96095701","88624189"
"66373","96095701","64914431"
"66374","96095701","67695462"
"66375","96095701","104170874"
"66376","96095701","103502460"
"66377","96095701","99974266"
"66378","96095701","103086062"
"66379","96095701","97751327"
"66380","96095701","58143168"
"66381","96095701","57821313"
"66382","96095701","88674475"
"66383","96095701","80128529"
"66384","96095701","64917813"
"66385","96095701","88626807"
"66386","96095701","104170189"
"66387","96095701","99972992"
"66388","96095701","103336700"
"66389","96095701","61774813"
"66390","96095701","88676262"
"66391","96095701","61686910"
"66392","96095701","92439714"
"66393","96095701","86686098"
"66394","96095701","61769873"
"66395","96095701","64913594"
"66396","96095701","57820330"
"66397","96095701","59211590"
"66398","96095701","88674473"
"66399","96095701","104176010"
"66400","96095701","65802392"
"66401","96095701","103081547"
"66402","96095701","58142546"
"66403","96095701","86683208"
"66404","96095701","58141714"
"66405","96095701","80127628"
"66406","96095701","96094594"
"66407","96095701","103503488"
"66408","96095701","94195534"
"66409","96095701","58342430"
"66410","96095701","94200120"
"66411","96095701","103343422"
"66412","96095701","103081130"
"66413","96095701","94201989"
"66414","96095701","57375503"
"66415","96095701","59214197"
"66416","96095701","88624992"
"66417","96095701","59658350"
"66418","96095701","59658850"
"66419","96095701","71489792"
"66420","96095701","58140625"
"66421","96095701","103502182"
"66422","96095701","88620413"
"66423","96095701","65988714"
"66424","96095701","57821147"
"66425","96095701","92254786"
"66426","96095701","96099167"
"66427","96095701","103340973"
"66428","96095701","103337958"
"66429","96095832","97750417"
"66430","96095832","57821239"
"66431","96095832","103081485"
"66432","96095832","58138901"
"66433","96095832","59660618"
"66434","96095832","103340973"
"66435","96095832","99978653"
"66436","96095832","99978167"
"66437","96095832","96096441"
"66438","96095832","104174861"
"66439","96095832","69505427"
"66440","96095832","103494582"
"66441","96095832","57819765"
"66442","96095832","61774540"
"66443","96095832","58350176"
"66444","96095832","99972992"
"66445","96095832","88620306"
"66446","96095832","96092793"
"66447","96095832","71484809"
"66448","96095832","103086531"
"66449","96095832","64912035"
"66450","96095832","62957247"
"66451","96095832","64984090"
"66452","96095832","58342471"
"66453","96095832","58140925"
"66454","96095832","58140791"
"66455","96095832","88622179"
"66456","96095832","65803263"
"66457","96095832","96094633"
"66458","96095832","97750409"
"66459","96095832","80121809"
"66460","96095832","104174836"
"66461","96095832","65802419"
"66462","96095832","88670955"
"66463","96095832","58141674"
"66464","96095832","104176523"
"66465","96095832","86686126"
"66466","96095832","57821210"
"66467","96095832","65802101"
"66468","96095832","103085975"
"66469","96095832","64911968"
"66470","96095832","62955139"
"66471","96095832","103081930"
"66472","96095832","58140800"
"66473","96095832","71489792"
"66474","96095832","97751620"
"66475","96095832","96094607"
"66476","96095832","78889792"
"66477","96095832","61774559"
"66478","96095832","62960314"
"66479","96095832","64981682"
"66480","96095832","88671543"
"66481","96095832","103081363"
"66482","96095832","104176834"
"66483","96096346","58342300"
"66484","96096346","80123789"
"66485","96097042","104171277"
"66486","96097587","59658202"
"66487","97747479","92441583"
"66488","97748719","62960176"
"66489","97748719","64912381"
"66490","97749233","80123797"
"66491","97749233","58139818"
"66492","97749233","69499986"
"66493","97749233","61683999"
"66494","97749233","78889419"
"66495","97749233","64913240"
"66496","97749233","67692400"
"66497","97749233","103337649"
"66498","97749233","57822589"
"66499","97749233","97747500"
"66500","97749233","103494426"
"66501","97749233","96092890"
"66502","97749233","94200244"
"66503","97749233","94200205"
"66504","97749233","57820287"
"66505","97749233","103338362"
"66506","97749233","88669853"
"66507","97749233","92254790"
"66508","97749233","78895452"
"66509","97749233","58342428"
"66510","97749233","61684497"
"66511","97749233","71486630"
"66512","97749233","61586255"
"66513","97749233","96097850"
"66514","97749233","57821246"
"66515","97749233","94202238"
"66516","97749233","97747482"
"66517","97749233","57821201"
"66518","97749233","67696759"
"66519","97749233","80121232"
"66520","97749233","97752740"
"66521","97749233","57821270"
"66522","97749233","97749364"
"66523","97749233","103493663"
"66524","97749233","65986984"
"66525","97749233","94200447"
"66526","97749233","58141318"
"66527","97749233","92251958"
"66528","97749233","86680259"
"66529","97749233","58342260"
"66530","97749233","88677034"
"66531","97749233","58336197"
"66532","97749233","59216498"
"66533","97749233","57822541"
"66534","97749233","58344065"
"66535","97749233","97751619"
"66536","97749233","103502432"
"66537","97749233","103501918"
"66538","97749233","61684004"
"66539","97749233","64916667"
"66540","97749233","92254813"
"66541","97749233","59211606"
"66542","97749233","94201891"
"66543","97749233","67694655"
"66544","97749364","99978182"
"66545","97749364","99972783"
"66546","97749364","78890078"
"66547","97749364","61774802"
"66548","97749364","65983245"
"66549","97749364","61775298"
"66550","97749364","58340664"
"66551","97749364","88624822"
"66552","97749364","57820869"
"66553","97749364","97747596"
"66554","97749364","69505491"
"66555","97749364","88676795"
"66556","97749364","65802390"
"66557","97749364","97752333"
"66558","97749364","59665186"
"66559","97749364","57829532"
"66560","97749364","99975613"
"66561","97749364","59669790"
"66562","97749364","104177389"
"66563","97749364","71482735"
"66564","97749364","58141726"
"66565","97749364","65988284"
"66566","97749364","88669945"
"66567","97749364","58140136"
"66568","97749364","99974554"
"66569","97749364","94199120"
"66570","97749364","57822201"
"66571","97749364","67695619"
"66572","97749364","104171686"
"66573","97749364","67690612"
"66574","97749364","59670627"
"66575","97749364","58342402"
"66576","97749364","58143167"
"66577","97749364","99975650"
"66578","97749364","69507085"
"66579","97749364","57819466"
"66580","97749364","59211442"
"66581","97749364","103340943"
"66582","97749364","99972847"
"66583","97749364","88676992"
"66584","97749364","61773728"
"66585","97749364","97748977"
"66586","97749364","104174827"
"66587","97749364","65988282"
"66588","97749364","58349875"
"66589","97749364","103491669"
"66590","97749364","99973868"
"66591","97749364","57820270"
"66592","97749364","57818588"
"66593","97749364","57821309"
"66594","97749364","99977438"
"66595","97749364","62960418"
"66596","97749364","104173986"
"66597","97749364","71487884"
"66598","97749364","59216295"
"66599","97750304","104176427"
"66600","97750460","65801807"
"66601","97750460","58151879"
"66602","97750460","67695687"
"66603","97750460","96096796"
"66604","97750460","94195673"
"66605","97750460","88671011"
"66606","97750460","99978006"
"66607","97750657","69499923"
"66608","97750657","57818587"
"66609","97750657","103503372"
"66610","97750657","103086993"
"66611","97750657","61769941"
"66612","97750657","97750400"
"66613","97750657","71482576"
"66614","97750657","71489959"
"66615","97750657","88620989"
"66616","97750657","71484884"
"66617","97750657","99978652"
"66618","99972669","103503334"
"66619","99973909","58141524"
"66620","99973909","78894085"
"66621","99974423","62955284"
"66622","99974423","64979731"
"66623","99974423","88675654"
"66624","99974423","99975621"
"66625","99974423","61772503"
"66626","99974423","99978789"
"66627","99974423","104176589"
"66628","99974423","71485267"
"66629","99974423","97748617"
"66630","99974423","99972050"
"66631","99974423","57821250"
"66632","99974423","57823249"
"66633","99974423","92440626"
"66634","99974423","104171919"
"66635","99974423","99972457"
"66636","99974423","58138961"
"66637","99974423","103341525"
"66638","99974423","58141678"
"66639","99974423","99978210"
"66640","99974423","62955298"
"66641","99974423","92439136"
"66642","99974423","103343029"
"66643","99974423","96094408"
"66644","99974423","64916695"
"66645","99974423","65798120"
"66646","99974423","58141812"
"66647","99974423","71486279"
"66648","99974423","99972791"
"66649","99974423","58342473"
"66650","99974423","92257077"
"66651","99974423","58342453"
"66652","99974423","104171326"
"66653","99974423","92255950"
"66654","99974423","61686249"
"66655","99974423","67695521"
"66656","99974423","96092071"
"66657","99974423","61680485"
"66658","99974423","57819518"
"66659","99974423","92255928"
"66660","99974423","92440164"
"66661","99974423","99975509"
"66662","99974423","71487510"
"66663","99974423","97749044"
"66664","99974423","103342063"
"66665","99974423","58342325"
"66666","99974423","69505287"
"66667","99974423","104174814"
"66668","99974423","64916135"
"66669","99974423","57821391"
"66670","99974423","103081787"
"66671","99974423","97752245"
"66672","99974423","57821999"
"66673","99974423","69505441"
"66674","99974423","64911965"
"66675","99974554","57819991"
"66676","99974554","58339827"
"66677","99974554","57822091"
"66678","99974554","64981682"
"66679","99974554","57819470"
"66680","99974554","64917254"
"66681","99974554","97745961"
"66682","99974554","61682002"
"66683","99974554","67693706"
"66684","99974554","61772494"
"66685","99974554","88677044"
"66686","99974554","80124990"
"66687","99974554","103493715"
"66688","99974554","88669584"
"66689","99974554","104171966"
"66690","99974554","92257297"
"66691","99974554","94199116"
"66692","99974554","65985712"
"66693","99974554","58139151"
"66694","99974554","80127908"
"66695","99974554","86680185"
"66696","99974554","61686247"
"66697","99974554","97752610"
"66698","99974554","65987258"
"66699","99974554","69505419"
"66700","99974554","97749356"
"66701","99974554","57822624"
"66702","99974554","58138713"
"66703","99974554","99979423"
"66704","99974554","99975496"
"66705","99974554","78894727"
"66706","99974554","61682131"
"66707","99974554","99972986"
"66708","99974554","57820408"
"66709","99974554","92441547"
"66710","99974554","99976914"
"66711","99974554","64912734"
"66712","99974554","80122678"
"66713","99974554","62960226"
"66714","99974554","94203253"
"66715","99974554","99972711"
"66716","99974554","65986969"
"66717","99974554","99978038"
"66718","99974554","62955165"
"66719","99974554","78889333"
"66720","99974554","80127116"
"66721","99974554","92441536"
"66722","99974554","97745954"
"66723","99974554","58342470"
"66724","99974554","92446207"
"66725","99974554","103341632"
"66726","99974554","58142017"
"66727","99974554","58142189"
"66728","99974554","103493676"
"66729","99974554","103337424"
"66730","99975494","92441551"
"66731","99975650","99974535"
"66732","99975650","99972991"
"66733","99975650","71484822"
"66734","99975650","94201475"
"66735","99975650","59216487"
"66736","99975650","86682004"
"66737","99975650","65801375"
"66738","99975847","88625328"
"66739","99975847","86681940"
"66740","99975847","57821251"
"66741","99975847","69499978"
"66742","99975847","61683647"
"66743","99975847","88625657"
"66744","99975847","58334505"
"66745","99975847","57819025"
"66746","99975847","69500863"
"66747","99975847","103491543"
"66748","99975847","99972738"
"66749","57820292","62955644"
"66750","57820949","78892885"
"66751","57821078","92445767"
"66752","58140577","99978680"
"66753","58141234","103085879"
"66754","58141363","103340956"
"66755","58341363","58141595"
"66756","58342117","78892911"
"66757","96097405","103490598"
"66758","96097405","86685753"
"66759","97747661","104177904"
"66760","97747661","69504540"
"66761","99972851","99978184"
"66762","99972851","97752612"
"66763","57819776","97747554"
"66764","57819873","86679885"
"66765","57819875","94201926"
"66766","57819914","103086785"
"66767","57819914","64912002"
"66768","57819914","96091532"
"66769","57819914","58280786"
"66770","57819915","57821288"
"66771","57819927","94196987"
"66772","57820980","88621006"
"66773","57821004","97747494"
"66774","58140061","58341996"
"66775","58140158","61583101"
"66776","58140160","65985709"
"66777","58140199","97753685"
"66778","58140199","58141560"
"66779","58140199","58141661"
"66780","58140199","99975606"
"66781","58140200","59658731"
"66782","58140212","57829559"
"66783","58141265","57820027"
"66784","58141289","97749518"
"66785","58340846","58142149"
"66786","58340942","99976779"
"66787","58340944","58139818"
"66788","58340982","88622193"
"66789","58340982","69503574"
"66790","58340982","71485805"
"66791","58340982","103087162"
"66792","58340982","103491842"
"66793","58340983","92257484"
"66794","58342026","61683106"
"66795","58342049","58142399"
"66796","96093539","86686126"
"66797","96093539","61773739"
"66798","96097574","58272224"
"66799","96097574","78892896"
"66800","96097575","58341470"
"66801","96097575","65802598"
"66802","97747491","88676303"
"66803","97747491","64916587"
"66804","97747492","104177027"
"66805","97747492","94201121"
"66806","97751525","67695513"
"66807","97751525","61772049"
"66808","99972681","57819610"
"66809","99972681","86686304"
"66810","99972682","58143148"
"66811","99972682","96094731"
"66812","99976715","80123827"
"66813","99976715","92445909"
"66814","57820172","58342412"
"66815","57821257","103339802"
"66816","57821257","94197335"
"66817","57821257","94201406"
"66818","57821269","71488221"
"66819","57821269","58141680"
"66820","57821269","97747659"
"66821","57821372","64912769"
"66822","58140457","103342404"
"66823","58141542","86684156"
"66824","58141542","88624359"
"66825","58141542","92440069"
"66826","58141554","99972047"
"66827","58141554","78890025"
"66828","58141554","71484949"
"66829","58141657","58141596"
"66830","58341247","103339779"
"66831","58342292","78896257"
"66832","58342292","67697277"
"66833","58342292","58141603"
"66834","58342304","58140459"
"66835","58342304","104169980"
"66836","58342304","97752878"
"66837","58342407","69505314"
"66838","57818640","96095665"
"66839","57819730","65797675"
"66840","57820852","69507161"
"66841","58138925","57829381"
"66842","58140015","57822648"
"66843","58141137","80124998"
"66844","58339994","103502350"
"66845","58341898","67695073"
"66846","103087202","96094775"
"66847","103087706","58141648"
"66848","103342272","57820276"
"66849","103342776","103081474"
"66850","103501801","62961916"
"66851","103501971","61775293"
"66852","104177346","58141687"
"66853","104177850","57821186"
"66854","57818401","103086418"
"66855","57818589","61684160"
"66856","57818598","64978455"
"66857","57818619","96095717"
"66858","57818791","103081762"
"66859","57818794","88677818"
"66860","57818795","62961981"
"66861","57818796","57829530"
"66862","57818797","59669650"
"66863","57818902","92258359"
"66864","57818919","94198758"
"66865","57819010","78889370"
"66866","57819431","94202717"
"66867","57819449","103081819"
"66868","57819449","103503319"
"66869","57819449","88618598"
"66870","57819449","58141536"
"66871","57819461","58340758"
"66872","57819461","57819679"
"66873","57819461","71485276"
"66874","57819844","78894603"
"66875","57819973","58140960"
"66876","57819973","104176007"
"66877","57820106","71487015"
"66878","57820138","58341463"
"66879","57820213","86682088"
"66880","57820307","67692413"
"66881","57820370","59659649"
"66882","57820371","99972733"
"66883","57820378","58342426"
"66884","57820522","92253179"
"66885","57820630","94201866"
"66886","57820801","61581050"
"66887","57820854","71489289"
"66888","57820953","61684691"
"66889","57820955","92440974"
"66890","57821035","58339993"
"66891","57821062","104170344"
"66892","57821062","80125098"
"66893","57821063","62955572"
"66894","57821064","59669036"
"66895","57821081","58349884"
"66896","57821083","64914760"
"66897","57821137","58143430"
"66898","57821137","86681220"
"66899","57821137","103343037"
"66900","57821146","104169981"
"66901","57821146","71482996"
"66902","57821181","57820214"
"66903","57821449","97752106"
"66904","57821468","67690614"
"66905","57821477","59668187"
"66906","57821622","88624359"
"66907","57821643","104170254"
"66908","57821971","97747318"
"66909","57822024","96095994"
"66910","57822034","57820503"
"66911","57822120","58343276"
"66912","57822533","92446197"
"66913","57822813","67696456"
"66914","57822834","88625711"
"66915","57823008","92445488"
"66916","57823245","92440167"
"66917","57823245","99977912"
"66918","57823245","78890252"
"66919","57823257","61579179"
"66920","57823257","104172684"
"66921","57829372","57821265"
"66922","57829372","97751547"
"66923","57829380","65800364"
"66924","57829407","78888389"
"66925","57829407","88677669"
"66926","57829427","86682068"
"66927","57829427","97750461"
"66928","57829438","92256041"
"66929","57829452","71487109"
"66930","57829477","97751619"
"66931","58138686","92444731"
"66932","58138874","58142540"
"66933","58138883","78892934"
"66934","58138904","69502648"
"66935","58139076","57821295"
"66936","58139079","88625057"
"66937","58139080","61686694"
"66938","58139081","96092215"
"66939","58139082","61774951"
"66940","58139187","94195571"
"66941","58139204","80127806"
"66942","58139295","103503360"
"66943","58139716","58342429"
"66944","58139734","94200199"
"66945","58139734","96097406"
"66946","58139734","103339675"
"66947","58139734","78889958"
"66948","58139746","57829447"
"66949","58139746","96094629"
"66950","58139746","99978067"
"66951","58140129","67695621"
"66952","58140258","64983154"
"66953","58140258","58140312"
"66954","58140391","62955905"
"66955","58140423","103342077"
"66956","58140498","59665111"
"66957","58140592","80127897"
"66958","58140655","86681837"
"66959","58140656","96095901"
"66960","58140663","67694097"
"66961","58140807","62960315"
"66962","58140915","104177954"
"66963","58141086","96092861"
"66964","58141139","103087291"
"66965","58141238","99974526"
"66966","58141240","58349886"
"66967","58141320","71488181"
"66968","58141347","59667511"
"66969","58141347","80127814"
"66970","58141348","88673458"
"66971","58141349","69500731"
"66972","58141366","96093250"
"66973","58141368","71484813"
"66974","58141422","57821307"
"66975","58141422","65802553"
"66976","58141422","69505429"
"66977","58141431","64914946"
"66978","58141431","99978740"
"66979","58141466","92257420"
"66980","58141734","59668835"
"66981","58141753","97749352"
"66982","58141762","96093385"
"66983","58141907","59669598"
"66984","58141928","99976890"
"66985","58142256","94195673"
"66986","58142309","86684601"
"66987","58142319","58139831"
"66988","58142405","88621002"
"66989","58142818","96094741"
"66990","58143098","58342123"
"66991","58143119","99974713"
"66992","58143293","80121937"
"66993","58143530","103494337"
"66994","58143530","97748198"
"66995","58143530","69499951"
"66996","58143542","67695502"
"66997","58143542","58140221"
"66998","58151747","57820953"
"66999","58151747","61686928"
"67000","58151755","65799248"
"67001","58151782","103086375"
"67002","58151782","64909965"
"67003","58151802","58341180"
"67004","58151802","88673422"
"67005","58151813","58138876"
"67006","58151827","97750334"
"67007","58151852","64914456"
"67008","58339945","103494662"
"67009","58339952","88623554"
"67010","58339973","61584384"
"67011","58340201","97753002"
"67012","58340234","58320212"
"67013","58340569","88673404"
"67014","58340587","104175072"
"67015","58340587","58343824"
"67016","58340587","58342343"
"67017","58340597","103336827"
"67018","58340688","58340686"
"67019","58340688","103341788"
"67020","58340690","97747604"
"67021","58340690","96093363"
"67022","58341180","58341025"
"67023","58341212","61684599"
"67024","58341286","57821640"
"67025","58341439","86681589"
"67026","58341440","92250247"
"67027","58341447","61768303"
"67028","58341587","57819858"
"67029","58341675","71487996"
"67030","58341847","94201496"
"67031","58341900","57821311"
"67032","58342000","103081928"
"67033","58342002","58151906"
"67034","58342078","103081132"
"67035","58342120","58343546"
"67036","58342122","92444520"
"67037","58342216","67695425"
"67038","58342484","104178604"
"67039","58342501","62957578"
"67040","58342510","103337119"
"67041","58342643","71484847"
"67042","58342664","88673223"
"67043","58343537","57822151"
"67044","58343804","94203123"
"67045","58343824","96094596"
"67046","58344205","88621024"
"67047","58344205","103335125"
"67048","58344205","58141320"
"67049","58344217","104173648"
"67050","58344217","61685851"
"67051","58350186","96092816"
"67052","58350186","69502142"
"67053","58350194","97748624"
"67054","58350221","57820229"
"67055","58350221","57821413"
"67056","59216276","103081128"
"67057","59216286","103502423"
"67058","59669583","71488102"
"67059","59669593","58141055"
"67060","61584659","97747555"
"67061","61584669","88626840"
"67062","61680466","78894101"
"67063","61680476","65797376"
"67064","61768370","64979703"
"67065","61768380","78892330"
"67066","62960296","64911960"
"67067","62960306","61584382"
"67068","64914914","103336832"
"67069","64914924","92441527"
"67070","64983225","58142985"
"67071","64983235","99973020"
"67072","65802374","71488209"
"67073","65802384","71488962"
"67074","65987823","61769175"
"67075","65987833","57819851"
"67076","67695489","92254188"
"67077","67695499","62958094"
"67078","69505295","58341580"
"67079","69505305","99976783"
"67080","71487977","92440270"
"67081","71487987","96097557"
"67082","78895409","97750416"
"67083","78895915","57822270"
"67084","80121965","99972786"
"67085","80122471","103501800"
"67086","86685537","58141241"
"67087","86686043","59211481"
"67088","88619160","57821269"
"67089","88619666","58320212"
"67090","88676991","88624349"
"67091","88677497","88673030"
"67092","92257287","99977442"
"67093","92257793","71486233"
"67094","92439704","103337715"
"67095","92440210","92253794"
"67096","94202719","92250101"
"67097","94203225","78890135"
"67098","96092132","103337966"
"67099","97752931","97750442"
"67100","99978121","69505329"
"67101","57819775","80124942"
"67102","57819775","57821315"
"67103","57819775","97752835"
"67104","57819788","59213449"
"67105","57821175","59211380"
"67106","57821175","92444002"
"67107","57821200","58143222"
"67108","58140060","97747782"
"67109","58140060","61769984"
"67110","58140060","92440894"
"67111","58140073","86684861"
"67112","58141460","92256459"
"67113","58141460","94199331"
"67114","58141485","58143531"
"67115","58340845","62960312"
"67116","58340845","67695618"
"67117","58340845","69503949"
"67118","58340845","65990159"
"67119","58342210","61682592"
"67120","58342210","92255971"
"67121","58342235","61684722"
"67122","96096451","104174877"
"67123","96096451","61680479"
"67124","96096451","94201383"
"67125","97748614","96094645"
"67126","97748614","104176014"
"67127","97748614","69505819"
"67128","99973804","103501818"
"67129","99973804","61682595"
"67130","99973804","88619106"
"67131","103082043","92252135"
"67132","103082044","92250149"
"67133","103337113","58342348"
"67134","103337114","103080730"
"67135","103492412","67695215"
"67136","103492413","86681229"
"67137","104172187","65804057"
"67138","104172188","67692397"
"67139","59214209","71488956"
"67140","59214210","92442708"
"67141","59667501","58141695"
"67142","59667502","104177563"
"67143","61581848","58142291"
"67144","61581849","57822884"
"67145","61686660","71489829"
"67146","61686661","99972846"
"67147","61774553","96097286"
"67148","61774554","59217675"
"67149","62957961","58141178"
"67150","62957962","99974815"
"67151","64912784","62959546"
"67152","64912785","59669993"
"67153","64980513","88616139"
"67154","64980514","88620999"
"67155","65800215","64980610"
"67156","65800216","59211930"
"67157","65985688","78894101"
"67158","65985689","88676798"
"67159","67693326","65989564"
"67160","67693327","58141594"
"67161","69503114","99972851"
"67162","69503115","80121976"
"67163","71485795","103341355"
"67164","71485796","88674524"
"67165","78890246","80121946"
"67166","78890247","94203193"
"67167","80127633","88673030"
"67168","80127634","104178192"
"67169","86680375","94197063"
"67170","86680376","64911944"
"67171","88624827","103339812"
"67172","88624828","103339631"
"67173","88671829","104176611"
"67174","88671830","88670924"
"67175","92252125","58141467"
"67176","92252126","58142987"
"67177","92445371","57822831"
"67178","92445372","92257821"
"67179","94197557","92445362"
"67180","94197558","69503116"
"67181","103082047","62957611"
"67182","103082048","65982984"
"67183","103082051","61774797"
"67184","103082052","57820634"
"67185","103337117","58342357"
"67186","103337118","65800677"
"67187","103337121","96097409"
"67188","103337122","64980513"
"67189","103492416","97747543"
"67190","103492417","71488205"
"67191","103492420","78894680"
"67192","103492421","71489878"
"67193","104172191","62960506"
"67194","104172192","104173038"
"67195","104172195","65985698"
"67196","104172196","97750434"
"67197","57820019","88676304"
"67198","57820021","88671357"
"67199","58140304","80126831"
"67200","58140306","103502346"
"67201","58281563","80126377"
"67202","58281564","58341469"
"67203","58281567","57822680"
"67204","58281568","86683269"
"67205","59214213","88620810"
"67206","59214214","97752248"
"67207","59214217","97752252"
"67208","59214218","65802605"
"67209","59667505","69502255"
"67210","59667506","94203560"
"67211","59667509","67695474"
"67212","59667510","103492416"
"67213","61581852","67697232"
"67214","61581853","103081769"
"67215","61581856","92257080"
"67216","61581857","78895541"
"67217","61686664","92254820"
"67218","61686665","103341593"
"67219","61686668","97753436"
"67220","61686669","67692353"
"67221","61774557","103496146"
"67222","61774558","58141493"
"67223","61774561","65802498"
"67224","61774562","92253405"
"67225","62957965","104169992"
"67226","62957966","61774702"
"67227","62957969","57821207"
"67228","62957970","64910065"
"67229","64912788","71487942"
"67230","64912789","58342398"
"67231","64912792","64977479"
"67232","64912793","103491633"
"67233","64980517","94196688"
"67234","64980518","69502171"
"67235","64980521","88671004"
"67236","64980522","61772376"
"67237","65800219","94201402"
"67238","65800220","71490479"
"67239","65800223","92445372"
"67240","65800224","58342643"
"67241","65985692","61684134"
"67242","65985693","88620395"
"67243","65985696","57823084"
"67244","65985697","58350195"
"67245","67693330","58141717"
"67246","67693331","97752605"
"67247","67693334","97746944"
"67248","67693335","64911924"
"67249","69503118","97750449"
"67250","69503119","57820406"
"67251","69503122","61687399"
"67252","69503123","96097073"
"67253","71485799","78890247"
"67254","71485800","103340673"
"67255","71485803","99974213"
"67256","71485804","103080055"
"67257","78890250","59216490"
"67258","78890251","103502459"
"67259","78890254","103490206"
"67260","78890255","92252126"
"67261","80127625","99972992"
"67262","80127626","58341091"
"67263","80127629","103501873"
"67264","80127630","58342292"
"67265","86680379","88673393"
"67266","86680380","57829505"
"67267","86680383","57820019"
"67268","86680384","86678136"
"67269","88624819","71488000"
"67270","88624820","57823064"
"67271","88624823","58340692"
"67272","88624824","103081927"
"67273","88671833","96097565"
"67274","88671834","80128143"
"67275","88671837","99976783"
"67276","88671838","86686303"
"67277","92252129","64982233"
"67278","92252130","64912018"
"67279","92252133","103491587"
"67280","92252134","94201355"
"67281","92445363","88674473"
"67282","92445364","104173564"
"67283","92445367","88624939"
"67284","92445368","65984768"
"67285","94197561","94203354"
"67286","94197562","103492414"
"67287","94197565","103086286"
"67288","94197566","88625731"
"67289","96092135","97752140"
"67290","96098197","97753147"
"67291","97746869","92442744"
"67292","97752928","99977348"
"67293","99972059","69502790"
"67294","99978118","88673043"
"67295","103087354","99978174"
"67296","103342424","99976742"
"67297","103495014","65989583"
"67298","104177498","58140541"
"67299","57819008","80123630"
"67300","58139293","57822533"
"67301","58320617","69505288"
"67302","58340232","103503365"
"67303","58340689","92444518"
"67304","58340689","61581060"
"67305","59215527","58141369"
"67306","59668810","103502429"
"67307","59668810","71487099"
"67308","61583157","62960197"
"67309","61684174","58143222"
"67310","61772069","61680482"
"67311","62959386","104177140"
"67312","64914116","92444171"
"67313","64981822","94200215"
"67314","65801554","69508324"
"67315","65987025","86686409"
"67316","67694669","57822814"
"67317","69504473","92445543"
"67318","71487155","58349978"
"67319","78895561","65984850"
"67320","80122319","92257903"
"67321","86685689","61581853"
"67322","88619514","92255964"
"67323","88677143","97753061"
"67324","92257439","92254683"
"67325","92440058","58142511"
"67326","94202871","92446241"
"67327","96091980","86679873"
"67328","96092117","71488213"
"67329","96092136","80127413"
"67330","96092136","88674348"
"67331","96099542","80129519"
"67332","96099542","78889958"
"67333","96099542","97752838"
"67334","96099542","104171644"
"67335","96099542","88625096"
"67336","96099542","88627078"
"67337","96099542","65800481"
"67338","96099542","94202044"
"67339","96099542","103086235"
"67340","96099542","57818619"
"67341","96099542","57821106"
"67342","96099542","103336691"
"67343","96099542","94203250"
"67344","96099542","61579105"
"67345","96099542","69506232"
"67346","96099542","103492417"
"67347","96099542","92440628"
"67348","96099542","69507111"
"67349","96099542","103342944"
"67350","96099542","92251551"
"67351","97745566","86684712"
"67352","97745566","94201344"
"67353","97745566","92251671"
"67354","97745566","57821164"
"67355","97745566","58341023"
"67356","97745566","58350215"
"67357","97745566","59671041"
"67358","97745566","92441527"
"67359","97745566","58142009"
"67360","97745566","65802102"
"67361","97745566","67695395"
"67362","97745566","94197047"
"67363","97745566","58341358"
"67364","97745566","78890634"
"67365","97745566","65982852"
"67366","97745566","62957201"
"67367","97745566","92441351"
"67368","97745566","103490466"
"67369","97752927","103342831"
"67370","97752927","57818798"
"67371","97752946","86680853"
"67372","97753083","58342224"
"67373","99970756","64982465"
"67374","99970756","96091577"
"67375","99970756","97747493"
"67376","99970756","103494613"
"67377","99970756","103085830"
"67378","99970756","88671006"
"67379","99970756","57821946"
"67380","99970756","58140589"
"67381","99970756","86681968"
"67382","99970756","96092221"
"67383","99970756","97752148"
"67384","99970756","57821325"
"67385","99970756","65801502"
"67386","99970756","88619613"
"67387","99970756","104170368"
"67388","99970756","92441542"
"67389","99970756","94195711"
"67390","99970756","104177284"
"67391","99978117","58343765"
"67392","99978117","103504269"
"67393","99978136","57821487"
"67394","99978273","58143425"
"67395","103083242","57820980"
"67396","103083242","92255914"
"67397","103083242","71486248"
"67398","103083242","88619748"
"67399","103083242","57820647"
"67400","103083242","104173451"
"67401","103083242","86683042"
"67402","103083242","97752105"
"67403","103083242","58139453"
"67404","103083242","62960312"
"67405","103083242","99974546"
"67406","103083242","103335144"
"67407","103083242","86678416"
"67408","103083384","103342413"
"67409","103083386","103493889"
"67410","103083495","59216452"
"67411","103083496","64910719"
"67412","103084927","96099282"
"67413","103085796","96094637"
"67414","103085796","99977435"
"67415","103087198","57821304"
"67416","103087198","64981646"
"67417","103338312","86678364"
"67418","103338312","57821856"
"67419","103338312","88624828"
"67420","103338312","92439116"
"67421","103338312","88624330"
"67422","103338312","61684389"
"67423","103338312","57819574"
"67424","103338312","58141239"
"67425","103338312","97747520"
"67426","103338312","92253081"
"67427","103338312","86680381"
"67428","103338312","58320491"
"67429","103338312","59668285"
"67430","103338454","88671838"
"67431","103338456","69502169"
"67432","103338565","88671548"
"67433","103338566","92440642"
"67434","103339997","80125550"
"67435","103340866","57821428"
"67436","103340866","58343932"
"67437","103342268","99976744"
"67438","103342268","61769235"
"67439","103493611","69505528"
"67440","103493611","97747585"
"67441","103493611","80121707"
"67442","103493611","61686948"
"67443","103493611","96095951"
"67444","103493611","96096019"
"67445","103493611","99972734"
"67446","103493611","78895310"
"67447","103493611","86684198"
"67448","103493611","97747992"
"67449","103493611","58139001"
"67450","103493611","57819734"
"67451","103493611","58342346"
"67452","103493753","92253326"
"67453","103493755","86684130"
"67454","103493864","97751689"
"67455","103493865","99974789"
"67456","103493888","67695695"
"67457","103494094","71489898"
"67458","103494094","97752176"
"67459","103494996","94203335"
"67460","103494996","88622125"
"67461","104173386","97748678"
"67462","104173386","58140549"
"67463","104173386","58143531"
"67464","104173386","80124960"
"67465","104173386","92444003"
"67466","104173386","96094605"
"67467","104173386","58142415"
"67468","104173386","97752992"
"67469","104173386","78888361"
"67470","104173386","104178909"
"67471","104173386","88673197"
"67472","104173386","103086267"
"67473","104173386","94198757"
"67474","104173528","58342493"
"67475","104173530","57818778"
"67476","104173639","103502415"
"67477","104173640","62961895"
"67478","104175071","67695695"
"67479","104175940","88624998"
"67480","104175940","94199396"
"67481","104177342","58141707"
"67482","104177342","67693335"
"67483","57820000","103339803"
"67484","57820024","103343134"
"67485","57820025","88626804"
"67486","57820302","58151737"
"67487","57821071","103494245"
"67488","57821502","64980521"
"67489","57822929","97746863"
"67490","58140285","86679568"
"67491","58140309","65800223"
"67492","58140310","99974761"
"67493","58140587","71489295"
"67494","58141356","88621003"
"67495","58141787","58342894"
"67496","58143214","86684226"
"67497","58279529","61684571"
"67498","58280797","92257385"
"67499","58320097","78887999"
"67500","58320097","59214993"
"67501","58320097","96092955"
"67502","58320139","59211826"
"67503","58320210","104170344"
"67504","58320974","88675676"
"67505","58320979","96098089"
"67506","58341088","80122445"
"67507","58341089","58342121"
"67508","58341373","71486391"
"67509","59212163","103085866"
"67510","59212163","97752240"
"67511","59213443","64910358"
"67512","59215343","96093024"
"67513","59215343","86684211"
"67514","59215343","88671377"
"67515","59215343","57821198"
"67516","59215343","104172655"
"67517","59215356","59216129"
"67518","59215357","58341254"
"67519","59215378","104176004"
"67520","59215620","80127958"
"67521","59215622","58140795"
"67522","59660641","61581852"
"67523","59660641","58342027"
"67524","59665216","64982450"
"67525","59665216","103335800"
"67526","59668634","65985689"
"67527","59668634","62960372"
"67528","59668634","71488038"
"67529","59668634","65984868"
"67530","59668634","65803616"
"67531","59668634","103491940"
"67532","59668634","99975587"
"67533","59668634","103503376"
"67534","59668634","57829374"
"67535","59668634","71485799"
"67536","59668634","99978702"
"67537","59668634","88623240"
"67538","59668647","57821654"
"67539","59668648","78895354"
"67540","59668669","58350187"
"67541","59668908","80127750"
"67542","59668910","96098206"
"67543","61579787","61771929"
"67544","61581071","64984092"
"67545","61582981","86679961"
"67546","61582981","65987339"
"67547","61582981","69507256"
"67548","61582981","59218208"
"67549","61582981","62955907"
"67550","61582981","61680484"
"67551","61582981","58342463"
"67552","61582994","92253519"
"67553","61582995","88677525"
"67554","61583016","99976715"
"67555","61583615","99978207"
"67556","61583617","58141441"
"67557","61683998","64910041"
"67558","61683998","88677199"
"67559","61683998","64912419"
"67560","61683998","59214314"
"67561","61683998","92255960"
"67562","61683998","96097290"
"67563","61683998","71489955"
"67564","61683998","62959886"
"67565","61683998","92445876"
"67566","61683998","96097519"
"67567","61683998","99978137"
"67568","61683998","88671561"
"67569","61684011","71484893"
"67570","61684012","97752725"
"67571","61684033","61585532"
"67572","61684272","78894082"
"67573","61684274","99979490"
"67574","61684610","61768093"
"67575","61684610","58342468"
"67576","61685896","78894918"
"67577","61685896","99972074"
"67578","61771893","58341088"
"67579","61771893","57821006"
"67580","61771893","58141544"
"67581","61771893","64984321"
"67582","61771893","64980165"
"67583","61771893","71482613"
"67584","61771893","88620905"
"67585","61771893","94197057"
"67586","61771893","64911941"
"67587","61771893","58339773"
"67588","61771893","99972540"
"67589","61771893","61684221"
"67590","61771906","92256869"
"67591","61771907","65799293"
"67592","61771928","59666564"
"67593","61772167","57820954"
"67594","61772169","61685832"
"67595","61772505","71485800"
"67596","61772505","92442812"
"67597","61773790","58342314"
"67598","61773790","78894200"
"67599","62955907","78891097"
"67600","62955907","96094667"
"67601","62957194","65982832"
"67602","62959210","57820805"
"67603","62959210","58142539"
"67604","62959210","71485253"
"67605","62959210","78896176"
"67606","62959210","58143214"
"67607","62959210","61686945"
"67608","62959210","58143215"
"67609","62959210","99972748"
"67610","62959210","65800219"
"67611","62959210","103087227"
"67612","62959210","94199390"
"67613","62959210","88673691"
"67614","62959223","58343365"
"67615","62959224","58342285"
"67616","62959245","62955211"
"67617","62959492","64984777"
"67618","62959494","65800154"
"67619","64910696","86684197"
"67620","64910696","99977202"
"67621","64911971","58141720"
"67622","64913940","57821960"
"67623","64913940","57829367"
"67624","64913940","71484748"
"67625","64913940","88669579"
"67626","64913940","61774534"
"67627","64913940","80129885"
"67628","64913940","67695613"
"67629","64913940","58342663"
"67630","64913940","80129486"
"67631","64913940","99970800"
"67632","64913940","57823074"
"67633","64913940","61582626"
"67634","64913940","61686941"
"67635","64913953","59216290"
"67636","64913954","103088456"
"67637","64913975","59214988"
"67638","64914221","97747491"
"67639","64914223","58151916"
"67640","64978466","88619670"
"67641","64979750","88672327"
"67642","64981646","65985688"
"67643","64981646","58343947"
"67644","64981646","78892805"
"67645","64981646","80126241"
"67646","64981646","58142330"
"67647","64981646","103501324"
"67648","64981646","78891996"
"67649","64981659","62960311"
"67650","64981660","57821347"
"67651","64981681","59216290"
"67652","64982232","86680427"
"67653","64982234","103080102"
"67654","65798017","58139829"
"67655","65798017","59212163"
"67656","65799296","58140015"
"67657","65801378","65798006"
"67658","65801378","94201389"
"67659","65801378","67690229"
"67660","65801378","78895434"
"67661","65801378","64983154"
"67662","65801378","97749115"
"67663","65801378","96095893"
"67664","65801378","78894098"
"67665","65801378","61583108"
"67666","65801378","61772294"
"67667","65801378","88622974"
"67668","65801378","103335131"
"67669","65801378","57818598"
"67670","65801391","67693336"
"67671","65801392","57820504"
"67672","65801413","69503595"
"67673","65801679","58342372"
"67674","65801681","57820554"
"67675","65983595","58341439"
"67676","65983595","58349892"
"67677","65984871","71484836"
"67678","65986849","104172193"
"67679","65986849","64979706"
"67680","65986849","58141550"
"67681","65986849","58349887"
"67682","65986849","65987363"
"67683","65986849","99976737"
"67684","65986849","92257497"
"67685","65986849","58142232"
"67686","65986849","67693330"
"67687","65986849","57820938"
"67688","65986849","88621005"
"67689","65986849","58342437"
"67690","65986862","80123832"
"67691","65986863","61681343"
"67692","65986884","58341464"
"67693","65987130","88626861"
"67694","65987132","71483109"
"67695","67690973","103336288"
"67696","67690973","61581044"
"67697","67692403","88619853"
"67698","67692403","103082579"
"67699","67694493","104170252"
"67700","67694493","88676357"
"67701","67694493","58143241"
"67702","67694493","57821405"
"67703","67694493","103502075"
"67704","67694493","103336789"
"67705","67694493","65797241"
"67706","67694493","104177395"
"67707","67694493","58142087"
"67708","67694493","59658352"
"67709","67694493","78894086"
"67710","67694493","99974306"
"67711","67694493","58140243"
"67712","67694506","103491959"
"67713","67694507","58341441"
"67714","67694528","99978178"
"67715","67694794","92446196"
"67716","67694796","97751712"
"67717","69500742","104170200"
"67718","69500742","103492124"
"67719","69502190","88676310"
"67720","69502190","92251333"
"67721","69504297","103494901"
"67722","69504297","88624329"
"67723","69504297","99971120"
"67724","69504297","58341815"
"67725","69504297","103343835"
"67726","69504297","57821083"
"67727","69504297","64909916"
"67728","69504297","61586180"
"67729","69504297","58342216"
"67730","69504297","92251845"
"67731","69504297","103337114"
"67732","69504297","103085980"
"67733","69504297","59671084"
"67734","69504310","58343389"
"67735","69504311","94201802"
"67736","69504332","65797405"
"67737","69504599","58143151"
"67738","69504601","65800676"
"67739","71483413","96093379"
"67740","71483413","61772388"
"67741","71484863","94204023"
"67742","71484863","99972849"
"67743","71486979","88671324"
"67744","71486979","97747609"
"67745","71486979","103087993"
"67746","71486979","59671034"
"67747","71486979","61684370"
"67748","71486979","65802363"
"67749","71486979","94196732"
"67750","71486979","58141580"
"67751","71486979","80121861"
"67752","71486979","58141527"
"67753","71486979","58140498"
"67754","71486979","57821078"
"67755","71486979","96096817"
"67756","71486992","58138865"
"67757","71486993","88621023"
"67758","71487014","58142482"
"67759","71487281","104175940"
"67760","71487283","92253716"
"67761","78891446","64914900"
"67762","78891446","57819975"
"67763","78891446","64913394"
"67764","78891446","61585524"
"67765","78891446","88616313"
"67766","78891446","92250114"
"67767","78891446","94196644"
"67768","78891446","61583878"
"67769","78891446","86680179"
"67770","78891446","71487858"
"67771","78891446","99975591"
"67772","78891446","58349874"
"67773","78891446","88673135"
"67774","78891588","96094731"
"67775","78891590","61772591"
"67776","78891699","92255909"
"67777","78891700","96098451"
"67778","78893132","61686661"
"67779","78894002","80125890"
"67780","78895405","67695685"
"67781","78895405","103083615"
"67782","80122475","103084705"
"67783","80122475","97750399"
"67784","80123878","88623366"
"67785","80123878","99975588"
"67786","80124748","65987073"
"67787","80126180","96093453"
"67788","80126181","61584381"
"67789","80126290","58342470"
"67790","80126292","67692861"
"67791","80126434","92443659"
"67792","80126434","97750657"
"67793","80126434","96099137"
"67794","80126434","61680674"
"67795","80126434","71488507"
"67796","80126434","61775229"
"67797","80126434","103082888"
"67798","80126434","62959904"
"67799","80126434","57821371"
"67800","80126434","103081131"
"67801","80126434","96097274"
"67802","80126434","92257877"
"67803","80126434","103084932"
"67804","86681575","78891447"
"67805","86681575","78892942"
"67806","86681575","62960432"
"67807","86681575","88621023"
"67808","86681575","88675691"
"67809","86681575","69504657"
"67810","86681575","103080061"
"67811","86681575","92445364"
"67812","86681575","97750459"
"67813","86681575","58141597"
"67814","86681575","99972799"
"67815","86681575","96094404"
"67816","86681575","103493265"
"67817","86681717","78892048"
"67818","86681719","58340200"
"67819","86681828","103081140"
"67820","86681829","96097746"
"67821","86683260","78891996"
"67822","86684130","57820802"
"67823","86684130","99977265"
"67824","86685533","86686026"
"67825","86685533","57820852"
"67826","88619670","67697342"
"67827","88619670","96097867"
"67828","88621073","58341043"
"67829","88621073","57821065"
"67830","88621943","103080101"
"67831","88623374","61581486"
"67832","88623375","58140685"
"67833","88623484","104173988"
"67834","88623486","64984102"
"67835","88623628","65987361"
"67836","88623628","67695725"
"67837","88623628","103343835"
"67838","88623628","104172824"
"67839","88623628","86681285"
"67840","88623628","97751788"
"67841","88623628","58141324"
"67842","88623628","61775226"
"67843","88623628","71488216"
"67844","88623628","65800216"
"67845","88623628","104172015"
"67846","88623628","97747660"
"67847","88623628","94200210"
"67848","88673029","58151759"
"67849","88673029","59670348"
"67850","88673029","103503333"
"67851","88673029","104172196"
"67852","88673029","97747657"
"67853","88673029","65801655"
"67854","88673029","58342049"
"67855","88673029","61685896"
"67856","88673029","61772169"
"67857","88673029","88671377"
"67858","88673029","67694145"
"67859","88673029","96094620"
"67860","88673029","97753127"
"67861","88673171","58342399"
"67862","88673173","57821052"
"67863","88673282","64910807"
"67864","88673283","78894991"
"67865","88674714","97752721"
"67866","88675584","65799248"
"67867","88676987","103491504"
"67868","88676987","67693467"
"67869","92253325","88625022"
"67870","92253325","71483118"
"67871","92253325","58342389"
"67872","92253325","103492131"
"67873","92253325","57820251"
"67874","92253325","58141564"
"67875","92253325","99973020"
"67876","92253325","57821331"
"67877","92253325","58141335"
"67878","92253325","58141473"
"67879","92253325","58342313"
"67880","92253325","97746968"
"67881","92253325","86682938"
"67882","92253467","99975602"
"67883","92253469","103503316"
"67884","92253578","57820378"
"67885","92253579","67694796"
"67886","92255010","64914222"
"67887","92255880","103336201"
"67888","92255880","94203386"
"67889","92257283","67697334"
"67890","92257283","59669519"
"67891","92440214","88623628"
"67892","92440214","58342355"
"67893","92441617","57821642"
"67894","92442487","61768250"
"67895","92443918","57820261"
"67896","92443919","97751608"
"67897","92444028","62957970"
"67898","92444030","92251219"
"67899","92444172","64910003"
"67900","92444172","57819873"
"67901","92444172","103336845"
"67902","92444172","67695515"
"67903","92444172","96093068"
"67904","92444172","88671375"
"67905","92444172","58142464"
"67906","92444172","59669805"
"67907","92444172","92444854"
"67908","92444172","97752042"
"67909","92444172","69503105"
"67910","92444172","103504225"
"67911","92444172","57818695"
"67912","94198757","61768283"
"67913","94198757","58140656"
"67914","94198757","71486167"
"67915","94198757","88626861"
"67916","94198757","97750426"
"67917","94198757","58138883"
"67918","94198757","58341304"
"67919","94198757","58142556"
"67920","94198757","96092083"
"67921","94198757","96099304"
"67922","94198757","99975651"
"67923","94198757","94198946"
"67924","94198757","103336785"
"67925","94198899","61683648"
"67926","94198901","69499911"
"67927","94199010","59669594"
"67928","94199011","59216303"
"67929","94200442","58141683"
"67930","94201312","65986038"
"67931","94201312","86684228"
"67932","94202715","57818639"
"67933","94202715","94198092"
"67934","96092310","59218214"
"67935","96094404","65802540"
"67936","96094404","58342209"
"67937","96094404","80124962"
"67938","96094404","86679466"
"67939","96094404","92252012"
"67940","96094404","64915126"
"67941","96094404","69503273"
"67942","96094404","57820770"
"67943","96094404","96097868"
"67944","96094404","103086785"
"67945","96094404","64909986"
"67946","96094404","94199120"
"67947","96094404","103336660"
"67948","96094404","58141600"
"67949","96094404","92252133"
"67950","96094404","69499951"
"67951","96094404","57822813"
"67952","96094404","86681643"
"67953","96094404","57821643"
"67954","96094404","80127745"
"67955","96094404","97752148"
"67956","96094404","58341548"
"67957","96094404","61768549"
"67958","96094404","57822883"
"67959","96094404","57821247"
"67960","96094404","57821004"
"67961","96094404","58141592"
"67962","96094404","97751631"
"67963","96094404","104171901"
"67964","96094404","71489898"
"67965","96094404","99975794"
"67966","96094404","103335179"
"67967","96094404","65801498"
"67968","96094404","67690310"
"67969","96094404","99970991"
"67970","96094404","58140657"
"67971","96094404","96095832"
"67972","96094404","58340874"
"67973","96094404","57820938"
"67974","96094404","103492144"
"67975","96094404","67696435"
"67976","96094404","65797277"
"67977","96094404","86683079"
"67978","96094404","69505434"
"67979","96094404","80129519"
"67980","96094404","97748971"
"67981","96094404","64984031"
"67982","96094404","69504333"
"67983","96094404","88620984"
"67984","96094404","69505539"
"67985","96094404","71482592"
"67986","96094404","67696449"
"67987","96094404","58140249"
"67988","96094404","58138701"
"67989","96094404","58342304"
"67990","96094404","58336234"
"67991","96094404","92257207"
"67992","96094404","58143537"
"67993","96094404","92255966"
"67994","96094404","59215736"
"67995","96094404","88623522"
"67996","96094404","80127624"
"67997","96094404","58342397"
"67998","96094404","65797252"
"67999","96094404","58141565"
"68000","96094404","67696035"
"68001","96094404","96094616"
"68002","96094404","92255929"
"68003","96094404","104178191"
"68004","96094404","96093337"
"68005","96094409","57821308"
"68006","96095734","96096824"
"68007","96095734","57822836"
"68008","96095734","58141494"
"68009","96095734","57820249"
"68010","96095734","65982973"
"68011","96095734","58342469"
"68012","96095840","104172640"
"68013","96095841","71486056"
"68014","96095895","58141244"
"68015","96095897","58342409"
"68016","96095950","88675680"
"68017","96095952","64912814"
"68018","96096094","103504473"
"68019","96096094","97750408"
"68020","96096094","58342340"
"68021","96096094","58138925"
"68022","96096094","58141609"
"68023","96096094","58340858"
"68024","96096094","59211126"
"68025","96096094","64915087"
"68026","96096094","57819956"
"68027","96096094","97751704"
"68028","96096094","57829382"
"68029","96096094","97745953"
"68030","96096094","61686968"
"68031","97748971","62957202"
"68032","97748971","97752873"
"68033","97748971","69502187"
"68034","97748971","104171894"
"68035","97748971","96091462"
"68036","97748971","58343537"
"68037","97748971","61774833"
"68038","97748971","92255930"
"68039","97748971","92441551"
"68040","97748971","65989596"
"68041","97748971","88618603"
"68042","97748971","64984796"
"68043","97748971","104172191"
"68044","97749113","78894096"
"68045","97749115","58141364"
"68046","97749168","103342297"
"68047","97749170","65799309"
"68048","97749224","78889339"
"68049","97749225","65801540"
"68050","97749331","88624824"
"68051","97749331","57821736"
"68052","97749331","104176411"
"68053","97749331","59667505"
"68054","97749331","96097264"
"68055","97750656","69507779"
"68056","97750661","69505539"
"68057","97750661","96097289"
"68058","97750661","99974590"
"68059","97750661","67695503"
"68060","97750661","58342068"
"68061","97750661","57821398"
"68062","97750661","58143389"
"68063","97750661","58342299"
"68064","97750661","61686909"
"68065","97750661","58344066"
"68066","97750661","62957613"
"68067","97750661","94200203"
"68068","97750661","103087255"
"68069","97750661","88619765"
"68070","97750661","97750289"
"68071","97750661","99978125"
"68072","97750661","88619106"
"68073","97750661","94196983"
"68074","97750661","94202523"
"68075","97750661","58141235"
"68076","97750661","61775618"
"68077","97750661","69500742"
"68078","97750661","71482589"
"68079","97750661","88620346"
"68080","97750661","61581052"
"68081","97750661","92252974"
"68082","97750661","92254815"
"68083","97750661","99972710"
"68084","97750661","104173753"
"68085","97750661","80122678"
"68086","97750661","58141593"
"68087","97750661","58140304"
"68088","97750661","88676161"
"68089","97750661","97747350"
"68090","97750661","80128408"
"68091","97750661","88625096"
"68092","97750661","88669850"
"68093","97750661","80127902"
"68094","97750661","57820683"
"68095","97750661","94201410"
"68096","97750661","61579177"
"68097","97750661","59215823"
"68098","97750661","99972683"
"68099","97750661","92445485"
"68100","97750661","96094654"
"68101","97750661","58341358"
"68102","97750661","92256438"
"68103","97750661","99973413"
"68104","97750661","103495646"
"68105","97750661","58336234"
"68106","97750661","103340944"
"68107","97750661","64978455"
"68108","97750661","58140311"
"68109","97750661","103501556"
"68110","97750661","58349849"
"68111","97750661","58342358"
"68112","97750661","61681567"
"68113","97750661","58341971"
"68114","97750661","65802435"
"68115","97750661","88672874"
"68116","97750661","103338693"
"68117","97750661","58341569"
"68118","97750661","88677197"
"68119","97750661","94200201"
"68120","97750661","97751590"
"68121","97752754","58141174"
"68122","99974161","58141575"
"68123","99974161","58340922"
"68124","99974161","92444028"
"68125","99974161","88620595"
"68126","99974161","88674492"
"68127","99974161","96091291"
"68128","99974161","65797274"
"68129","99974161","94197361"
"68130","99974161","103083783"
"68131","99974161","58141391"
"68132","99974161","92255956"
"68133","99974161","61684481"
"68134","99974161","103081254"
"68135","99974303","97747492"
"68136","99974305","96095518"
"68137","99974358","57822374"
"68138","99974360","69505306"
"68139","99974414","61686681"
"68140","99974415","97751525"
"68141","99974521","92257493"
"68142","99974521","59669129"
"68143","99974521","58141531"
"68144","99974521","57822528"
"68145","99974521","71488507"
"68146","99975846","103502445"
"68147","99975851","97747504"
"68148","99975851","58343541"
"68149","99975851","80128459"
"68150","99975851","65797262"
"68151","99975851","58141020"
"68152","99975851","62955211"
"68153","99975851","78895913"
"68154","99975851","69505533"
"68155","99975851","65987346"
"68156","99975851","57821947"
"68157","99975851","57818690"
"68158","99975851","61774929"
"68159","99975851","58341719"
"68160","99975851","97750304"
"68161","99975851","86679550"
"68162","99975851","61773783"
"68163","99975851","104174839"
"68164","99975851","65802896"
"68165","99975851","104173966"
"68166","99975851","97751554"
"68167","99975851","99972681"
"68168","99975851","61769235"
"68169","99975851","97752127"
"68170","99975851","58140932"
"68171","99975851","71483115"
"68172","99975851","61686910"
"68173","99975851","65802583"
"68174","99975851","67695618"
"68175","99975851","103503473"
"68176","99975851","78890250"
"68177","99975851","58340945"
"68178","99975851","103087334"
"68179","99975851","104174250"
"68180","99975851","99977631"
"68181","99975851","94197046"
"68182","99975851","78895199"
"68183","99975851","57820402"
"68184","99975851","58142892"
"68185","99975851","71489289"
"68186","99975851","103342335"
"68187","99975851","80122621"
"68188","99975851","99972691"
"68189","99975851","96097869"
"68190","99975851","58141090"
"68191","99975851","92252131"
"68192","99975851","69500083"
"68193","99975851","88677113"
"68194","99975851","62961998"
"68195","99975851","99973413"
"68196","99975851","57821189"
"68197","99975851","59211928"
"68198","99975851","58139859"
"68199","99975851","57829380"
"68200","99975851","57822537"
"68201","99975851","61774558"
"68202","99975851","65985692"
"68203","99975851","58139212"
"68204","99975851","58141495"
"68205","99975851","94203248"
"68206","99975851","97752242"
"68207","99975851","64910426"
"68208","99975851","88677661"
"68209","99975851","71489696"
"68210","99975851","96092079"
"68211","99975851","92443743"
"68212","99977944","97752203"
"68213","57821355","104176427"
"68214","57821397","62960281"
"68215","58141640","58141594"
"68216","58141682","61685877"
"68217","58342390","104177137"
"68218","58342432","80126172"
"68219","103087205","57818616"
"68220","103342275","58138902"
"68221","103501968","58141756"
"68222","104177349","92441526"
"68223","57819718","88669977"
"68224","57819867","58342253"
"68225","57819867","97751591"
"68226","57819867","94198464"
"68227","57819867","57821242"
"68228","57819867","58141652"
"68229","57819867","92440995"
"68230","57819867","58339774"
"68231","57819868","96093539"
"68232","57819880","88673407"
"68233","57819880","99978131"
"68234","57821353","57820138"
"68235","57821373","58344094"
"68236","58140003","62960358"
"68237","58140152","104174849"
"68238","58140152","59216212"
"68239","58140152","59669805"
"68240","58140152","94197269"
"68241","58140152","80122428"
"68242","58140152","65804146"
"68243","58140152","96092317"
"68244","58140153","58340233"
"68245","58140165","86684395"
"68246","58140165","64910057"
"68247","58141638","58340866"
"68248","58141658","97747521"
"68249","58340936","97750422"
"68250","58340936","96094664"
"68251","58340936","61584591"
"68252","58340936","67690183"
"68253","58340936","57822533"
"68254","58340936","58342349"
"68255","58340936","59213858"
"68256","58340936","57818352"
"68257","58340936","57820261"
"68258","58340937","57821365"
"68259","58340949","103504416"
"68260","58340949","78894002"
"68261","58342388","88677197"
"68262","58342408","65987963"
"68263","59669584","69504815"
"68264","61680467","58141709"
"68265","61768371","104174837"
"68266","62960297","104177879"
"68267","64914915","92254760"
"68268","65802375","104171355"
"68269","65987824","96096449"
"68270","67695490","103338856"
"68271","69505296","96094630"
"68272","71487978","88620991"
"68273","78895412","94195583"
"68274","80122468","88676934"
"68275","86685540","58140243"
"68276","88619663","69503114"
"68277","88676994","61686945"
"68278","92257290","58140965"
"68279","92440207","96099304"
"68280","94202722","57822817"
"68281","96092123","59216114"
"68282","96092129","88620894"
"68283","97752934","92445483"
"68284","97752940","103340960"
"68285","99978124","57821083"
"68286","99978130","59668954"
"68287","57820295","58142833"
"68288","57821352","94198928"
"68289","57821423","94199307"
"68290","58140580","92254643"
"68291","58141637","61774802"
"68292","58141708","59658500"
"68293","58341366","88624394"
"68294","58342387","103081129"
"68295","58342458","58141616"
"68296","57821351","64914095"
"68297","57821421","97745566"
"68298","57821841","57821431"
"68299","58141636","99976779"
"68300","58141706","92251841"
"68301","58142126","104176507"
"68302","58342386","99972672"
"68303","58342456","58141238"
"68304","96095941","96091460"
"68305","96095942","58341320"
"68306","97749123","59658866"
"68307","97749124","97751588"
"68308","99974313","57820246"
"68309","99974314","67694147"
"68310","57818413","99972540"
"68311","57818427","99976813"
"68312","57818434","96094607"
"68313","57818946","99977327"
"68314","57820212","64912889"
"68315","57821350","80128086"
"68316","57821420","96097473"
"68317","57822059","65801502"
"68318","57822975","92251634"
"68319","57823161","96093460"
"68320","58138698","61581857"
"68321","58138712","88674492"
"68322","58138719","96093445"
"68323","58139231","103494524"
"68324","58140497","64915104"
"68325","58141635","99976806"
"68326","58141705","69506281"
"68327","58142344","65982820"
"68328","58143260","94197332"
"68329","58143446","61583838"
"68330","58341285","97750306"
"68331","58342385","58141363"
"68332","58342455","99976786"
"68333","58343950","65799280"
"68334","58344121","92257246"
"68335","57821349","103340679"
"68336","57821419","92440417"
"68337","58141634","71483503"
"68338","58141704","103084689"
"68339","58342384","61772295"
"68340","58342454","94197747"
"68341","57819896","99976804"
"68342","57819943","80124970"
"68343","57820731","88676987"
"68344","57821348","92254758"
"68345","57821417","88677658"
"68346","58140181","99974360"
"68347","58140228","62960438"
"68348","58141016","57820400"
"68349","58141633","58342002"
"68350","58141702","96099269"
"68351","58340964","103087201"
"68352","58341010","59658509"
"68353","58342383","94200248"
"68354","58342452","94202027"
"68355","57820018","57821190"
"68356","57820020","97749170"
"68357","57821346","57820980"
"68358","57821416","59670419"
"68359","58140303","97750422"
"68360","58140305","57819730"
"68361","58141631","61581068"
"68362","58141701","78892953"
"68363","58341082","92439703"
"68364","58341084","104171997"
"68365","58342381","92444945"
"68366","58342451","92252594"
"68367","57820094","96096448"
"68368","57820900","97747777"
"68369","57821344","78895462"
"68370","57821415","64981491"
"68371","57821610","72817750"
"68372","58140379","58140795"
"68373","58141185","61686664"
"68374","58141629","65988684"
"68375","58141700","69722453"
"68376","58141895","67695621"
"68377","58342379","104178150"
"68378","58342450","96090871"
"68379","103083255","61773739"
"68380","103083255","78895040"
"68381","103086265","57819936"
"68382","103086266","58141598"
"68383","103086873","58151747"
"68384","103086873","58340902"
"68385","103086873","96091474"
"68386","103086873","103083291"
"68387","103086873","104177020"
"68388","103086873","58140207"
"68389","103086873","96093461"
"68390","103086873","67693326"
"68391","103086873","58142678"
"68392","103086873","103504545"
"68393","103086873","97751559"
"68394","103086873","92446280"
"68395","103086873","69504434"
"68396","103338325","61773769"
"68397","103338325","92251611"
"68398","103341335","96099543"
"68399","103341336","88674496"
"68400","103341943","97750334"
"68401","103341943","62957987"
"68402","103341943","69504333"
"68403","103341943","58141459"
"68404","103341943","96095461"
"68405","103341943","67690232"
"68406","103341943","64978482"
"68407","103341943","97750402"
"68408","103341943","96092342"
"68409","103341943","58349968"
"68410","103341943","92442709"
"68411","103341943","69504696"
"68412","103341943","58342426"
"68413","103493624","64913940"
"68414","103493624","57819817"
"68415","103494335","99973815"
"68416","103494336","104173939"
"68417","103494707","65988039"
"68418","103494707","61770493"
"68419","103494707","71483411"
"68420","103494707","88670926"
"68421","103494707","64910318"
"68422","103494707","58272329"
"68423","103494707","92251310"
"68424","103494707","92255971"
"68425","103494707","58151880"
"68426","103494707","58342261"
"68427","103494707","58140153"
"68428","103494707","80129641"
"68429","104173399","97750434"
"68430","104173399","103494810"
"68431","104176409","58342388"
"68432","104176410","57821728"
"68433","104177017","86684224"
"68434","104177017","57818901"
"68435","104177017","97746858"
"68436","104177017","58141712"
"68437","104177017","96093737"
"68438","104177017","92441567"
"68439","104177017","96094629"
"68440","104177017","104177435"
"68441","104177017","57821025"
"68442","104177017","88620431"
"68443","104177017","88670503"
"68444","104177017","58141291"
"68445","104177017","62955565"
"68446","104177017","69500070"
"68447","57375376","57821427"
"68448","57818406","58143204"
"68449","57819761","97750442"
"68450","57820255","86686011"
"68451","57820393","58143167"
"68452","57820482","69504459"
"68453","57820818","58339949"
"68454","57821343","103339631"
"68455","57821414","59665198"
"68456","57822222","103337963"
"68457","57822394","57821274"
"68458","58138691","59215473"
"68459","58140046","92441550"
"68460","58140540","92443974"
"68461","58140678","57822298"
"68462","58140767","58141474"
"68463","58141103","99977185"
"68464","58141628","92444520"
"68465","58141699","58141086"
"68466","58142507","88674464"
"68467","58142679","62960166"
"68468","58271796","57822838"
"68469","58271798","94197361"
"68470","58339830","97751995"
"68471","58341462","88625016"
"68472","58341547","57821182"
"68473","58342378","65798006"
"68474","58342449","62960018"
"68475","58343391","92253979"
"68476","59211437","96092740"
"68477","59211439","92255880"
"68478","59211439","61680511"
"68479","59211439","88619066"
"68480","59211931","65986885"
"68481","59211932","64914060"
"68482","59658357","104170196"
"68483","59658363","57819978"
"68484","59658363","61684156"
"68485","59658363","62955656"
"68486","59658363","92442723"
"68487","59658363","65982859"
"68488","59659886","78892942"
"68489","59659888","97750402"
"68490","61578686","57818617"
"68491","61578688","104176915"
"68492","61578688","58142316"
"68493","61579182","57820106"
"68494","61579183","61769228"
"68495","61686904","88676209"
"68496","61686906","57820950"
"68497","61686906","92253794"
"68498","61686906","96097707"
"68499","61686906","58138873"
"68500","61686906","61579115"
"68501","61687404","61581814"
"68502","61687405","94202508"
"68503","61774796","57820137"
"68504","61774798","64914899"
"68505","61774798","103342321"
"68506","61774798","104176010"
"68507","61774798","57829373"
"68508","61774798","94196986"
"68509","61775296","58140164"
"68510","61775297","61687322"
"68511","62955143","64909921"
"68512","62955145","71485804"
"68513","62955145","92257076"
"68514","62955145","65802523"
"68515","62955145","58142836"
"68516","62955145","103492715"
"68517","62955145","64911962"
"68518","62955145","99972992"
"68519","62955145","59216289"
"68520","62955145","96097284"
"68521","62955145","61774508"
"68522","62955145","71484857"
"68523","62955145","62959828"
"68524","62955651","86681827"
"68525","62955652","57822929"
"68526","64909921","58141572"
"68527","64909923","103085982"
"68528","64909923","97751596"
"68529","64909923","58141641"
"68530","64909923","71482616"
"68531","64909923","58139048"
"68532","64909923","57821234"
"68533","64909923","94195680"
"68534","64909923","80123782"
"68535","64909923","78894057"
"68536","64909923","71488109"
"68537","64909923","96093461"
"68538","64909923","88624940"
"68539","64910429","96094461"
"68540","64910430","78894201"
"68541","64977413","92251839"
"68542","64977415","104174838"
"68543","64977415","57820504"
"68544","64977909","58340044"
"68545","64977910","88619877"
"68546","65797240","61768394"
"68547","65797240","97746903"
"68548","65797242","57819850"
"68549","65797242","62955649"
"68550","65797242","103501802"
"68551","65797242","99975606"
"68552","65797242","58140839"
"68553","65797242","99975626"
"68554","65797242","57820172"
"68555","65797242","67695619"
"68556","65797242","58140221"
"68557","65797242","57823117"
"68558","65797242","57821394"
"68559","65797242","103492948"
"68560","65797749","97751616"
"68561","65797750","58141607"
"68562","65982815","86680091"
"68563","65982817","88676509"
"68564","65982817","96097293"
"68565","65982817","86680385"
"68566","65982817","88622193"
"68567","65982817","103501723"
"68568","65982817","86681589"
"68569","65982817","97752840"
"68570","65982817","67694494"
"68571","65982817","88675668"
"68572","65982817","58143260"
"68573","65983324","103084709"
"68574","65983325","61775290"
"68575","67690188","64915091"
"68576","67690188","57829388"
"68577","67690190","103493265"
"68578","67690190","72817750"
"68579","67690190","64915090"
"68580","67690190","65796914"
"68581","67690190","71483093"
"68582","67690190","57819974"
"68583","67690190","58320979"
"68584","67690190","88621137"
"68585","67690190","94195717"
"68586","67690190","61768579"
"68587","67690190","65802490"
"68588","67690190","88623253"
"68589","67690190","94200443"
"68590","67690696","97752324"
"68591","67690697","58342448"
"68592","69499910","58340672"
"68593","69499910","57822148"
"68594","69499912","65802493"
"68595","69499912","69500375"
"68596","69499912","92251620"
"68597","69499912","61687074"
"68598","69499912","64914066"
"68599","69499912","57820030"
"68600","69499912","61684345"
"68601","69499912","58339830"
"68602","69499912","80124743"
"68603","69499912","57820811"
"68604","69499912","103343037"
"68605","69499912","58142083"
"68606","69499912","57821039"
"68607","69500451","97752941"
"68608","69500452","65802099"
"68609","71482572","58141433"
"68610","71482572","97752474"
"68611","71482574","58280791"
"68612","71482574","57821311"
"68613","71482574","103494503"
"68614","71482574","65983249"
"68615","71482574","59669132"
"68616","71482574","58140804"
"68617","71482574","62957545"
"68618","71482574","103082051"
"68619","71482574","103340962"
"68620","71482574","92257675"
"68621","71482574","103501844"
"68622","71482574","67694140"
"68623","71482574","58272324"
"68624","71483116","88673458"
"68625","71483117","103083518"
"68626","78891459","71483040"
"68627","78891459","80123162"
"68628","78894471","94198109"
"68629","78894472","96097268"
"68630","78895079","103502349"
"68631","78895079","86684181"
"68632","78895079","61681340"
"68633","78895079","64915126"
"68634","78895079","96094636"
"68635","78895079","58341311"
"68636","78895079","65801681"
"68637","78895079","58342337"
"68638","78895079","104171440"
"68639","78895079","61686669"
"68640","78895079","92445371"
"68641","78895079","71488107"
"68642","78895079","88673094"
"68643","80122801","61771929"
"68644","80122801","64914928"
"68645","80122801","67690273"
"68646","80122801","64978466"
"68647","80122801","99976792"
"68648","80122801","80127918"
"68649","80122801","97751596"
"68650","80122801","92255928"
"68651","80122801","103087867"
"68652","80122801","97752977"
"68653","80122801","58340846"
"68654","80122801","92443542"
"68655","80122801","62959217"
"68656","80123408","103492865"
"68657","80123409","96096387"
"68658","80126421","58141698"
"68659","80126421","65986855"
"68660","86681588","58140211"
"68661","86681588","58138864"
"68662","86684599","62959246"
"68663","86684600","71489813"
"68664","86685207","78891494"
"68665","86685207","67697343"
"68666","86685207","62960165"
"68667","86685207","96097868"
"68668","86685207","80126419"
"68669","86685207","103085828"
"68670","86685207","57820513"
"68671","86685207","69502143"
"68672","86685207","58141543"
"68673","86685207","80125888"
"68674","86685207","57821082"
"68675","86685207","92253689"
"68676","86685207","61768283"
"68677","88619996","99972790"
"68678","88619996","104177350"
"68679","88619996","61686910"
"68680","88619996","61579104"
"68681","88619996","99972963"
"68682","88619996","67695012"
"68683","88619996","99977691"
"68684","88619996","57819440"
"68685","88619996","80123409"
"68686","88619996","58340594"
"68687","88619996","92444903"
"68688","88619996","88624233"
"68689","88619996","59213432"
"68690","88620603","71484851"
"68691","88620604","99972782"
"68692","88623615","69507256"
"68693","88623615","58341091"
"68694","88673042","57821287"
"68695","88673042","96097747"
"68696","88676053","58341023"
"68697","88676054","86681902"
"68698","88676661","92444875"
"68699","88676661","57818999"
"68700","88676661","103342086"
"68701","88676661","59216209"
"68702","88676661","103342404"
"68703","88676661","59669595"
"68704","88676661","97748269"
"68705","88676661","58342050"
"68706","88676661","88673579"
"68707","88676661","92443628"
"68708","88676661","96097458"
"68709","88676661","57829450"
"68710","88676661","57820924"
"68711","92253338","71486824"
"68712","92253338","58141598"
"68713","92256349","86683033"
"68714","92256350","86678399"
"68715","92256957","103087734"
"68716","92256957","58141632"
"68717","92256957","67692793"
"68718","92256957","92440080"
"68719","92256957","92254756"
"68720","92256957","103082049"
"68721","92256957","80123256"
"68722","92256957","67690693"
"68723","92256957","58339935"
"68724","92256957","103082053"
"68725","92256957","104171612"
"68726","92256957","57821441"
"68727","92256957","62955651"
"68728","92440540","64977573"
"68729","92440540","65989598"
"68730","92440540","103342065"
"68731","92440540","103342193"
"68732","92440540","61686665"
"68733","92440540","58141235"
"68734","92440540","88673458"
"68735","92440540","58140241"
"68736","92440540","57820953"
"68737","92440540","96098197"
"68738","92440540","58141139"
"68739","92441147","104178111"
"68740","92441148","57820368"
"68741","92444159","64977446"
"68742","92444159","96092342"
"68743","94198770","78889978"
"68744","94198770","58342281"
"68745","94201781","103084561"
"68746","94201782","58140919"
"68747","94202389","71488971"
"68748","94202389","71483031"
"68749","94202389","58141096"
"68750","94202389","103337966"
"68751","94202389","57829540"
"68752","94202389","80123782"
"68753","94202389","64982457"
"68754","94202389","97747551"
"68755","94202389","103492865"
"68756","94202389","88626840"
"68757","94202389","97748240"
"68758","94202389","88626787"
"68759","94202389","86679870"
"68760","96092462","59213380"
"68761","96092462","103341515"
"68762","96092462","103493612"
"68763","96092462","78889414"
"68764","96092462","58142190"
"68765","96092462","88671605"
"68766","96092462","88620276"
"68767","96092462","99976786"
"68768","96092462","103084707"
"68769","96092462","103494094"
"68770","96092462","61581848"
"68771","96092462","104171899"
"68772","96092462","64915035"
"68773","96093069","88671831"
"68774","96093070","88671558"
"68775","96096081","65802891"
"68776","96096081","103339775"
"68777","97748984","103502432"
"68778","97748984","58339838"
"68779","97751994","57818823"
"68780","97751995","97746867"
"68781","97752602","92258129"
"68782","97752602","58141592"
"68783","97752602","58342338"
"68784","97752602","58343386"
"68785","97752602","58342429"
"68786","97752602","58280776"
"68787","97752602","86684206"
"68788","97752602","103494951"
"68789","97752602","94197289"
"68790","97752602","96093736"
"68791","97752602","103504545"
"68792","97752602","71488105"
"68793","99974174","99974304"
"68794","99974174","92254816"
"68795","99977184","88674502"
"68796","99977185","57819545"
"68797","99977792","103339800"
"68798","99977792","57821622"
"68799","99977792","96094666"
"68800","99977792","88675670"
"68801","99977792","57821636"
"68802","99977792","64910076"
"68803","99977792","67690324"
"68804","99977792","57822977"
"68805","99977792","58343944"
"68806","99977792","59660888"
"68807","99977792","103341668"
"68808","99977792","65982832"
"68809","57820521","61680369"
"68810","57821342","103490495"
"68811","57821404","88673356"
"68812","57821412","57818919"
"68813","58140806","58138872"
"68814","58141627","94196985"
"68815","58141689","58344208"
"68816","58141697","88676664"
"68817","58341586","92445366"
"68818","58342377","69505266"
"68819","58342439","103492233"
"68820","58342447","58140301"
"68821","96097524","58343542"
"68822","96099281","86680089"
"68823","97745826","71488041"
"68824","97747542","57818798"
"68825","99971016","58342223"
"68826","99972732","64977904"
"68827","57821341","65983720"
"68828","57821403","103337134"
"68829","57821411","61682592"
"68830","58141626","80127910"
"68831","58141688","61768095"
"68832","58141696","58141617"
"68833","58342376","58344121"
"68834","58342438","61687401"
"68835","58342446","58342367"
"68836","96097528","61583836"
"68837","97747538","86679962"
"68838","99972728","96092563"
"68839","57821177","80128547"
"68840","57821256","58143224"
"68841","57821268","57822836"
"68842","57821340","61685851"
"68843","57821368","99972049"
"68844","57821401","64915137"
"68845","57821409","80127634"
"68846","57829354","57818413"
"68847","58141462","86680153"
"68848","58141541","58281559"
"68849","58141553","96098150"
"68850","58141625","103340916"
"68851","58141653","58140134"
"68852","58141686","64909962"
"68853","58141694","62959709"
"68854","58151729","97750436"
"68855","58342212","86680204"
"68856","58342291","65802361"
"68857","58342303","103494509"
"68858","58342375","71488507"
"68859","58342403","88620807"
"68860","58342436","65989583"
"68861","58342444","96094761"
"68862","58350168","104173400"
"68863","103087253","78895474"
"68864","103087267","64912376"
"68865","103087271","58342093"
"68866","103342323","92255976"
"68867","103342337","88619474"
"68868","103342341","64914925"
"68869","103501902","61684034"
"68870","103501906","58342752"
"68871","103501920","58143122"
"68872","104177397","69505534"
"68873","104177411","62961463"
"68874","104177415","104171408"
"68875","57821176","104170396"
"68876","57821255","97750604"
"68877","57821267","58151916"
"68878","57821316","57820286"
"68879","57821316","97747593"
"68880","57821317","61583017"
"68881","57821339","99974548"
"68882","57821358","80123792"
"68883","57821400","88619451"
"68884","57821408","57821259"
"68885","57822489","69500453"
"68886","58141461","58342346"
"68887","58141540","86678416"
"68888","58141552","58139825"
"68889","58141601","58344217"
"68890","58141601","103080249"
"68891","58141602","61774562"
"68892","58141624","103502473"
"68893","58141643","88623199"
"68894","58141685","96097461"
"68895","58141693","58141675"
"68896","58142774","97750420"
"68897","58342211","103085860"
"68898","58342290","94197361"
"68899","58342302","88671541"
"68900","58342351","57821185"
"68901","58342351","67695216"
"68902","58342352","103492421"
"68903","58342374","65984864"
"68904","58342393","99975632"
"68905","58342435","103081469"
"68906","58342443","57375880"
"68907","58343497","86680154"
"68908","59216472","61773748"
"68909","59216478","104171895"
"68910","59216480","103085796"
"68911","59669779","57819896"
"68912","59669785","57818737"
"68913","59669787","58138897"
"68914","61584855","92253875"
"68915","61584861","103340936"
"68916","61584863","94195309"
"68917","61680662","57821430"
"68918","61680668","94201388"
"68919","61680670","57818763"
"68920","61768566","57819454"
"68921","61768572","61684490"
"68922","61768574","88674390"
"68923","62960493","96099276"
"68924","62960499","58141716"
"68925","62960501","92444518"
"68926","64915111","58141462"
"68927","64915117","92255966"
"68928","64915119","99972795"
"68929","64983421","103084560"
"68930","64983427","103082263"
"68931","64983429","58280791"
"68932","65802571","96099146"
"68933","65802577","59214183"
"68934","65802579","58342402"
"68935","65988020","78891100"
"68936","65988026","57375372"
"68937","65988028","94201382"
"68938","67695706","88671666"
"68939","67695712","58279595"
"68940","67695714","96097572"
"68941","69505512","58342466"
"68942","69505518","59213385"
"68943","69505520","99971148"
"68944","71488194","80123229"
"68945","71488200","92255713"
"68946","71488202","69505474"
"68947","78895460","58342345"
"68948","78895474","58141603"
"68949","78895478","97753992"
"68950","80122402","94197339"
"68951","80122406","69503595"
"68952","80122420","88673423"
"68953","86685588","96093737"
"68954","86685602","80127749"
"68955","86685606","58151755"
"68956","88619597","88675782"
"68957","88619601","58141096"
"68958","88619615","96092247"
"68959","88677042","57823084"
"68960","88677056","80128086"
"68961","88677060","88620286"
"68962","92257338","92251899"
"68963","92257352","99972669"
"68964","92257356","62958739"
"68965","92440141","86678501"
"68966","92440145","104175996"
"68967","92440159","86684713"
"68968","94202770","103087991"
"68969","94202784","88619853"
"68970","94202788","65803329"
"68971","103085976","62960474"
"68972","103087257","99976822"
"68973","103341046","58141505"
"68974","103342327","92250149"
"68975","103501916","80125070"
"68976","103502353","62957946"
"68977","104176120","62957547"
"68978","104177401","58143224"
"68979","57818368","67695462"
"68980","57818409","58141244"
"68981","57818420","80126044"
"68982","57818422","92441543"
"68983","57818429","86685341"
"68984","57819122","57821370"
"68985","57819678","78895199"
"68986","57819686","61774877"
"68987","57819746","62955652"
"68988","57819753","103492412"
"68989","57819774","57380292"
"68990","57819832","57821323"
"68991","57819834","104176522"
"68992","57819843","58139055"
"68993","57819843","88626868"
"68994","57819843","57818344"
"68995","57819843","61581850"
"68996","57819843","104176713"
"68997","57819843","92445635"
"68998","57819913","58140794"
"68999","57820087","99976749"
"69000","57820171","71489869"
"69001","57820263","58143534"
"69002","57820289","104170205"
"69003","57820291","94203386"
"69004","57820366","58342385"
"69005","57820366","104176120"
"69006","57820377","58341359"
"69007","57820507","57819870"
"69008","57820509","94200220"
"69009","57820607","58139083"
"69010","57820607","104176035"
"69011","57820607","59669124"
"69012","57820607","61686668"
"69013","57820607","65988753"
"69014","57820607","58143216"
"69015","57820607","58139068"
"69016","57820607","61583619"
"69017","57820607","61685831"
"69018","57820607","99971120"
"69019","57820607","64910696"
"69020","57820907","61681267"
"69021","57821178","58340592"
"69022","57821180","92445363"
"69023","57821180","88673030"
"69024","57821254","97750290"
"69025","57821266","88622155"
"69026","57821338","59658348"
"69027","57821360","88673629"
"69028","57821366","78895405"
"69029","57821366","64979771"
"69030","57821366","69503118"
"69031","57821366","65802387"
"69032","57821378","92250241"
"69033","57821379","59214164"
"69034","57821380","78889422"
"69035","57821381","65988042"
"69036","57821381","67695482"
"69037","57821381","103341835"
"69038","57821382","58339847"
"69039","57821387","57819879"
"69040","57821399","80127625"
"69041","57821407","57820519"
"69042","57821650","92443743"
"69043","57822182","86682145"
"69044","57822191","61774519"
"69045","57822200","58349877"
"69046","57822235","59669497"
"69047","57822251","58140551"
"69048","57822251","61579186"
"69049","57822272","88677607"
"69050","57822776","58141686"
"69051","57822812","88675520"
"69052","57822892","103494094"
"69053","57823083","71488038"
"69054","57829177","103493015"
"69055","57829360","61684274"
"69056","57829360","65984852"
"69057","57829360","94197389"
"69058","57829360","92441549"
"69059","57829360","80123812"
"69060","57829361","94202047"
"69061","58138653","69505423"
"69062","58138694","69500451"
"69063","58138705","64910772"
"69064","58138707","57821313"
"69065","58138714","65987703"
"69066","58139407","58318918"
"69067","58139963","61581945"
"69068","58139971","58140573"
"69069","58140031","78891875"
"69070","58140038","103342062"
"69071","58140059","104172197"
"69072","58140117","57822006"
"69073","58140119","71487133"
"69074","58140128","65983319"
"69075","58140128","97752849"
"69076","58140128","58349876"
"69077","58140128","92445552"
"69078","58140128","69502179"
"69079","58140128","96097865"
"69080","58140198","65797281"
"69081","58140372","104176411"
"69082","58140456","97747606"
"69083","58140548","92253974"
"69084","58140574","58139281"
"69085","58140576","58141391"
"69086","58140651","65803617"
"69087","58140651","97745929"
"69088","58140662","57819870"
"69089","58140792","86681940"
"69090","58140794","96096490"
"69091","58140892","97751525"
"69092","58140892","97745878"
"69093","58140892","58139001"
"69094","58140892","78888007"
"69095","58140892","99976703"
"69096","58140892","103085607"
"69097","58140892","61772618"
"69098","58140892","65801414"
"69099","58140892","80128461"
"69100","58140892","71487910"
"69101","58140892","61686972"
"69102","58141192","57822046"
"69103","58141463","86679463"
"69104","58141465","61584877"
"69105","58141465","97750428"
"69106","58141539","92255931"
"69107","58141551","57819843"
"69108","58141623","97751606"
"69109","58141645","69504294"
"69110","58141651","103338639"
"69111","58141651","99972850"
"69112","58141651","96097236"
"69113","58141651","88623282"
"69114","58141663","97745781"
"69115","58141664","61586759"
"69116","58141665","97752450"
"69117","58141666","65983696"
"69118","58141666","71484854"
"69119","58141666","58140249"
"69120","58141667","88669944"
"69121","58141672","88676753"
"69122","58141684","67695682"
"69123","58141692","88623199"
"69124","58141935","61683998"
"69125","58142467","58341971"
"69126","58142476","92447395"
"69127","58142485","96092089"
"69128","58142520","103335226"
"69129","58142536","97747586"
"69130","58142536","92438753"
"69131","58142557","61772391"
"69132","58143061","64983427"
"69133","58143097","92250241"
"69134","58143177","103501723"
"69135","58143368","103503447"
"69136","58151552","104175743"
"69137","58151735","67694646"
"69138","58151735","80127165"
"69139","58151735","61685889"
"69140","58151735","86685588"
"69141","58151735","57821188"
"69142","58151736","80122475"
"69143","58339787","58336136"
"69144","58339833","104174865"
"69145","58339847","94201935"
"69146","58339854","103336292"
"69147","58340749","71482244"
"69148","58340757","65797252"
"69149","58340844","92252977"
"69150","58340901","78890255"
"69151","58340903","80122455"
"69152","58340910","94202782"
"69153","58340910","71482593"
"69154","58340910","59217083"
"69155","58340910","59212161"
"69156","58340910","103335133"
"69157","58340910","99979160"
"69158","58340910","62961881"
"69159","58340981","96093438"
"69160","58341246","71482613"
"69161","58341335","62957971"
"69162","58341360","59211932"
"69163","58341362","61774801"
"69164","58341435","69505231"
"69165","58341435","99970999"
"69166","58341446","58141598"
"69167","58341572","88671508"
"69168","58341574","57829513"
"69169","58341652","64914064"
"69170","58342213","97748984"
"69171","58342215","65801029"
"69172","58342215","59211596"
"69173","58342289","62955301"
"69174","58342301","62957967"
"69175","58342373","57822982"
"69176","58342395","78891098"
"69177","58342401","58342303"
"69178","58342401","92441146"
"69179","58342401","103335308"
"69180","58342401","58143349"
"69181","58342413","57818770"
"69182","58342414","99976782"
"69183","58342415","92257922"
"69184","58342416","99977295"
"69185","58342416","80123301"
"69186","58342416","59659700"
"69187","58342417","62960310"
"69188","58342422","61585526"
"69189","58342434","58340957"
"69190","58342442","69500364"
"69191","58343241","96097574"
"69192","58343278","80123392"
"69193","58343803","67692396"
"69194","58349619","96093460"
"69195","58350174","78891446"
"69196","58350174","103503363"
"69197","58350174","88677068"
"69198","58350174","61586182"
"69199","58350174","65989565"
"69200","58350175","65984844"
"69201","59216145","86679921"
"69202","59669450","92443809"
"69203","59669781","94200183"
"69204","61584526","57818406"
"69205","61680332","61586211"
"69206","61680664","58342859"
"69207","61768236","69505535"
"69208","61768568","67692354"
"69209","62960162","88620975"
"69210","62960495","58138957"
"69211","64914785","94202852"
"69212","64915113","86682912"
"69213","64983092","57819466"
"69214","65802243","103502463"
"69215","65802573","103081259"
"69216","65987694","57819774"
"69217","65988022","97751609"
"69218","67695358","58342341"
"69219","67695708","69505530"
"69220","69505164","57821084"
"69221","69505514","103336996"
"69222","71487846","104172016"
"69223","71488196","58139859"
"69224","78894182","61687405"
"69225","78895464","62958957"
"69226","80122416","64914439"
"69227","80123698","104173386"
"69228","86684310","61681267"
"69229","86685592","92250301"
"69230","88619611","58140059"
"69231","88620893","97750290"
"69232","88675764","104171275"
"69233","88677046","64983429"
"69234","92256060","86685533"
"69235","92257342","71482616"
"69236","92440155","92447379"
"69237","92441437","80121946"
"69238","94201492","61685873"
"69239","94202774","103087872"
"69240","103087258","97753463"
"69241","103342328","99975639"
"69242","103501915","58151757"
"69243","104177402","57821146"
"69244","57818410","103084669"
"69245","57818424","61680689"
"69246","57818431","97747320"
"69247","57819955","86680099"
"69248","57821002","64915126"
"69249","57821002","57818947"
"69250","57821023","96093022"
"69251","57821023","97751615"
"69252","58138695","86684884"
"69253","58138709","103335196"
"69254","58138716","99977184"
"69255","58140240","58139247"
"69256","58141287","103336917"
"69257","58141287","104172187"
"69258","58141308","69505226"
"69259","58141308","92255928"
"69260","58339835","58140060"
"69261","58339849","57821309"
"69262","58339856","59667507"
"69263","58341022","58342145"
"69264","58342047","64977572"
"69265","59669782","71487881"
"69266","61680665","58140383"
"69267","61768569","57820963"
"69268","62960496","96094660"
"69269","64915114","58141715"
"69270","65802574","64979747"
"69271","65988023","67697910"
"69272","67695709","92439136"
"69273","69505515","69505266"
"69274","71488197","61775223"
"69275","78895465","58142773"
"69276","80122415","71489289"
"69277","86685593","78894080"
"69278","88619610","104175990"
"69279","88677047","99972688"
"69280","92257343","65985321"
"69281","92440154","61579900"
"69282","94202775","69503551"
"69283","96092077","86679472"
"69284","96092081","86684321"
"69285","97752982","78895883"
"69286","97752986","92446287"
"69287","99978172","58342000"
"69288","99978176","58143536"
"69289","57821172","103343142"
"69290","58141457","58343135"
"69291","58341377","96093473"
"69292","57820170","61769960"
"69293","57820170","94202788"
"69294","57822855","65985321"
"69295","58140455","57818344"
"69296","58140455","57821013"
"69297","58143140","99974548"
"69298","58341245","58140061"
"69299","58343843","61768587"
"69300","103081809","57821428"
"69301","103081813","88671595"
"69302","103336879","61684493"
"69303","103336883","61768590"
"69304","103492178","88677060"
"69305","103492182","78895460"
"69306","104171953","58140165"
"69307","104171957","58138980"
"69308","57375511","71485816"
"69309","57821090","94202927"
"69310","57821090","59215379"
"69311","57822491","71487516"
"69312","57822775","92440155"
"69313","58141375","88624392"
"69314","58141375","58340949"
"69315","58142776","58342145"
"69316","58143060","57822724"
"69317","58271929","80123311"
"69318","58342129","57822083"
"69319","58343499","88675663"
"69320","59211516","99974305"
"69321","59211565","57821180"
"69322","59658596","58139807"
"69323","59658753","58342003"
"69324","61578765","86680094"
"69325","61578814","80128537"
"69326","61686983","103338313"
"69327","61687032","58341034"
"69328","61774875","80122420"
"69329","61774924","57819540"
"69330","62955223","103336198"
"69331","62955270","58141375"
"69332","64910001","58343493"
"69333","64910048","88625058"
"69334","64977492","88671599"
"69335","64977541","71485333"
"69336","65797320","78892910"
"69337","65797368","94202114"
"69338","65982895","80121352"
"69339","65982942","65799361"
"69340","67690268","96097260"
"69341","67690316","92442809"
"69342","69499990","92257903"
"69343","69500039","71482609"
"69344","71482654","58341547"
"69345","71482704","58142368"
"69346","78890012","86686304"
"69347","78890016","80121802"
"69348","80127864","96093068"
"69349","80127868","78892016"
"69350","86680141","58142459"
"69351","86680145","57818429"
"69352","88625058","86685028"
"69353","88625062","71487946"
"69354","88671595","88625022"
"69355","88671599","69505538"
"69356","92251891","103491842"
"69357","92251895","61772114"
"69358","92445602","69505512"
"69359","92445606","104177381"
"69360","94197323","88620274"
"69361","94197327","57821402"
"69362","103083790","92446285"
"69363","103083790","58341471"
"69364","103083890","57820212"
"69365","103083892","99977327"
"69366","103083892","58142075"
"69367","103084562","65799280"
"69368","103084563","64914976"
"69369","103084563","58342452"
"69370","103084563","92445370"
"69371","103084563","69507190"
"69372","103084563","69505536"
"69373","103084563","97752450"
"69374","103084563","58341572"
"69375","103084563","64914941"
"69376","103084563","103338312"
"69377","103084564","65802308"
"69378","103084565","92441681"
"69379","103084565","80123792"
"69380","103084565","92442483"
"69381","103084565","64983393"
"69382","103084565","88621009"
"69383","103084565","103492420"
"69384","103084565","65987848"
"69385","103084565","99974590"
"69386","103084565","78895355"
"69387","103084566","103087251"
"69388","103084567","59212153"
"69389","103084567","78888386"
"69390","103084567","58140309"
"69391","103084567","71488171"
"69392","103084567","59216474"
"69393","103084567","71486284"
"69394","103084567","57821724"
"69395","103084567","103338882"
"69396","103084567","103083610"
"69397","103084568","96091638"
"69398","103084569","58342412"
"69399","103084569","103343034"
"69400","103084569","104176139"
"69401","103084569","62960748"
"69402","103084569","58143140"
"69403","103084570","58280770"
"69404","103084571","64980479"
"69405","103084571","92251895"
"69406","103084571","58140655"
"69407","103084571","88619719"
"69408","103084571","58339991"
"69409","103084571","96094630"
"69410","103084571","64910431"
"69411","103084571","58339787"
"69412","103084571","58344215"
"69413","103084571","69507256"
"69414","103084571","57818962"
"69415","103084571","103343364"
"69416","103084571","58139067"
"69417","103084571","57819844"
"69418","103084571","71487379"
"69419","103084571","58143532"
"69420","103084571","86682905"
"69421","103084572","58143536"
"69422","103084573","99976779"
"69423","103084573","103494218"
"69424","103084599","58334655"
"69425","103084601","97753490"
"69426","103085974","80127630"
"69427","103338860","64977408"
"69428","103338860","103339195"
"69429","103338960","61774924"
"69430","103338962","104170218"
"69431","103338962","78892776"
"69432","103339632","57820519"
"69433","103339633","92447257"
"69434","103339633","88622301"
"69435","103339633","88622167"
"69436","103339633","99978176"
"69437","103339633","92251550"
"69438","103339633","92254652"
"69439","103339633","103081772"
"69440","103339633","99977393"
"69441","103339633","57819940"
"69442","103339634","61686984"
"69443","103339635","64909927"
"69444","103339635","92257076"
"69445","103339635","65797368"
"69446","103339635","92439058"
"69447","103339635","69502062"
"69448","103339635","58140798"
"69449","103339635","103503480"
"69450","103339635","57820112"
"69451","103339635","103504420"
"69452","103339636","88676308"
"69453","103339637","103341445"
"69454","103339637","96095704"
"69455","103339637","96097484"
"69456","103339637","58139108"
"69457","103339637","61685877"
"69458","103339637","99974423"
"69459","103339637","58339980"
"69460","103339637","86682934"
"69461","103339637","57820172"
"69462","103339638","57820094"
"69463","103339639","103491842"
"69464","103339639","88620894"
"69465","103339639","78895625"
"69466","103339639","92444568"
"69467","103339639","99973642"
"69468","103339640","64984104"
"69469","103339641","103492131"
"69470","103339641","58340749"
"69471","103339641","97749414"
"69472","103339641","58139838"
"69473","103339641","59667510"
"69474","103339641","99977623"
"69475","103339641","65984830"
"69476","103339641","57822222"
"69477","103339641","58349954"
"69478","103339641","67690620"
"69479","103339641","57820959"
"69480","103339641","103343334"
"69481","103339641","58143402"
"69482","103339641","103082949"
"69483","103339641","103342271"
"69484","103339641","86678125"
"69485","103339641","92253524"
"69486","103339642","71488192"
"69487","103339643","58140212"
"69488","103339643","99972766"
"69489","103339669","103492144"
"69490","103339671","92253698"
"69491","103341044","58141619"
"69492","103502355","61681266"
"69493","103503448","62960340"
"69494","103503450","57819966"
"69495","103503476","103083291"
"69496","103503476","97749509"
"69497","103503477","58343498"
"69498","103503478","104176658"
"69499","103503478","99974526"
"69500","103503478","103494833"
"69501","103503478","78892330"
"69502","103503478","58343555"
"69503","103503478","58140305"
"69504","103503478","69500039"
"69505","103503478","58342477"
"69506","103503478","99972743"
"69507","103503478","58141712"
"69508","103503478","65989497"
"69509","103503478","97753607"
"69510","103503478","104175751"
"69511","103503478","57821312"
"69512","103503478","80123688"
"69513","103503478","96092343"
"69514","103503478","80125569"
"69515","103503479","61774561"
"69516","103503480","103337966"
"69517","103503480","94197331"
"69518","103503480","65802582"
"69519","103503480","92257338"
"69520","103503480","103490447"
"69521","103503481","96097512"
"69522","103503482","65984819"
"69523","103503482","58342450"
"69524","103503482","57823257"
"69525","103503482","99970756"
"69526","103503482","58140141"
"69527","103503482","57820256"
"69528","103503482","64914819"
"69529","103503482","92251837"
"69530","103503482","65801888"
"69531","103503483","86684857"
"69532","103503484","62961226"
"69533","103503484","88625242"
"69534","103503484","62960171"
"69535","103503484","86679902"
"69536","103503484","58141549"
"69537","103503484","97747594"
"69538","103503484","103504225"
"69539","103503484","104174716"
"69540","103503484","64982456"
"69541","103503485","71489829"
"69542","103503486","88671407"
"69543","103503486","94197558"
"69544","103503486","78891495"
"69545","103503486","92442813"
"69546","103503486","57820076"
"69547","103503486","88625053"
"69548","103503486","92257223"
"69549","103503486","65800337"
"69550","103503486","94201495"
"69551","103503487","99977793"
"69552","103504157","61687040"
"69553","103504157","69503123"
"69554","103504159","103083339"
"69555","103504259","57819926"
"69556","103504259","103503344"
"69557","104173934","59667598"
"69558","104173934","86686068"
"69559","104174034","99976810"
"69560","104174036","86678364"
"69561","104174036","103494670"
"69562","104174706","103494434"
"69563","104174707","58342290"
"69564","104174707","96093069"
"69565","104174707","59658352"
"69566","104174707","61768402"
"69567","104174707","58143402"
"69568","104174707","99974695"
"69569","104174707","67694493"
"69570","104174707","99972775"
"69571","104174707","94201382"
"69572","104174708","103337122"
"69573","104174709","57820507"
"69574","104174709","103083623"
"69575","104174709","92251216"
"69576","104174709","61687333"
"69577","104174709","65802584"
"69578","104174709","58339982"
"69579","104174709","64983102"
"69580","104174709","92441533"
"69581","104174709","57819835"
"69582","104174710","103501609"
"69583","104174711","61775296"
"69584","104174711","58342268"
"69585","104174711","97750331"
"69586","104174711","59216330"
"69587","104174711","103083891"
"69588","104174711","88625339"
"69589","104174711","69504601"
"69590","104174711","96092890"
"69591","104174711","86685586"
"69592","104174712","64915080"
"69593","104174713","80123256"
"69594","104174713","86680879"
"69595","104174713","92443807"
"69596","104174713","94201376"
"69597","104174713","64911943"
"69598","104174714","58334755"
"69599","104174715","65987763"
"69600","104174715","103083607"
"69601","104174715","103083755"
"69602","104174715","104172192"
"69603","104174715","86685580"
"69604","104174715","104176739"
"69605","104174715","65802588"
"69606","104174715","61686309"
"69607","104174715","61768548"
"69608","104174715","58341436"
"69609","104174715","80126420"
"69610","104174715","103491842"
"69611","104174715","80129610"
"69612","104174715","64977492"
"69613","104174715","71488545"
"69614","104174715","59216179"
"69615","104174715","57820566"
"69616","104174716","65797748"
"69617","104174717","59669799"
"69618","104174717","61578856"
"69619","104174743","61686904"
"69620","104174745","92255987"
"69621","104176118","94200083"
"69622","57380069","57818344"
"69623","57380108","88623615"
"69624","57380154","99972235"
"69625","57380198","58342291"
"69626","57380268","88626812"
"69627","57380287","69502653"
"69628","57819815","103085873"
"69629","57820542","58140379"
"69630","57820632","61584526"
"69631","57820974","80126235"
"69632","57821018","104177415"
"69633","57821088","92440141"
"69634","57822294","92440004"
"69635","57822640","61681567"
"69636","57822681","64916526"
"69637","57822681","59217700"
"69638","57822840","103082579"
"69639","57822976","88676053"
"69640","57829502","57819509"
"69641","57829502","64977550"
"69642","57829502","92255969"
"69643","57829528","97747655"
"69644","57829528","58142308"
"69645","57829528","65802251"
"69646","58140100","61772020"
"69647","58140827","58344207"
"69648","58140917","92442539"
"69649","58141259","57821019"
"69650","58141303","103492414"
"69651","58141373","71489809"
"69652","58142579","97747605"
"69653","58142925","97753607"
"69654","58142966","58141603"
"69655","58142966","92260300"
"69656","58143125","99974809"
"69657","58143261","58140129"
"69658","58151877","57820482"
"69659","58151877","88624324"
"69660","58151877","57820248"
"69661","58151903","57822929"
"69662","58151903","96092192"
"69663","58151903","86689061"
"69664","58334522","59669025"
"69665","58334565","99975599"
"69666","58334611","99975588"
"69667","58334655","57822855"
"69668","58334725","86683022"
"69669","58334746","58342341"
"69670","58335362","94197052"
"69671","58335362","58139108"
"69672","58340884","94199396"
"69673","58341591","57821339"
"69674","58341677","57819532"
"69675","58342061","97746869"
"69676","58342127","59213422"
"69677","58343684","57820911"
"69678","58343830","67695216"
"69679","58343830","104172684"
"69680","58343951","104173988"
"69681","59216143","104173899"
"69682","59216179","58343824"
"69683","59216181","86678399"
"69684","59216229","92254765"
"69685","59216273","67695486"
"69686","59216274","92445826"
"69687","59216274","103492140"
"69688","59216274","58342664"
"69689","59216274","80128130"
"69690","59216274","78889732"
"69691","59216274","104172407"
"69692","59216274","57822562"
"69693","59216329","97748081"
"69694","59216373","61680464"
"69695","59216374","64980480"
"69696","59216444","103338677"
"69697","59216445","57819483"
"69698","59216469","103494566"
"69699","59216470","78891590"
"69700","59216470","62960501"
"69701","59216470","61768583"
"69702","59216470","78889331"
"69703","59216470","88672681"
"69704","59217026","64910048"
"69705","59217026","64915373"
"69706","59669448","58140060"
"69707","59669458","69502255"
"69708","59669460","58350181"
"69709","59669460","57822882"
"69710","59669484","65987849"
"69711","59669486","88623282"
"69712","59669536","78890706"
"69713","59669580","78895943"
"69714","59669581","86682904"
"69715","59669581","58349956"
"69716","59669581","65802472"
"69717","59669581","99973461"
"69718","59669581","58139096"
"69719","59669581","96091658"
"69720","59669581","59660888"
"69721","59669581","99972964"
"69722","59669636","57821904"
"69723","59669680","65802253"
"69724","59669681","59669781"
"69725","59669751","58142467"
"69726","59669752","59211391"
"69727","59669776","103339817"
"69728","59669777","104177017"
"69729","59669777","86683269"
"69730","59669777","67692467"
"69731","59669777","65989498"
"69732","59669777","58141650"
"69733","59670357","57820506"
"69734","59670357","71485325"
"69735","61584524","103339783"
"69736","61584534","96091917"
"69737","61584536","78887996"
"69738","61584560","69500048"
"69739","61584562","57822770"
"69740","61584612","97750428"
"69741","61584656","99977640"
"69742","61584712","58142679"
"69743","61584756","94196983"
"69744","61584827","57821381"
"69745","61584852","61686646"
"69746","61585460","65989519"
"69747","61585460","96092134"
"69748","61680330","61583836"
"69749","61680340","94201398"
"69750","61680342","88622163"
"69751","61680342","61768486"
"69752","61680366","58141645"
"69753","61680368","67692467"
"69754","61680419","58341898"
"69755","61680463","104174835"
"69756","61680464","96094617"
"69757","61680464","64911930"
"69758","61680464","58141664"
"69759","61680464","94197271"
"69760","61680464","94197563"
"69761","61680464","58334746"
"69762","61680464","99973415"
"69763","61680464","94197860"
"69764","61680519","97752042"
"69765","61680563","88622307"
"69766","61680564","71488171"
"69767","61680564","94200114"
"69768","61680564","59669790"
"69769","61680564","58342061"
"69770","61680564","57821340"
"69771","61680564","99977430"
"69772","61680634","97750419"
"69773","61680635","99975044"
"69774","61680635","57822222"
"69775","61680659","58142916"
"69776","61680660","99978028"
"69777","61680660","96099133"
"69778","61680660","61684034"
"69779","61680660","94197285"
"69780","61680660","86681637"
"69781","61680660","94200215"
"69782","61680660","58342232"
"69783","61680660","92251929"
"69784","61680660","92255976"
"69785","61681268","103494996"
"69786","61681268","86680179"
"69787","61768234","92443809"
"69788","61768244","61680332"
"69789","61768246","57820949"
"69790","61768246","59214994"
"69791","61768270","62960350"
"69792","61768272","61774945"
"69793","61768323","59670348"
"69794","61768367","58138705"
"69795","61768368","57821317"
"69796","61768368","58342367"
"69797","61768368","92258051"
"69798","61768368","61687069"
"69799","61768368","103083671"
"69800","61768368","61768490"
"69801","61768368","61775295"
"69802","61768368","58140073"
"69803","61768423","99971160"
"69804","61768467","58342225"
"69805","61768468","64981647"
"69806","61768468","92251333"
"69807","61768468","64915861"
"69808","61768468","92251636"
"69809","61768468","61680419"
"69810","61768468","58342123"
"69811","61768538","64912363"
"69812","61768539","67695057"
"69813","61768539","59668758"
"69814","61768563","80123407"
"69815","61768564","64917255"
"69816","61768564","92441585"
"69817","61768564","62961228"
"69818","61768564","58141622"
"69819","61768564","58138629"
"69820","61768564","65988017"
"69821","61768564","65983595"
"69822","61768564","57821310"
"69823","61768564","61680345"
"69824","61769172","92442815"
"69825","61769172","61585755"
"69826","62960160","71490474"
"69827","62960170","58343830"
"69828","62960172","67697911"
"69829","62960172","104174714"
"69830","62960196","59212270"
"69831","62960198","57820176"
"69832","62960249","97751606"
"69833","62960293","64915861"
"69834","62960294","64980522"
"69835","62960294","99976741"
"69836","62960294","94201782"
"69837","62960294","78892808"
"69838","62960294","97752822"
"69839","62960294","61586172"
"69840","62960294","58342122"
"69841","62960294","57820076"
"69842","62960349","99972218"
"69843","62960350","64917251"
"69844","62960350","92256060"
"69845","62960350","58138876"
"69846","62960393","88675691"
"69847","62960394","104174704"
"69848","62960394","103490627"
"69849","62960394","80124980"
"69850","62960394","64910710"
"69851","62960394","86685629"
"69852","62960394","57822355"
"69853","62960394","57819031"
"69854","62960464","96097460"
"69855","62960465","78892773"
"69856","62960465","61684691"
"69857","62960490","88675764"
"69858","62960491","65799317"
"69859","62960491","103087967"
"69860","62960491","58141666"
"69861","62960491","61771894"
"69862","62960491","94198755"
"69863","62960491","69505422"
"69864","62960491","65986850"
"69865","62960491","62960162"
"69866","62960491","58349872"
"69867","62961145","61772046"
"69868","62961145","65804069"
"69869","64914783","103502461"
"69870","64914793","88675664"
"69871","64914795","94196984"
"69872","64914795","103335131"
"69873","64914819","64980915"
"69874","64914821","88677052"
"69875","64914870","96093355"
"69876","64914871","64917250"
"69877","64914871","57820769"
"69878","64914871","65987837"
"69879","64914871","103337117"
"69880","64914911","62962514"
"69881","64914912","80125106"
"69882","64914912","58340937"
"69883","64914912","58141326"
"69884","64914912","86682901"
"69885","64914912","65987192"
"69886","64914912","69503122"
"69887","64914912","58340918"
"69888","64914912","57823161"
"69889","64914967","67696755"
"69890","64914968","65987890"
"69891","64914968","61579183"
"69892","64914968","61578814"
"69893","64915011","57818345"
"69894","64915012","103340937"
"69895","64915012","62960198"
"69896","64915012","80122408"
"69897","64915012","64915775"
"69898","64915012","58143116"
"69899","64915012","57822770"
"69900","64915012","96093485"
"69901","64915012","103492182"
"69902","64915012","57380154"
"69903","64915082","78892097"
"69904","64915083","57818783"
"69905","64915083","59669636"
"69906","64915108","65803263"
"69907","64915109","65986973"
"69908","64915109","58341056"
"69909","64915109","58141501"
"69910","64915109","86686608"
"69911","64915109","62957969"
"69912","64915109","71485754"
"69913","64915109","103494337"
"69914","64915109","80126434"
"69915","64915109","88672683"
"69916","64915784","65802542"
"69917","64915784","59211442"
"69918","64983090","64981647"
"69919","64983100","97750415"
"69920","64983102","96094666"
"69921","64983126","57822730"
"69922","64983128","97746937"
"69923","64983178","62961136"
"69924","64983222","92252977"
"69925","64983278","80124747"
"69926","64983322","58342374"
"69927","64983393","57821429"
"69928","64983418","99974161"
"69929","64984028","57821435"
"69930","64984028","88675610"
"69931","65802241","57821363"
"69932","65802251","59217065"
"69933","65802253","65802490"
"69934","65802253","58341440"
"69935","65802277","58140789"
"69936","65802279","58334726"
"69937","65802330","99973373"
"69938","65802331","96094599"
"69939","65802331","67690221"
"69940","65802331","58343843"
"69941","65802331","94198863"
"69942","65802331","103494131"
"69943","65802331","96092641"
"69944","65802331","65797750"
"69945","65802331","58142368"
"69946","65802331","103341356"
"69947","65802371","94201491"
"69948","65802372","80121393"
"69949","65802372","99978066"
"69950","65802372","97747776"
"69951","65802372","62960357"
"69952","65802372","88674358"
"69953","65802372","57821438"
"69954","65802372","104174715"
"69955","65802372","58141475"
"69956","65802427","58341816"
"69957","65802428","103491962"
"69958","65802428","65986973"
"69959","65802428","65802586"
"69960","65802471","58341463"
"69961","65802472","64979771"
"69962","65802472","103503450"
"69963","65802472","86686071"
"69964","65802472","94201251"
"69965","65802472","103491939"
"69966","65802472","97754026"
"69967","65802472","62962514"
"69968","65802472","58342457"
"69969","65802472","88625022"
"69970","65802472","92444854"
"69971","65802472","103085979"
"69972","65802542","58281569"
"69973","65802543","86684599"
"69974","65802543","58334523"
"69975","65802568","80129519"
"69976","65802569","65802331"
"69977","65802569","57820328"
"69978","65802569","97745878"
"69979","65802569","58336202"
"69980","65802569","57820856"
"69981","65802569","96091472"
"69982","65802569","57819856"
"69983","65802569","103083633"
"69984","65802569","92447213"
"69985","65803265","86682906"
"69986","65803265","57375457"
"69987","65987692","96092574"
"69988","65987702","78894098"
"69989","65987704","86682088"
"69990","65987704","78894991"
"69991","65987728","94198901"
"69992","65987730","58151756"
"69993","65987779","86681774"
"69994","65987820","64910056"
"69995","65987821","96092821"
"69996","65987821","61680366"
"69997","65987821","92444166"
"69998","65987821","92255934"
"69999","65987821","103336200"
"70000","65987821","69505252"
"70001","65987821","64983419"
"70002","65987821","92441545"
"70003","65987876","92444874"
"70004","65987920","58138706"
"70005","65987921","58339987"
"70006","65987991","65802290"
"70007","65987992","96095446"
"70008","65988017","58340874"
"70009","65988018","103342323"
"70010","65988018","64914930"
"70011","65988018","97750397"
"70012","65988018","67693327"
"70013","65988018","58342397"
"70014","65988693","67698525"
"70015","65988693","57818351"
"70016","67695356","61687065"
"70017","67695366","59669460"
"70018","67695368","58139316"
"70019","67695368","80129667"
"70020","67695392","97745796"
"70021","67695394","58342126"
"70022","67695445","58334725"
"70023","67695446","88622300"
"70024","67695446","58334751"
"70025","67695446","92251801"
"70026","67695446","58343825"
"70027","67695446","58341085"
"70028","67695446","99977439"
"70029","67695446","103490569"
"70030","67695446","58342422"
"70031","67695446","57379997"
"70032","67695486","58341033"
"70033","67695487","58140789"
"70034","67695487","61583827"
"70035","67695487","97750450"
"70036","67695487","78892101"
"70037","67695487","64981198"
"70038","67695487","104172621"
"70039","67695487","103341050"
"70040","67695487","86683038"
"70041","67695542","65983325"
"70042","67695543","80128466"
"70043","67695543","97746859"
"70044","67695543","58142405"
"70045","67695590","57818637"
"70046","67695591","86684130"
"70047","67695591","61771894"
"70048","67695591","96092936"
"70049","67695591","69505292"
"70050","67695591","99976783"
"70051","67695591","57820026"
"70052","67695591","103502407"
"70053","67695591","99975603"
"70054","67695591","57820213"
"70055","67695591","94197286"
"70056","67695591","58141637"
"70057","67695677","58138922"
"70058","67695678","96092937"
"70059","67695678","96093505"
"70060","67695703","57821271"
"70061","67695704","71487934"
"70062","67695704","104171274"
"70063","67695704","71487115"
"70064","67695704","67694144"
"70065","67695704","80123679"
"70066","67695704","99972468"
"70067","67695704","86686601"
"70068","67695704","92256558"
"70069","67695704","58342395"
"70070","67696415","96092136"
"70071","67696415","88669841"
"70072","69505162","99972766"
"70073","69505172","103491841"
"70074","69505174","58141617"
"70075","69505174","88677357"
"70076","69505198","88672217"
"70077","69505200","99977004"
"70078","69505251","96095818"
"70079","69505252","103085882"
"70080","69505252","62957171"
"70081","69505252","65988038"
"70082","69505252","69503524"
"70083","69505252","61774142"
"70084","69505252","92443619"
"70085","69505252","94195684"
"70086","69505252","103080055"
"70087","69505252","99974524"
"70088","69505292","86684850"
"70089","69505293","58141464"
"70090","69505293","57821432"
"70091","69505293","58341336"
"70092","69505293","57819943"
"70093","69505293","59214619"
"70094","69505293","92252147"
"70095","69505293","61768539"
"70096","69505293","58339833"
"70097","69505348","57822932"
"70098","69505349","58343554"
"70099","69505349","86681288"
"70100","69505349","88672674"
"70101","69505396","59217080"
"70102","69505397","61774863"
"70103","69505397","94198152"
"70104","69505397","78892877"
"70105","69505397","58341082"
"70106","69505397","62957147"
"70107","69505397","64984102"
"70108","69505397","69503119"
"70109","69505397","88673677"
"70110","69505397","88674354"
"70111","69505397","88618822"
"70112","69505397","61772586"
"70113","69505397","103337964"
"70114","69505397","86686041"
"70115","69505397","96093491"
"70116","69505397","57829460"
"70117","69505397","64911921"
"70118","69505397","97752251"
"70119","69505483","88670918"
"70120","69505484","67695368"
"70121","69505484","65982974"
"70122","69505509","58140152"
"70123","69505510","67695366"
"70124","69505510","86681943"
"70125","69505510","58341436"
"70126","69505510","88623301"
"70127","69505510","58141615"
"70128","69505510","94200081"
"70129","69505510","58140276"
"70130","69505510","103503366"
"70131","69505510","92441521"
"70132","69506241","71488962"
"70133","69506241","71488131"
"70134","71487844","67695487"
"70135","71487854","65797245"
"70136","71487856","64985326"
"70137","71487856","59659883"
"70138","71487880","80122406"
"70139","71487882","97747201"
"70140","71487933","104175940"
"70141","71487934","65984868"
"70142","71487934","96097466"
"70143","71487934","103501732"
"70144","71487934","57820854"
"70145","71487934","64983156"
"70146","71487934","92254686"
"70147","71487934","58281564"
"70148","71487934","58342147"
"70149","71487934","94195711"
"70150","71487974","92441571"
"70151","71487975","103503479"
"70152","71487975","57821367"
"70153","71487975","78892806"
"70154","71487975","103494120"
"70155","71487975","57822970"
"70156","71487975","64976825"
"70157","71487975","65987730"
"70158","71487975","71488933"
"70159","71488030","104170254"
"70160","71488031","58141703"
"70161","71488031","65799751"
"70162","71488031","97752071"
"70163","71488031","92256063"
"70164","71488031","61685880"
"70165","71488078","57821350"
"70166","71488079","57819880"
"70167","71488079","88673401"
"70168","71488079","57821592"
"70169","71488079","104171274"
"70170","71488079","64910797"
"70171","71488079","57821417"
"70172","71488079","65987693"
"70173","71488079","103083818"
"70174","71488079","61684118"
"70175","71488079","58341363"
"70176","71488079","104173648"
"70177","71488079","92257352"
"70178","71488079","58340843"
"70179","71488079","103342327"
"70180","71488079","64983128"
"70181","71488079","57818606"
"70182","71488079","67695724"
"70183","71488165","57822892"
"70184","71488166","58341472"
"70185","71488166","57820139"
"70186","71488191","103340961"
"70187","71488192","96093356"
"70188","71488192","86684807"
"70189","71488192","80123856"
"70190","71488192","58151736"
"70191","71488192","57823255"
"70192","71488192","92442851"
"70193","71488192","67695992"
"70194","71488192","71485796"
"70195","71488192","92447348"
"70196","71488932","61774557"
"70197","71488932","103494827"
"70198","78891994","58342242"
"70199","78891994","94201829"
"70200","78892095","78891157"
"70201","78892097","103086445"
"70202","78892097","65802577"
"70203","78892767","58342243"
"70204","78892768","57819520"
"70205","78892768","97750428"
"70206","78892768","80127920"
"70207","78892768","65803325"
"70208","78892768","58143142"
"70209","78892768","58342425"
"70210","78892768","78894094"
"70211","78892768","103081875"
"70212","78892768","58143100"
"70213","78892769","58140663"
"70214","78892770","103502449"
"70215","78892770","61680479"
"70216","78892770","103494583"
"70217","78892770","92447213"
"70218","78892770","57818403"
"70219","78892770","92250149"
"70220","78892770","62960418"
"70221","78892770","71488194"
"70222","78892770","71482589"
"70223","78892771","99975610"
"70224","78892772","99971130"
"70225","78892772","57821410"
"70226","78892772","58336024"
"70227","78892772","78891828"
"70228","78892772","62960196"
"70229","78892772","57380288"
"70230","78892772","58140461"
"70231","78892772","104174857"
"70232","78892772","97747480"
"70233","78892773","80123163"
"70234","78892774","96094775"
"70235","78892774","62960418"
"70236","78892774","62955578"
"70237","78892774","88677665"
"70238","78892774","57821279"
"70239","78892775","103087339"
"70240","78892776","64977480"
"70241","78892776","80126172"
"70242","78892776","58140547"
"70243","78892776","57819866"
"70244","78892776","97747822"
"70245","78892776","78891472"
"70246","78892776","88675606"
"70247","78892776","69505463"
"70248","78892776","58141393"
"70249","78892776","64913495"
"70250","78892776","103341045"
"70251","78892776","92441540"
"70252","78892776","67690194"
"70253","78892776","80121242"
"70254","78892776","57819006"
"70255","78892776","64984094"
"70256","78892776","67695624"
"70257","78892777","59669598"
"70258","78892778","57821079"
"70259","78892778","103339800"
"70260","78892804","64977909"
"70261","78892806","64914793"
"70262","78894180","65799896"
"70263","80123700","62955655"
"70264","80125074","58141563"
"70265","80125076","67695059"
"70266","80125102","59669594"
"70267","80125102","103342488"
"70268","80125103","96092861"
"70269","80125104","58141511"
"70270","80125104","61772378"
"70271","80125104","57822977"
"70272","80125104","97747200"
"70273","80125104","58141662"
"70274","80125104","59211442"
"70275","80125104","65804090"
"70276","80125104","103085979"
"70277","80125104","59658500"
"70278","80125104","96095735"
"70279","80125104","58339952"
"70280","80125104","58140328"
"70281","80125104","99974174"
"70282","80125104","58140785"
"70283","80125104","58140311"
"70284","80125104","97747350"
"70285","80125104","58143259"
"70286","80125105","71484842"
"70287","80125106","92440295"
"70288","80125106","103340947"
"70289","80125106","61584385"
"70290","80125106","88622200"
"70291","80125106","103340950"
"70292","80125106","58140137"
"70293","80125107","80128529"
"70294","80125108","88674386"
"70295","80125108","58141701"
"70296","80125108","61686759"
"70297","80125108","97753000"
"70298","80125108","61775281"
"70299","80125108","61684394"
"70300","80125108","103081757"
"70301","80125108","57820377"
"70302","80125108","64912420"
"70303","80125109","99974218"
"70304","80125110","88677089"
"70305","80125110","58343543"
"70306","80125110","88624819"
"70307","80125110","57818589"
"70308","80125110","65803331"
"70309","80125110","67692382"
"70310","80125110","67695003"
"70311","80125110","86682899"
"70312","80125110","59670632"
"70313","80125111","78890251"
"70314","80125112","57821341"
"70315","80125112","92251222"
"70316","80125112","97747448"
"70317","80125112","96094614"
"70318","80125112","58336020"
"70319","80125112","92446155"
"70320","80125112","71482704"
"70321","80125112","103087816"
"70322","80125112","103503472"
"70323","80125113","58141653"
"70324","80125783","88622265"
"70325","80125783","97751595"
"70326","80125785","103495317"
"70327","80125886","58339815"
"70328","80125886","62958746"
"70329","86682123","103337963"
"70330","86682123","57820026"
"70331","86682223","96097469"
"70332","86682225","62958391"
"70333","86682225","97750290"
"70334","86682895","65800655"
"70335","86682896","61680584"
"70336","86682896","67695612"
"70337","86682896","92441562"
"70338","86682896","62958698"
"70339","86682896","92445660"
"70340","86682896","88677058"
"70341","86682896","58142406"
"70342","86682896","58140652"
"70343","86682896","80125104"
"70344","86682897","58343952"
"70345","86682898","88673356"
"70346","86682898","58343804"
"70347","86682898","78894069"
"70348","86682898","86684329"
"70349","86682898","92252130"
"70350","86682898","103342087"
"70351","86682898","59669537"
"70352","86682898","61774563"
"70353","86682898","57821471"
"70354","86682898","57818823"
"70355","86682898","65802896"
"70356","86682899","94200228"
"70357","86682900","97751591"
"70358","86682900","64983447"
"70359","86682900","58141556"
"70360","86682900","61584853"
"70361","86682900","88625660"
"70362","86682900","59216230"
"70363","86682900","103504263"
"70364","86682900","61773739"
"70365","86682900","58349867"
"70366","86682901","57821267"
"70367","86682902","88623977"
"70368","86682902","59211442"
"70369","86682902","97752932"
"70370","86682902","71488196"
"70371","86682902","99972682"
"70372","86682903","64915080"
"70373","86682904","97751609"
"70374","86682904","92443628"
"70375","86682904","78890016"
"70376","86682904","78889701"
"70377","86682904","103339669"
"70378","86682904","103336934"
"70379","86682904","88675666"
"70380","86682904","61775230"
"70381","86682904","86685327"
"70382","86682904","57820249"
"70383","86682904","57821084"
"70384","86682904","78895883"
"70385","86682904","62958205"
"70386","86682904","88626839"
"70387","86682904","61584535"
"70388","86682904","57821333"
"70389","86682904","103493663"
"70390","86682905","58340257"
"70391","86682906","88673037"
"70392","86682906","71488933"
"70393","86682932","57818583"
"70394","86682934","57819805"
"70395","86684308","57820371"
"70396","88620895","88620914"
"70397","88622269","86682004"
"70398","88622271","103492191"
"70399","88622297","58138896"
"70400","88622297","64910001"
"70401","88622298","58342433"
"70402","88622299","80125884"
"70403","88622299","78894092"
"70404","88622299","57820021"
"70405","88622299","104177390"
"70406","88622299","103337415"
"70407","88622299","96099300"
"70408","88622299","99975649"
"70409","88622299","59669458"
"70410","88622299","62957962"
"70411","88622299","103336542"
"70412","88622299","103083671"
"70413","88622299","96092861"
"70414","88622299","58141716"
"70415","88622299","97749364"
"70416","88622299","103491499"
"70417","88622299","58141520"
"70418","88622299","103493611"
"70419","88622300","97752877"
"70420","88622301","99972641"
"70421","88622301","103339998"
"70422","88622301","103342804"
"70423","88622301","57821199"
"70424","88622301","103336208"
"70425","88622302","67693788"
"70426","88622303","103336289"
"70427","88622303","104176004"
"70428","88622303","61771347"
"70429","88622303","88622170"
"70430","88622303","99972674"
"70431","88622303","92447348"
"70432","88622303","65797240"
"70433","88622303","97747781"
"70434","88622303","57820371"
"70435","88622304","69508339"
"70436","88622305","92256549"
"70437","88622305","92253170"
"70438","88622305","57821306"
"70439","88622305","57820276"
"70440","88622305","92254646"
"70441","88622305","92444172"
"70442","88622305","96089097"
"70443","88622305","58140785"
"70444","88622305","92254682"
"70445","88622305","92442709"
"70446","88622305","61686945"
"70447","88622306","99972691"
"70448","88622307","103081547"
"70449","88622307","80129658"
"70450","88622307","58141628"
"70451","88622307","104175994"
"70452","88622307","69505504"
"70453","88622307","64912363"
"70454","88622307","65802573"
"70455","88622307","58141459"
"70456","88622307","64983394"
"70457","88622308","58142476"
"70458","88622978","58141697"
"70459","88622978","59217065"
"70460","88622980","58141137"
"70461","88623080","65987728"
"70462","88623080","92252146"
"70463","88673577","67695704"
"70464","88673577","92444159"
"70465","88673677","58340672"
"70466","88673679","67694657"
"70467","88673679","58140198"
"70468","88674349","97751609"
"70469","88674350","57821415"
"70470","88674350","65987551"
"70471","88674350","58140015"
"70472","88674350","57819834"
"70473","88674350","80123079"
"70474","88674350","61585528"
"70475","88674350","103340972"
"70476","88674350","92255962"
"70477","88674350","58143262"
"70478","88674351","71488173"
"70479","88674352","57821343"
"70480","88674352","97747582"
"70481","88674352","97747600"
"70482","88674352","62960464"
"70483","88674352","97746859"
"70484","88674352","99972670"
"70485","88674352","65985639"
"70486","88674352","58342384"
"70487","88674352","96099542"
"70488","88674352","96095727"
"70489","88674352","65800224"
"70490","88674353","96096443"
"70491","88674354","57821226"
"70492","88674354","64915375"
"70493","88674354","58340843"
"70494","88674354","61578845"
"70495","88674354","104172685"
"70496","88674354","58143017"
"70497","88674354","61774801"
"70498","88674354","57818582"
"70499","88674354","57820026"
"70500","88674355","69503115"
"70501","88674356","61584612"
"70502","88674356","59215867"
"70503","88674356","64914968"
"70504","88674356","97751714"
"70505","88674356","61578754"
"70506","88674356","62956020"
"70507","88674357","62957965"
"70508","88674358","58141611"
"70509","88674358","65803622"
"70510","88674358","58141523"
"70511","88674358","97751631"
"70512","88674358","69499977"
"70513","88674358","62955143"
"70514","88674358","104170374"
"70515","88674358","103081825"
"70516","88674358","58140680"
"70517","88674358","94197327"
"70518","88674358","61583842"
"70519","88674358","88674520"
"70520","88674358","103082047"
"70521","88674358","67695092"
"70522","88674358","57820626"
"70523","88674358","78894797"
"70524","88674358","61583910"
"70525","88674359","61768588"
"70526","88674360","57821435"
"70527","88674360","58336222"
"70528","88674386","88675690"
"70529","88674388","97751552"
"70530","88675762","65987355"
"70531","92253873","58138636"
"70532","92253873","59658850"
"70533","92253973","57821418"
"70534","92253975","65802436"
"70535","92253975","61774554"
"70536","92254645","86681428"
"70537","92254646","94201367"
"70538","92254646","57822254"
"70539","92254646","92251620"
"70540","92254646","64915134"
"70541","92254646","58143025"
"70542","92254646","58340757"
"70543","92254646","58342378"
"70544","92254646","58138867"
"70545","92254646","96092131"
"70546","92254647","92445548"
"70547","92254648","65982811"
"70548","92254648","69503373"
"70549","92254648","61681977"
"70550","92254648","103081471"
"70551","92254648","103081847"
"70552","92254648","58141702"
"70553","92254648","103504159"
"70554","92254648","103339765"
"70555","92254648","57829531"
"70556","92254648","80127913"
"70557","92254648","67695724"
"70558","92254649","58141679"
"70559","92254650","58141002"
"70560","92254650","58349866"
"70561","92254650","99975667"
"70562","92254650","103342341"
"70563","92254650","65800220"
"70564","92254650","103336543"
"70565","92254650","65987353"
"70566","92254650","58141895"
"70567","92254650","80123846"
"70568","92254651","61680342"
"70569","92254652","88675634"
"70570","92254652","88622310"
"70571","92254652","61584756"
"70572","92254652","65987132"
"70573","92254652","99978172"
"70574","92254652","59671053"
"70575","92254653","88669832"
"70576","92254654","58271929"
"70577","92254654","104171993"
"70578","92254654","57821106"
"70579","92254654","103336883"
"70580","92254654","71482741"
"70581","92254654","97746947"
"70582","92254654","58341591"
"70583","92254654","59215828"
"70584","92254654","80123152"
"70585","92254654","88625280"
"70586","92254654","58151731"
"70587","92254654","86685326"
"70588","92254654","92442486"
"70589","92254654","57822930"
"70590","92254654","99974162"
"70591","92254654","62961979"
"70592","92254654","92253469"
"70593","92254655","80127926"
"70594","92254656","58342302"
"70595","92254656","88671718"
"70596","92254682","80126433"
"70597","92254684","92257202"
"70598","92256058","88671328"
"70599","92441439","88622170"
"70600","92442813","64977573"
"70601","92442815","61768244"
"70602","92442841","71485350"
"70603","92442841","97748240"
"70604","92442842","80124991"
"70605","92442843","71487105"
"70606","92442843","58342295"
"70607","92442843","58340995"
"70608","92442843","103081469"
"70609","92442843","103339632"
"70610","92442843","86681719"
"70611","92442843","65987704"
"70612","92442843","71482613"
"70613","92442843","71488210"
"70614","92442843","64982236"
"70615","92442843","57822863"
"70616","92442843","97746947"
"70617","92442843","94198950"
"70618","92442844","59669497"
"70619","92442845","58140587"
"70620","92442845","57819913"
"70621","92442845","103494116"
"70622","92442845","103492134"
"70623","92442845","97749440"
"70624","92442846","58342815"
"70625","92442847","65799293"
"70626","92442847","65801888"
"70627","92442847","97752251"
"70628","92442847","78888361"
"70629","92442847","97747198"
"70630","92442847","97752935"
"70631","92442847","65803617"
"70632","92442847","57822393"
"70633","92442847","58140068"
"70634","92442848","86683261"
"70635","92442849","62959890"
"70636","92442849","58140576"
"70637","92442849","58342078"
"70638","92442849","86684735"
"70639","92442849","61772114"
"70640","92442849","92441562"
"70641","92442849","103503481"
"70642","92442849","58151740"
"70643","92442849","57822562"
"70644","92442849","97750458"
"70645","92442850","86680384"
"70646","92442851","65987073"
"70647","92442851","58340230"
"70648","92442851","97753599"
"70649","92442851","99978061"
"70650","92442851","65802428"
"70651","92442851","67695082"
"70652","92442851","62955224"
"70653","92442851","61583547"
"70654","92442851","58140687"
"70655","92442852","57820135"
"70656","92443522","65988022"
"70657","92443522","58141335"
"70658","92443524","104171363"
"70659","92443624","58143140"
"70660","92443624","99972784"
"70661","94199305","103082952"
"70662","94199305","92442847"
"70663","94199405","57819548"
"70664","94199407","65982897"
"70665","94199407","96095990"
"70666","94200077","58342426"
"70667","94200078","92256666"
"70668","94200078","103086873"
"70669","94200078","57821374"
"70670","94200078","71482656"
"70671","94200078","61581027"
"70672","94200078","94198771"
"70673","94200078","97745790"
"70674","94200078","88620396"
"70675","94200078","58281568"
"70676","94200079","103081218"
"70677","94200080","88623080"
"70678","94200080","99972964"
"70679","94200080","92256402"
"70680","94200080","103085605"
"70681","94200080","88674353"
"70682","94200080","86680376"
"70683","94200080","64914925"
"70684","94200080","103086721"
"70685","94200080","96095665"
"70686","94200080","57380287"
"70687","94200080","64914976"
"70688","94200081","96093460"
"70689","94200082","58350179"
"70690","94200082","58140305"
"70691","94200082","103084671"
"70692","94200082","103341046"
"70693","94200082","80127137"
"70694","94200082","104177818"
"70695","94200082","96091642"
"70696","94200082","61585528"
"70697","94200082","71485797"
"70698","94200083","61583616"
"70699","94200084","58342451"
"70700","94200084","92256804"
"70701","94200084","104176493"
"70702","94200084","58340944"
"70703","94200084","61768382"
"70704","94200084","58341359"
"70705","94200085","94196983"
"70706","94200086","80127868"
"70707","94200086","99972774"
"70708","94200086","69505858"
"70709","94200086","67695089"
"70710","94200086","65986494"
"70711","94200086","92251212"
"70712","94200086","71488110"
"70713","94200086","104171644"
"70714","94200086","58141629"
"70715","94200086","58142965"
"70716","94200086","58334656"
"70717","94200086","57821650"
"70718","94200086","99972768"
"70719","94200086","62958197"
"70720","94200086","58141209"
"70721","94200086","67696447"
"70722","94200086","96096490"
"70723","94200087","58141668"
"70724","94200088","71485803"
"70725","94200088","57819797"
"70726","94200114","58142507"
"70727","94200116","92253710"
"70728","94201490","65986501"
"70729","96097046","58141609"
"70730","57818399","103491939"
"70731","57820481","58143269"
"70732","57829378","96095701"
"70733","57829378","103341489"
"70734","58138684","88624995"
"70735","58140766","99976761"
"70736","58151753","99978165"
"70737","58151753","96097405"
"70738","58339817","92256145"
"70739","58341546","92251891"
"70740","96095943","57821361"
"70741","97749122","64915082"
"70742","99974312","78895458"
"70743","57824017","57821197"
"70744","58144302","86681325"
"70745","103081852","64980534"
"70746","103336922","64916137"
"70747","103492221","58334757"
"70748","104171996","92445643"
"70749","57820885","64983322"
"70750","57821014","104171996"
"70751","57822353","65802492"
"70752","57822353","88622178"
"70753","58141170","59213449"
"70754","58141299","94195518"
"70755","58142638","71487974"
"70756","58142638","104171953"
"70757","58342059","57819865"
"70758","58343353","96093355"
"70759","59658459","96093444"
"70760","61578713","71486979"
"70761","61686931","88619623"
"70762","61774823","65987429"
"70763","62955170","80123828"
"70764","64909948","69504297"
"70765","64977440","88676307"
"70766","65797267","61774575"
"70767","65982842","57820607"
"70768","67690215","103493780"
"70769","69499937","88675649"
"70770","71482599","99977332"
"70771","78890055","92441553"
"70772","80127825","78895478"
"70773","86680184","58339945"
"70774","88625019","88677046"
"70775","88671638","80127746"
"70776","92251934","58141234"
"70777","92445563","96093517"
"70778","94197366","61685860"
"70779","96097485","58141656"
"70780","97747581","58140241"
"70781","99972771","78892769"
"70782","57818415","71487993"
"70783","57818417","99977691"
"70784","57818442","57819773"
"70785","57820182","57380296"
"70786","57820209","97751708"
"70787","57820225","103335270"
"70788","57820225","103087253"
"70789","57820225","61686660"
"70790","57820244","78894579"
"70791","57820244","94202762"
"70792","57820244","58341447"
"70793","57820244","58142520"
"70794","57820244","57821379"
"70795","57820244","58342361"
"70796","57820245","57821352"
"70797","57820254","71482572"
"70798","57820254","64977418"
"70799","57820274","86683019"
"70800","57820274","58142826"
"70801","57820274","58140785"
"70802","57820284","99972390"
"70803","57820284","62960491"
"70804","57820284","59668634"
"70805","57820284","58340691"
"70806","57820284","96094776"
"70807","57820284","103338325"
"70808","57820285","103492144"
"70809","57820294","80122416"
"70810","57820294","57821106"
"70811","57820501","103086721"
"70812","57820501","78894096"
"70813","57820501","99973375"
"70814","57820501","104177411"
"70815","57820501","80123797"
"70816","57820501","58334747"
"70817","57820502","58141717"
"70818","57820670","65982974"
"70819","57820768","57819915"
"70820","57820793","58341358"
"70821","57820948","57822932"
"70822","57821077","99977911"
"70823","57821155","96091454"
"70824","57821166","57821424"
"70825","57821900","59211606"
"70826","57822767","103337504"
"70827","57822767","88620604"
"70828","57822768","61585086"
"70829","57822769","57818351"
"70830","57822802","88671716"
"70831","57822803","99975618"
"70832","57822828","86681743"
"70833","57822828","58140574"
"70834","57822828","57821592"
"70835","57822828","103502436"
"70836","57822828","57819535"
"70837","57822829","71488038"
"70838","57822865","58139186"
"70839","57822916","58342343"
"70840","57822916","57821376"
"70841","57822941","99972218"
"70842","57822941","58142467"
"70843","57822941","94198094"
"70844","57822941","92447396"
"70845","57822971","59665071"
"70846","57823082","57820262"
"70847","57823094","104178111"
"70848","57823101","103501551"
"70849","57823102","94202747"
"70850","57823127","103087334"
"70851","57829175","64913594"
"70852","57829175","88627079"
"70853","58138700","86685389"
"70854","58138702","58342465"
"70855","58138727","103084697"
"70856","58140467","61684156"
"70857","58140494","58151757"
"70858","58140510","97748622"
"70859","58140510","67697912"
"70860","58140510","80127178"
"70861","58140529","61684118"
"70862","58140529","61768544"
"70863","58140529","96093485"
"70864","58140529","103494336"
"70865","58140529","103083891"
"70866","58140529","61769172"
"70867","58140530","57821389"
"70868","58140539","96092888"
"70869","58140539","64912785"
"70870","58140559","103082452"
"70871","58140559","86686304"
"70872","58140559","80122418"
"70873","58140569","96093070"
"70874","58140569","88622124"
"70875","58140569","57821266"
"70876","58140569","57822777"
"70877","58140569","58340957"
"70878","58140569","94200201"
"70879","58140570","97746888"
"70880","58140579","58342000"
"70881","58140579","59216499"
"70882","58140786","96092937"
"70883","58140786","65987838"
"70884","58140786","64910355"
"70885","58140786","88670967"
"70886","58140786","97747602"
"70887","58140786","104170219"
"70888","58140787","64979744"
"70889","58140955","58342212"
"70890","58141053","58151734"
"70891","58141078","58139310"
"70892","58141233","57820793"
"70893","58141362","78894927"
"70894","58141440","64914967"
"70895","58141451","58141455"
"70896","58142185","59216229"
"70897","58143052","58340140"
"70898","58143052","67690316"
"70899","58143053","58349730"
"70900","58143054","96096440"
"70901","58143087","62960420"
"70902","58143088","69505198"
"70903","58143113","69500444"
"70904","58143113","103494810"
"70905","58143113","57819805"
"70906","58143113","103335167"
"70907","58143113","88669852"
"70908","58143114","65982842"
"70909","58143150","64915137"
"70910","58143201","58142822"
"70911","58143201","57829446"
"70912","58143226","61774823"
"70913","58143226","69502142"
"70914","58143226","96095832"
"70915","58143226","57822488"
"70916","58143256","58139781"
"70917","58143367","61680670"
"70918","58143379","58340981"
"70919","58143386","61768367"
"70920","58143387","58342362"
"70921","58143412","58140892"
"70922","58151550","57820500"
"70923","58151550","99972772"
"70924","58339840","80127602"
"70925","58339842","59215622"
"70926","58341257","78896078"
"70927","58341282","97748383"
"70928","58341298","57819874"
"70929","58341298","64913794"
"70930","58341298","58141518"
"70931","58341315","97749233"
"70932","58341315","57818586"
"70933","58341315","103341943"
"70934","58341315","57820370"
"70935","58341315","61680485"
"70936","58341315","64915787"
"70937","58341315","57822802"
"70938","58341316","64980515"
"70939","58341325","92445602"
"70940","58341325","103340929"
"70941","58341346","99972983"
"70942","58341346","64980514"
"70943","58341346","94200251"
"70944","58341355","103503360"
"70945","58341355","58142640"
"70946","58341355","92257076"
"70947","58341355","57821436"
"70948","58341355","99972686"
"70949","58341355","58340910"
"70950","58341355","104177399"
"70951","58341356","78895261"
"70952","58341365","58141700"
"70953","58341365","103504157"
"70954","58341566","103491841"
"70955","58341566","92445566"
"70956","58341566","88622310"
"70957","58341566","57821344"
"70958","58341566","61681266"
"70959","58341566","57821881"
"70960","58341566","97751710"
"70961","58341566","103080244"
"70962","58341566","104171773"
"70963","58341566","64909922"
"70964","58341567","103082043"
"70965","58341715","92257139"
"70966","58341814","58340916"
"70967","58341995","57819889"
"70968","58342116","97748269"
"70969","58342192","59216470"
"70970","58342203","88673029"
"70971","58342929","96097869"
"70972","58343761","58141690"
"70973","58343761","96099156"
"70974","58343762","67695712"
"70975","58343763","103339802"
"70976","58343793","92254767"
"70977","58343818","103501528"
"70978","58343818","58342309"
"70979","58343818","58343877"
"70980","58343818","96097288"
"70981","58343818","58140310"
"70982","58343818","80127413"
"70983","58343819","67694735"
"70984","58343853","103085892"
"70985","58343920","65987939"
"70986","58343920","103339998"
"70987","58343948","80123699"
"70988","58344062","58141559"
"70989","58344063","62958391"
"70990","58344088","92257420"
"70991","58349617","104172990"
"70992","58349617","65801513"
"70993","103080210","103494383"
"70994","103080210","58140965"
"70995","103080210","78894073"
"70996","103080210","59215467"
"70997","103080210","64915853"
"70998","103080210","57823246"
"70999","103080210","59213380"
"71000","103080210","88671606"
"71001","103080210","58140539"
"71002","103080210","96092898"
"71003","103080210","57820302"
"71004","103080210","80125110"
"71005","103080210","58341365"
"71006","103080210","58139867"
"71007","103080210","103335272"
"71008","103080210","97747806"
"71009","103080210","94196750"
"71010","103080210","61774875"
"71011","103080210","58141705"
"71012","103080210","57819468"
"71013","103080210","97747556"
"71014","103080210","78889925"
"71015","103080210","104171684"
"71016","103080210","88671638"
"71017","103080210","58143053"
"71018","103080210","99972390"
"71019","103080210","78890744"
"71020","103080210","88622302"
"71021","103080210","88622745"
"71022","103080210","59218207"
"71023","103080210","58140393"
"71024","103080210","96099177"
"71025","103080210","86680150"
"71026","103080210","57822688"
"71027","103080210","88669955"
"71028","103080210","62960393"
"71029","103080210","61686662"
"71030","103080210","58141362"
"71031","103080210","58343898"
"71032","103080210","57819123"
"71033","103080210","58272241"
"71034","103080210","57821304"
"71035","103080210","99976914"
"71036","103080210","69505509"
"71037","103080210","78892768"
"71038","103080210","103087725"
"71039","103080210","58349796"
"71040","103080210","61772048"
"71041","103080210","103336538"
"71042","103080210","88673576"
"71043","103080210","103336545"
"71044","103080210","58340934"
"71045","103080210","61681977"
"71046","103080210","57821209"
"71047","103080210","58141895"
"71048","103080210","92254649"
"71049","103080210","92254812"
"71050","103080210","57821291"
"71051","103080210","80123723"
"71052","103080210","58138690"
"71053","103080210","96097474"
"71054","103080210","64977550"
"71055","103080210","86686301"
"71056","103080210","103502437"
"71057","103335280","61680520"
"71058","103335280","58343794"
"71059","103335280","80129563"
"71060","103335280","92252979"
"71061","103335280","92445487"
"71062","103335280","67690698"
"71063","103335280","58139408"
"71064","103335280","61768572"
"71065","103335280","58341376"
"71066","103335280","78890050"
"71067","103335280","58342929"
"71068","103335280","104174709"
"71069","103335280","65982821"
"71070","103335280","57380023"
"71071","103335280","61680379"
"71072","103335280","65801809"
"71073","103335280","71485333"
"71074","103335280","92250241"
"71075","103335280","65797244"
"71076","103335280","92256779"
"71077","103335280","57380108"
"71078","103335280","59671122"
"71079","103335280","58342406"
"71080","103335280","58342006"
"71081","103335280","103338490"
"71082","103335280","62958321"
"71083","103335280","92253873"
"71084","103335280","58140536"
"71085","103335280","57822730"
"71086","103335280","58141468"
"71087","103335280","86682225"
"71088","103335280","86678391"
"71089","103335280","71487880"
"71090","103335280","58343545"
"71091","103335280","65982849"
"71092","103335280","80125759"
"71093","103335280","61584861"
"71094","103335280","58140301"
"71095","103335280","71488218"
"71096","103335280","103495802"
"71097","103335280","103080109"
"71098","103335280","71485470"
"71099","103335280","71483120"
"71100","103335280","96094643"
"71101","103335280","78895403"
"71102","103335280","94200116"
"71103","103335280","97747278"
"71104","103335280","92445151"
"71105","103335280","69503373"
"71106","103335280","57821802"
"71107","103335280","61769470"
"71108","103335280","92439146"
"71109","103335280","96094408"
"71110","103335280","92445069"
"71111","103335280","59669207"
"71112","103335280","96093736"
"71113","103335280","59658459"
"71114","103335280","94198900"
"71115","103335280","92253325"
"71116","103335280","103501906"
"71117","103335280","65797413"
"71118","103335280","58143198"
"71119","103335280","57821398"
"71120","103335280","58342255"
"71121","103490579","71482573"
"71122","103490579","92252008"
"71123","103490579","57820016"
"71124","103490579","64909948"
"71125","103490579","78891098"
"71126","103490579","59658376"
"71127","103490579","58141635"
"71128","103490579","57821315"
"71129","103490579","88671066"
"71130","103490579","61775297"
"71131","103490579","64985322"
"71132","103490579","61680588"
"71133","103490579","92255976"
"71134","103490579","99976801"
"71135","103490579","94197280"
"71136","103490579","61774863"
"71137","103490579","58280790"
"71138","103490579","103087269"
"71139","103490579","99972746"
"71140","103490579","57819574"
"71141","103490579","80125884"
"71142","103490579","103339633"
"71143","103490579","96094604"
"71144","103490579","57821254"
"71145","103490579","103339640"
"71146","103490579","104178607"
"71147","103490579","104176411"
"71148","103490579","61771539"
"71149","103490579","71487702"
"71150","103490579","64910777"
"71151","103490579","57818769"
"71152","103490579","94201389"
"71153","103490579","94200192"
"71154","103490579","94198854"
"71155","103490579","99979684"
"71156","103490579","103491701"
"71157","103490579","69504298"
"71158","103490579","104171906"
"71159","103490579","64914912"
"71160","103490579","57821187"
"71161","103490579","103081818"
"71162","103490579","69504842"
"71163","103490579","103086445"
"71164","103490579","103083635"
"71165","103490579","92255963"
"71166","103490579","61685869"
"71167","103490579","65803276"
"71168","103490579","65797244"
"71169","103490579","58141647"
"71170","103490579","92254771"
"71171","103490579","57822777"
"71172","103490579","80125074"
"71173","103490579","58344088"
"71174","103490579","67690694"
"71175","103490579","67695006"
"71176","103490579","88618794"
"71177","103490579","71486231"
"71178","103490579","59671607"
"71179","103490579","58349848"
"71180","103490579","97748816"
"71181","103490579","65987354"
"71182","103490579","99977365"
"71183","103490579","92255961"
"71184","103490579","78892771"
"71185","104170354","94201313"
"71186","104170354","61686968"
"71187","104170354","97747444"
"71188","104170354","78894473"
"71189","104170354","58141650"
"71190","104170354","97751994"
"71191","104170354","92444820"
"71192","104170354","59213416"
"71193","104170354","58143369"
"71194","104170354","61680480"
"71195","104170354","103085822"
"71196","104170354","58140576"
"71197","104170354","86686301"
"71198","104170354","62954906"
"71199","104170354","58141721"
"71200","104170354","61680463"
"71201","104170354","59215825"
"71202","104170354","88676233"
"71203","104170354","103084573"
"71204","104170354","96092993"
"71205","104170354","57821380"
"71206","104170354","99976768"
"71207","104170354","65987921"
"71208","104170354","92257356"
"71209","104170354","67693331"
"71210","104170354","62957194"
"71211","104170354","65797405"
"71212","104170354","61685884"
"71213","104170354","96096794"
"71214","104170354","80123722"
"71215","104170354","103336244"
"71216","104170354","99978886"
"71217","104170354","92447347"
"71218","104170354","65799284"
"71219","104170354","57821063"
"71220","104170354","58340282"
"71221","104170354","58141053"
"71222","104170354","96097465"
"71223","104170354","97752828"
"71224","104170354","62960495"
"71225","104170354","65986072"
"71226","104170354","88622978"
"71227","104170354","67695474"
"71228","104170354","104172188"
"71229","104170354","57823252"
"71230","104170354","103494126"
"71231","104170354","57818422"
"71232","104170354","57818654"
"71233","104170354","57820328"
"71234","104170354","88624820"
"71235","104170354","88673458"
"71236","104170354","94198950"
"71237","104170354","69499931"
"71238","104170354","64983222"
"71239","104170354","58342361"
"71240","104170354","58141877"
"71241","104170354","58140160"
"71242","104170354","58151740"
"71243","104170354","57821400"
"71244","104170354","103084562"
"71245","104170354","58141719"
"71246","104170354","78894991"
"71247","104170354","64915035"
"71248","104170354","103501528"
"71249","57376021","57821377"
"71250","57820108","58141589"
"71251","57820672","99978644"
"71252","57820803","92444519"
"71253","57821862","94197052"
"71254","57822639","92250114"
"71255","58140393","99975524"
"71256","58140957","86680379"
"71257","58141088","104178111"
"71258","58142147","99972788"
"71259","58142924","103083348"
"71260","58279517","57820709"
"71261","58279517","59213440"
"71262","58279517","58342149"
"71263","58341182","61774553"
"71264","58341717","64978464"
"71265","58341849","97747584"
"71266","58342891","88627073"
"71267","59212151","88677035"
"71268","59212151","94199138"
"71269","59212151","65799290"
"71270","59212151","92442486"
"71271","59212151","97745800"
"71272","59212151","58340909"
"71273","59212151","58341285"
"71274","59212151","104177248"
"71275","59212151","96092912"
"71276","59212151","71487975"
"71277","59212151","88669944"
"71278","59212151","92255961"
"71279","59212151","65799293"
"71280","59212151","67692355"
"71281","59212151","65803610"
"71282","59212151","99975847"
"71283","59212151","61768488"
"71284","59212151","58151815"
"71285","59212151","65983323"
"71286","59212151","103340892"
"71287","59212151","67695714"
"71288","59212151","57821286"
"71289","59212151","92440394"
"71290","59212151","88670917"
"71291","59212151","59216499"
"71292","59212151","94201379"
"71293","59212151","71487952"
"71294","59212151","94202715"
"71295","59212151","64979747"
"71296","59212151","97753008"
"71297","59212151","99975524"
"71298","59660613","58341462"
"71299","59660613","57821257"
"71300","59660613","57822775"
"71301","59660613","61680563"
"71302","59660613","94202099"
"71303","59660613","92251616"
"71304","59660613","65982979"
"71305","59660613","61773763"
"71306","59660613","57829386"
"71307","59660613","86684175"
"71308","59660613","58341373"
"71309","59660613","58138924"
"71310","59660613","69504832"
"71311","59660613","103336244"
"71312","59660613","59214219"
"71313","59660613","99977364"
"71314","59660613","65802582"
"71315","59660613","59669637"
"71316","59660613","59665174"
"71317","59660613","78894094"
"71318","59660613","96097562"
"71319","59660613","103080730"
"71320","59660613","99975592"
"71321","59660613","61581068"
"71322","59660613","92446241"
"71323","59660613","57822681"
"71324","59660613","103339641"
"71325","59660613","58342426"
"71326","59660613","94196654"
"71327","59660613","80126290"
"71328","59660613","96096694"
"71329","59660613","99972794"
"71330","59660613","71487283"
"71331","59660613","58138874"
"71332","59660613","88626833"
"71333","59660613","99972510"
"71334","59660613","61774933"
"71335","59660613","59665111"
"71336","59660613","58281563"
"71337","59660613","103081485"
"71338","59660613","58140395"
"71339","59660613","58141611"
"71340","59660613","58143412"
"71341","59660613","67695019"
"71342","59660613","57829430"
"71343","59660613","71482718"
"71344","59660613","103338228"
"71345","59660613","80122682"
"71346","61579775","71488109"
"71347","61579775","80122681"
"71348","61579775","103336949"
"71349","61579775","58342251"
"71350","61579775","57380269"
"71351","61579775","103336540"
"71352","61579775","58342117"
"71353","61579775","57823117"
"71354","61579775","92441617"
"71355","61579775","64910055"
"71356","61579775","58342305"
"71357","61579775","58140789"
"71358","61579775","103339817"
"71359","61579775","96092577"
"71360","61579775","103339757"
"71361","61579775","57822931"
"71362","61579775","103492413"
"71363","61579775","58141895"
"71364","61579775","88676307"
"71365","61579775","64915038"
"71366","61579775","92443624"
"71367","61579775","61768468"
"71368","61579775","67695091"
"71369","61579775","59667486"
"71370","61579775","80129563"
"71371","61579775","88622155"
"71372","61684598","57823249"
"71373","61684598","58141554"
"71374","61684598","58140058"
"71375","61684598","71486625"
"71376","61684598","99976904"
"71377","61684598","92254826"
"71378","61684598","64914883"
"71379","61684598","58141492"
"71380","61684598","104177374"
"71381","61684598","99975652"
"71382","61684598","94197334"
"71383","61684598","65797751"
"71384","61684598","103494335"
"71385","61684598","97752174"
"71386","61684598","58140571"
"71387","61684598","92251629"
"71388","61684598","92251256"
"71389","61684598","58342456"
"71390","61684598","57380069"
"71391","61684598","97752721"
"71392","61684598","99973807"
"71393","61684598","103080238"
"71394","61684598","58342414"
"71395","61684598","69502255"
"71396","61684598","88624818"
"71397","61684598","57820803"
"71398","61684598","94201406"
"71399","61684598","92251620"
"71400","61684598","62957617"
"71401","61684598","64981781"
"71402","61684598","104176410"
"71403","61684598","58140135"
"71404","61684598","57821221"
"71405","61684598","58342215"
"71406","61684598","94195676"
"71407","61684598","94200085"
"71408","61684598","57820395"
"71409","61684598","69505530"
"71410","61684598","92440077"
"71411","61684598","67694529"
"71412","61684598","69500449"
"71413","61684598","58142998"
"71414","61684598","69505514"
"71415","61684598","58140118"
"71416","61684598","58342504"
"71417","61684598","59215900"
"71418","61684598","92441543"
"71419","61684598","62957194"
"71420","61772493","58339970"
"71421","61772493","96097515"
"71422","61772493","71482613"
"71423","61772493","92254656"
"71424","61772493","57818628"
"71425","61772493","80124968"
"71426","61772493","58141288"
"71427","61772493","104176123"
"71428","61772493","78890129"
"71429","61772493","69504809"
"71430","61772493","69499979"
"71431","61772493","65989497"
"71432","61772493","58140530"
"71433","61772493","78891811"
"71434","61772493","62960170"
"71435","61772493","71487856"
"71436","61772493","65988028"
"71437","61772493","58141672"
"71438","61772493","97749414"
"71439","61772493","59665108"
"71440","61772493","104175968"
"71441","61772493","103334906"
"71442","61772493","92445598"
"71443","61772493","58139054"
"71444","61772493","80124745"
"71445","61772493","64909927"
"71446","61772493","59668787"
"71447","61772493","92441124"
"71448","61772493","96094736"
"71449","61772493","57821025"
"71450","61772493","58342436"
"71451","61772493","88620406"
"71452","61772493","57821308"
"71453","61772493","64912814"
"71454","61772493","94197903"
"71455","61772493","99976804"
"71456","61772493","58339852"
"71457","61772493","99972468"
"71458","61772493","65987877"
"71459","61772493","99976715"
"71460","61772493","57821861"
"71461","61772493","86684222"
"71462","61772493","58143142"
"71463","61772493","57821412"
"71464","61772493","96098029"
"71465","61772493","58339971"
"71466","61772493","59671056"
"71467","61772493","59215737"
"71468","62955895","58342183"
"71469","62955895","80126049"
"71470","62955895","103336328"
"71471","62955895","61685881"
"71472","62955895","57821401"
"71473","62955895","94205732"
"71474","62955895","64983159"
"71475","62955895","97750460"
"71476","62955895","103493265"
"71477","62955895","57821650"
"71478","62955895","88676370"
"71479","62955895","88673414"
"71480","62955895","92254788"
"71481","62955895","57820167"
"71482","62955895","92442848"
"71483","62955895","64910342"
"71484","62955895","96097273"
"71485","62955895","71488212"
"71486","62955895","59667506"
"71487","62955895","88670914"
"71488","62955895","58340676"
"71489","62955895","62961226"
"71490","62955895","97749298"
"71491","62955895","58342440"
"71492","62955895","61774587"
"71493","62955895","97751592"
"71494","62955895","58141755"
"71495","62955895","71488191"
"71496","62955895","64976825"
"71497","62955895","58342366"
"71498","62955895","69504432"
"71499","62955895","61773767"
"71500","62955895","88669852"
"71501","62955895","58349969"
"71502","62955895","96095704"
"71503","62955895","58139859"
"71504","62955895","67695590"
"71505","62955895","80127886"
"71506","62955895","80125783"
"71507","62955895","58138714"
"71508","62955895","96093049"
"71509","62955895","92255976"
"71510","62955895","64911950"
"71511","62955895","103085885"
"71512","62955895","64984750"
"71513","62955895","103490602"
"71514","62955895","96093356"
"71515","62955895","58342375"
"71516","62955895","58141597"
"71517","64910684","59658781"
"71518","64910684","67690605"
"71519","64910684","57818428"
"71520","64910684","104176409"
"71521","64910684","92440968"
"71522","64910684","71489786"
"71523","64910684","67695446"
"71524","64910684","71489892"
"71525","64910684","103343640"
"71526","64910684","99976896"
"71527","64910684","69505484"
"71528","64910684","61583830"
"71529","64910684","104171380"
"71530","64910684","57821290"
"71531","64910684","88669946"
"71532","64910684","71487945"
"71533","64910684","69502216"
"71534","64910684","94197366"
"71535","64910684","103341774"
"71536","64910684","59668088"
"71537","64910684","103503484"
"71538","64910684","61680519"
"71539","64910684","103339639"
"71540","64910684","78896173"
"71541","64910684","94202784"
"71542","64910684","67693596"
"71543","64910684","58143043"
"71544","64910684","64984028"
"71545","64910684","64916662"
"71546","64910684","103494130"
"71547","64910684","78896078"
"71548","64910684","57819678"
"71549","64910684","103491590"
"71550","64910684","92251837"
"71551","64910684","58141241"
"71552","64910684","61768323"
"71553","64910684","61581948"
"71554","64910684","97750443"
"71555","64910684","96098107"
"71556","64910684","58141484"
"71557","64910684","99973812"
"71558","64910684","99972982"
"71559","64910684","104171991"
"71560","64910684","96093049"
"71561","64910684","71487988"
"71562","64910684","57819754"
"71563","64910684","92442852"
"71564","64910684","103086425"
"71565","64910684","78894098"
"71566","64910684","65801540"
"71567","64910684","78894088"
"71568","64978454","92445351"
"71569","64978454","61686983"
"71570","64978454","65988760"
"71571","64978454","88624291"
"71572","64978454","97750473"
"71573","64978454","103086371"
"71574","64978454","57821408"
"71575","64978454","64983418"
"71576","64978454","80127626"
"71577","64978454","58320497"
"71578","64978454","57829503"
"71579","64978454","99977795"
"71580","64978454","62961970"
"71581","64978454","58142308"
"71582","64978454","57380199"
"71583","64978454","61775214"
"71584","64978454","61680662"
"71585","64978454","58141078"
"71586","64978454","57380198"
"71587","64978454","86679870"
"71588","64978454","69504884"
"71589","64978454","65988692"
"71590","64978454","103504414"
"71591","64978454","88673173"
"71592","64978454","58138904"
"71593","64978454","59658753"
"71594","65798005","59211433"
"71595","65798005","78896019"
"71596","65798005","86685326"
"71597","65798005","58140299"
"71598","65798005","80124747"
"71599","65798005","65799269"
"71600","65798005","57819913"
"71601","65798005","97747479"
"71602","65798005","103336538"
"71603","65798005","65802471"
"71604","65798005","99977364"
"71605","65798005","61584757"
"71606","65798005","104170874"
"71607","65798005","58141420"
"71608","65798005","58336197"
"71609","65798005","69505023"
"71610","65798005","78892775"
"71611","65798005","58342244"
"71612","65798005","97747504"
"71613","65798005","65982815"
"71614","65798005","88626833"
"71615","65798005","103338574"
"71616","65798005","71486686"
"71617","65798005","92250101"
"71618","65798005","61768490"
"71619","65798005","58141663"
"71620","65798005","65987694"
"71621","65798005","61680659"
"71622","65798005","58336228"
"71623","65798005","104176621"
"71624","65798005","71482599"
"71625","65798005","80126782"
"71626","65798005","58342340"
"71627","65798005","61770996"
"71628","65798005","67696445"
"71629","65798005","67695553"
"71630","65798005","103340866"
"71631","65798005","65987838"
"71632","65798005","104176096"
"71633","65798005","62960166"
"71634","65798005","71485795"
"71635","65798005","58340596"
"71636","65798005","92254820"
"71637","65798005","69507080"
"71638","65798005","96097747"
"71639","65798005","99974423"
"71640","65798005","88620516"
"71641","65798005","57821387"
"71642","65798005","104174705"
"71643","65798005","99976805"
"71644","65798005","64915414"
"71645","65798005","92442849"
"71646","65798005","103340914"
"71647","65983583","58339974"
"71648","65983583","69507080"
"71649","65983583","88669945"
"71650","65983583","69499906"
"71651","65983583","64911924"
"71652","65983583","78894680"
"71653","65983583","57821390"
"71654","65983583","58271876"
"71655","65983583","96095950"
"71656","65983583","97751580"
"71657","65983583","59217072"
"71658","65983583","65983237"
"71659","65983583","78888222"
"71660","65983583","80123630"
"71661","65983583","58342467"
"71662","65983583","61772522"
"71663","65983583","59216144"
"71664","65983583","103087408"
"71665","65983583","78892765"
"71666","65983583","58340904"
"71667","65983583","99973430"
"71668","65983583","88671835"
"71669","65983583","58138636"
"71670","65983583","103343835"
"71671","65983583","61581858"
"71672","65983583","94197323"
"71673","65983583","58343691"
"71674","67690961","61583840"
"71675","67690961","92250111"
"71676","67690961","103341791"
"71677","67690961","64912793"
"71678","67690961","58139766"
"71679","67690961","88677758"
"71680","67690961","104175990"
"71681","67690961","86680141"
"71682","67690961","57822882"
"71683","67690961","88620450"
"71684","67690961","71485746"
"71685","67690961","65797382"
"71686","67690961","96093510"
"71687","67690961","67695456"
"71688","67690961","59214209"
"71689","67690961","103492295"
"71690","67690961","96093468"
"71691","67690961","61686670"
"71692","67690961","86678534"
"71693","67690961","103086993"
"71694","67690961","103081485"
"71695","67690961","103491555"
"71696","67690961","58140915"
"71697","67690961","103335115"
"71698","67690961","59658596"
"71699","67690961","96097490"
"71700","67690961","103490495"
"71701","67690961","58141314"
"71702","67690961","65985929"
"71703","67690961","59671053"
"71704","67690961","58143256"
"71705","67690961","94202237"
"71706","67690961","59216007"
"71707","67690961","65802330"
"71708","67690961","57829403"
"71709","67690961","69507194"
"71710","67690961","78890783"
"71711","67690961","94201781"
"71712","67690961","69502183"
"71713","67690961","67695219"
"71714","67690961","88620981"
"71715","67690961","58143155"
"71716","67690961","57822857"
"71717","67690961","57819832"
"71718","67690961","97751336"
"71719","67690961","97745940"
"71720","67690961","57820305"
"71721","67690961","59668909"
"71722","67690961","69507179"
"71723","67690961","65984862"
"71724","67690961","86682938"
"71725","67690961","103081847"
"71726","67690961","69502136"
"71727","67690961","67695639"
"71728","67690961","57821179"
"71729","67690961","58143369"
"71730","69500730","57822838"
"71731","69500730","80129489"
"71732","69500730","65987991"
"71733","69500730","58341089"
"71734","69500730","88673172"
"71735","69500730","86681744"
"71736","69500730","86678501"
"71737","69500730","58349729"
"71738","69500730","58342347"
"71739","69500730","64977417"
"71740","69500730","58140225"
"71741","69500730","59669612"
"71742","69500730","59211404"
"71743","69500730","58140299"
"71744","69500730","58334472"
"71745","69500730","92441550"
"71746","69500730","88621072"
"71747","69500730","71489324"
"71748","69500730","64985322"
"71749","69500730","57820170"
"71750","69500730","88673042"
"71751","69500730","71484818"
"71752","69500730","61585756"
"71753","69500730","58141233"
"71754","69500730","58342467"
"71755","69500730","65799259"
"71756","69500730","58140677"
"71757","69500730","86685602"
"71758","69500730","67695708"
"71759","69500730","57819249"
"71760","69500730","88674523"
"71761","69500730","61680368"
"71762","69500730","69505396"
"71763","69500730","58138720"
"71764","69500730","92445563"
"71765","69500730","58142146"
"71766","69500730","57819976"
"71767","69500730","64910777"
"71768","69500730","61769171"
"71769","69500730","61774813"
"71770","69500730","67695677"
"71771","69500730","104176865"
"71772","69500730","96093474"
"71773","69500730","94204091"
"71774","69500730","58139407"
"71775","69500730","103502449"
"71776","69500730","67693265"
"71777","69500730","57821390"
"71778","69500730","61684610"
"71779","69500730","57819009"
"71780","69500730","88621942"
"71781","69500730","58350179"
"71782","69500730","99972712"
"71783","69500730","88622309"
"71784","69500730","67690215"
"71785","69500730","57377264"
"71786","71483401","58341243"
"71787","71483401","62960394"
"71788","71483401","59211200"
"71789","71483401","58343951"
"71790","71483401","58143125"
"71791","71483401","58142775"
"71792","71483401","58342889"
"71793","71483401","64914927"
"71794","71483401","86682903"
"71795","71483401","92445865"
"71796","71483401","97752247"
"71797","71483401","94201398"
"71798","71483401","96094606"
"71799","71483401","58140532"
"71800","71483401","94200077"
"71801","71483401","65987839"
"71802","71483401","71484816"
"71803","71483401","58151814"
"71804","71483401","88676843"
"71805","71483401","99977800"
"71806","71483401","59217072"
"71807","71483401","99972766"
"71808","71483401","61684503"
"71809","71483401","58343908"
"71810","71483401","61774792"
"71811","71483401","103338960"
"71812","71483401","65802371"
"71813","71483401","57820955"
"71814","71483401","86679472"
"71815","71483401","58140260"
"71816","71483401","57821435"
"71817","71483401","71487103"
"71818","71483401","92442843"
"71819","71483401","61772046"
"71820","71483401","103341434"
"71821","71483401","57821255"
"71822","71483401","65802390"
"71823","71483401","61768585"
"71824","71483401","88674364"
"71825","71483401","86679541"
"71826","71483401","104172019"
"71827","71483401","99972771"
"71828","71483401","80127864"
"71829","71483401","69500452"
"71830","71483401","58141685"
"71831","71483401","64983421"
"71832","71483401","67690786"
"71833","71483401","103494833"
"71834","71483401","65987841"
"71835","71483401","59216289"
"71836","71483401","64915012"
"71837","71483401","57820950"
"71838","71483401","92445590"
"71839","71483401","58342349"
"71840","71483401","58341360"
"71841","71483401","65802587"
"71842","78888371","88622163"
"71843","78888371","58341334"
"71844","78888371","65988747"
"71845","78888371","57820043"
"71846","78888371","58341317"
"71847","78888371","58342393"
"71848","78888371","65985833"
"71849","78888371","92253973"
"71850","78888371","58140361"
"71851","78888371","58341814"
"71852","78888371","88626713"
"71853","78888371","58140310"
"71854","78888371","103339643"
"71855","78888371","88675584"
"71856","78888371","69505518"
"71857","78888371","96098063"
"71858","78888371","58280786"
"71859","78888371","58272327"
"71860","78888371","58140151"
"71861","78888371","58141348"
"71862","78888371","78890055"
"71863","78888371","69503103"
"71864","78888371","71487933"
"71865","78888371","92260300"
"71866","78888371","99974361"
"71867","78888371","80126005"
"71868","78888371","58342450"
"71869","78888371","92252129"
"71870","78888371","58141532"
"71871","78888371","88673422"
"71872","78888371","99974540"
"71873","78888371","64910430"
"71874","78888371","103494581"
"71875","78888371","103494829"
"71876","78888371","104171613"
"71877","78888371","103083790"
"71878","78888371","88671850"
"71879","78888371","92254775"
"71880","78888371","96099300"
"71881","78888371","58342379"
"71882","78888371","65982969"
"71883","78888371","58341325"
"71884","78888371","104174851"
"71885","78888371","64914930"
"71886","78888371","97753029"
"71887","78888371","94195684"
"71888","78888371","57818695"
"71889","78888371","57820454"
"71890","78888371","57829354"
"71891","78888371","86686301"
"71892","78888371","103492632"
"71893","78888371","69502187"
"71894","78888371","57821307"
"71895","78888371","67694655"
"71896","78888371","88623620"
"71897","78888371","58141928"
"71898","80129509","58142813"
"71899","80129509","59659888"
"71900","80129509","65802543"
"71901","80129509","94196984"
"71902","80129509","58143349"
"71903","80129509","57818405"
"71904","80129509","58141596"
"71905","80129509","96092927"
"71906","80129509","65988020"
"71907","80129509","103340866"
"71908","80129509","58343769"
"71909","80129509","103492216"
"71910","80129509","86684211"
"71911","80129509","97751607"
"71912","80129509","103084601"
"71913","80129509","103338962"
"71914","80129509","58141459"
"71915","80129509","97747780"
"71916","80129509","58341357"
"71917","80129509","67694771"
"71918","80129509","58151883"
"71919","80129509","58142476"
"71920","80129509","86678400"
"71921","80129509","69507778"
"71922","80129509","69505310"
"71923","80129509","92257283"
"71924","80129509","64982469"
"71925","80129509","92443845"
"71926","80129509","67696447"
"71927","80129509","67690621"
"71928","80129509","61684151"
"71929","80129509","80128547"
"71930","80129509","99975598"
"71931","80129509","67690192"
"71932","80129509","92251957"
"71933","80129509","69499962"
"71934","80129509","64983223"
"71935","80129509","104174892"
"71936","80129509","58342386"
"71937","80129509","99972059"
"71938","80129509","78890021"
"71939","80129509","61584852"
"71940","80129509","57821353"
"71941","80129509","94201971"
"71942","80129509","96097528"
"71943","80129509","65982984"
"71944","80129509","99976741"
"71945","80129509","61686945"
"71946","80129509","57822492"
"71947","80129509","65985278"
"71948","80129509","57821337"
"71949","80129509","58343197"
"71950","80129509","96094620"
"71951","80129509","65797308"
"71952","80129509","99975847"
"71953","80129509","58342392"
"71954","80129509","103083255"
"71955","80129509","69503596"
"71956","80129509","58342413"
"71957","80129509","64983159"
"71958","80129509","57829354"
"71959","80129509","103082549"
"71960","86678500","64915036"
"71961","86678500","58143169"
"71962","86678500","58138871"
"71963","86678500","92439543"
"71964","86678500","57820290"
"71965","86678500","103087206"
"71966","86678500","61684481"
"71967","86678500","78896173"
"71968","86678500","80123794"
"71969","86678500","104171676"
"71970","86678500","97749309"
"71971","86678500","58142347"
"71972","86678500","57823246"
"71973","86678500","64915108"
"71974","86678500","57818351"
"71975","86678500","86684226"
"71976","86678500","58341567"
"71977","86678500","58143150"
"71978","86678500","57821527"
"71979","86678500","88621072"
"71980","86678500","57820545"
"71981","86678500","71487945"
"71982","86678500","67693681"
"71983","86678500","103082555"
"71984","86678500","59658850"
"71985","86678500","88677042"
"71986","86678500","103491545"
"71987","86678500","57819558"
"71988","86678500","103504257"
"71989","86678500","99976794"
"71990","86678500","103501818"
"71991","86678500","61680584"
"71992","86678500","104171737"
"71993","86678500","88622269"
"71994","86678500","59216183"
"71995","86678500","58341245"
"71996","86678500","97745959"
"71997","86678500","99976780"
"71998","86678500","58339943"
"71999","86678500","58341242"
"72000","86678500","88671553"
"72001","86678500","69505310"
"72002","86678500","96093539"
"72003","86678500","99973430"
"72004","86678500","92445593"
"72005","86678500","97747218"
"72006","86678500","58139725"
"72007","86678500","65798017"
"72008","86678500","94202037"
"72009","86678500","96097105"
"72010","86678500","80125886"
"72011","86678500","61775205"
"72012","86678500","103335150"
"72013","86678500","59216472"
"72014","86678500","57821081"
"72015","86678500","58334611"
"72016","86678500","58342369"
"72017","86678500","88619601"
"72018","86678500","58141088"
"72019","86678500","64915119"
"72020","86678500","69503951"
"72021","86678500","57821176"
"72022","86678500","58341578"
"72023","86678500","58342411"
"72024","88626703","64915851"
"72025","88626703","92251578"
"72026","88626703","59668796"
"72027","88626703","97752722"
"72028","88626703","61586755"
"72029","88626703","103492909"
"72030","88626703","57820209"
"72031","88626703","71484816"
"72032","88626703","103501696"
"72033","88626703","88676780"
"72034","88626703","58343554"
"72035","88626703","57822974"
"72036","88626703","61681269"
"72037","88626703","96093453"
"72038","88626703","103087408"
"72039","88626703","103337964"
"72040","88626703","88622304"
"72041","88626703","58342108"
"72042","88626703","103503485"
"72043","88626703","57823094"
"72044","88626703","58141335"
"72045","88626703","64977910"
"72046","88626703","80124989"
"72047","88626703","58342377"
"72048","88626703","69502140"
"72049","88626703","103335180"
"72050","88626703","88622201"
"72051","88626703","94195673"
"72052","88626703","58280797"
"72053","88626703","86682897"
"72054","88626703","88620498"
"72055","88626703","88625114"
"72056","88626703","69507773"
"72057","88626703","86684212"
"72058","88626703","80123679"
"72059","88626703","96095211"
"72060","88626703","58342321"
"72061","88626703","97750443"
"72062","88626703","92442842"
"72063","88626703","103339642"
"72064","88626703","94202844"
"72065","88626703","92441681"
"72066","88626703","86685327"
"72067","88626703","58342217"
"72068","88626703","59669536"
"72069","88626703","97747263"
"72070","88626703","57821724"
"72071","88626703","103491627"
"72072","88626703","58141659"
"72073","88626703","58139859"
"72074","88626703","59670630"
"72075","88626703","88625019"
"72076","88626703","92250150"
"72077","88626703","62960416"
"72078","88626703","61584613"
"72079","88626703","94199019"
"72080","88626703","96092342"
"72081","88626703","58271796"
"72082","88626703","97752324"
"72083","88626703","78891645"
"72084","88626703","58139833"
"72085","88626703","103494810"
"72086","88626703","61680664"
"72087","88669954","57820274"
"72088","88669954","94198754"
"72089","88669954","58141303"
"72090","88669954","61769897"
"72091","88669954","58141510"
"72092","88669954","58342289"
"72093","88669954","58140729"
"72094","88669954","57821292"
"72095","88669954","62959334"
"72096","88669954","61770996"
"72097","88669954","94203483"
"72098","88669954","57820308"
"72099","88669954","65801032"
"72100","88669954","103492299"
"72101","88669954","86682900"
"72102","88669954","96093489"
"72103","88669954","58141604"
"72104","88669954","58342443"
"72105","88669954","99975633"
"72106","88669954","59665111"
"72107","88669954","58341182"
"72108","88669954","97747792"
"72109","88669954","57818427"
"72110","88669954","65985696"
"72111","88669954","57821416"
"72112","88669954","58140573"
"72113","88669954","103494337"
"72114","88669954","67696415"
"72115","88669954","99975632"
"72116","88669954","94199150"
"72117","88669954","61768220"
"72118","88669954","57821901"
"72119","88669954","71487943"
"72120","88669954","96095914"
"72121","88669954","58143217"
"72122","88669954","67695724"
"72123","88669954","57821062"
"72124","88669954","86684131"
"72125","88669954","86680184"
"72126","88669954","62960430"
"72127","88669954","58140559"
"72128","88669954","67695211"
"72129","88669954","94201492"
"72130","88669954","62960472"
"72131","88669954","58342387"
"72132","88669954","80124955"
"72133","88669954","88674494"
"72134","88669954","86685606"
"72135","88669954","104176723"
"72136","88669954","69505835"
"72137","88669954","88680348"
"72138","88669954","86685353"
"72139","88669954","57829535"
"72140","88669954","103338456"
"72141","88669954","99975602"
"72142","88669954","71483413"
"72143","88669954","103081852"
"72144","88669954","99975619"
"72145","88669954","94195547"
"72146","88669954","103492140"
"72147","88669954","57819775"
"72148","88669954","96097480"
"72149","88669954","65804124"
"72150","88669954","71483240"
"72151","92250250","61682591"
"72152","92250250","103087252"
"72153","92250250","57818610"
"72154","92250250","99975652"
"72155","92250250","94197561"
"72156","92250250","58344209"
"72157","92250250","86685744"
"72158","92250250","94200202"
"72159","92250250","86683080"
"72160","92250250","61582633"
"72161","92250250","65982979"
"72162","92250250","103494705"
"72163","92250250","103342346"
"72164","92250250","58340982"
"72165","92250250","80123079"
"72166","92250250","58138712"
"72167","92250250","92445606"
"72168","92250250","97747598"
"72169","92250250","71485801"
"72170","92250250","103490443"
"72171","92250250","92253602"
"72172","92250250","58342346"
"72173","92250250","58343819"
"72174","92250250","61680893"
"72175","92250250","64985326"
"72176","92250250","58140361"
"72177","92250250","58342118"
"72178","92250250","65797746"
"72179","92250250","58141469"
"72180","92250250","58140851"
"72181","92250250","99972776"
"72182","92250250","88674352"
"72183","92250250","80129487"
"72184","92250250","58143177"
"72185","92250250","59666803"
"72186","92250250","88620997"
"72187","92250250","97747822"
"72188","92250250","57821951"
"72189","92250250","97752040"
"72190","92250250","67695728"
"72191","92250250","58342433"
"72192","92250250","57819927"
"72193","92250250","103503478"
"72194","92250250","61768235"
"72195","92250250","94199120"
"72196","92250250","59658376"
"72197","92250250","103340950"
"72198","92250250","64909602"
"72199","92250250","58141337"
"72200","92250250","88675674"
"72201","92250250","57822231"
"72202","92250250","59216273"
"72203","92250250","58339766"
"72204","92250250","64914641"
"72205","92250250","97751575"
"72206","92250250","61584855"
"72207","92250250","103080230"
"72208","92250250","58344046"
"72209","92250250","58340935"
"72210","92250250","88619814"
"72211","92250250","69504423"
"72212","92250250","88674351"
"72213","92250250","96092614"
"72214","92250250","58151761"
"72215","92447247","103501774"
"72216","92447247","58151822"
"72217","92447247","97749020"
"72218","92447247","78894471"
"72219","92447247","103084599"
"72220","92447247","104174745"
"72221","92447247","86681371"
"72222","92447247","57822831"
"72223","92447247","94197062"
"72224","92447247","61578720"
"72225","92447247","88677758"
"72226","92447247","64984324"
"72227","92447247","57820295"
"72228","92447247","88623983"
"72229","92447247","96092916"
"72230","92447247","61584382"
"72231","92447247","103491843"
"72232","92447247","71483115"
"72233","92447247","69502174"
"72234","92447247","59670410"
"72235","92447247","65799896"
"72236","92447247","99973495"
"72237","92447247","92446275"
"72238","92447247","57820108"
"72239","92447247","92254647"
"72240","92447247","94198770"
"72241","92447247","58339966"
"72242","92447247","97752290"
"72243","92447247","67695621"
"72244","92447247","65984865"
"72245","92447247","61683648"
"72246","92447247","58138880"
"72247","92447247","80125563"
"72248","92447247","86683040"
"72249","92447247","88675662"
"72250","92447247","103336879"
"72251","92447247","69507777"
"72252","92447247","88618997"
"72253","92447247","96095818"
"72254","92447247","69505348"
"72255","92447247","92250273"
"72256","92447247","97747504"
"72257","92447247","104171962"
"72258","92447247","58140561"
"72259","92447247","58342068"
"72260","92447247","96092889"
"72261","92447247","65984953"
"72262","92447247","61584534"
"72263","92447247","58349619"
"72264","92447247","64912788"
"72265","92447247","96092898"
"72266","92447247","65984871"
"72267","92447247","58349961"
"72268","92447247","103336539"
"72269","92447247","71486316"
"72270","92447247","80126789"
"72271","92447247","57820285"
"72272","92447247","88671574"
"72273","92447247","80125784"
"72274","92447247","59215379"
"72275","92447247","58140531"
"72276","92447247","67696772"
"72277","92447247","96097464"
"72278","94195683","58141395"
"72279","94195683","94200086"
"72280","94195683","99976822"
"72281","94195683","88677658"
"72282","94195683","103492248"
"72283","94195683","71484928"
"72284","94195683","99978787"
"72285","94195683","61768424"
"72286","94195683","69505520"
"72287","94195683","103342090"
"72288","94195683","97745826"
"72289","94195683","61585451"
"72290","94195683","58138684"
"72291","94195683","58349794"
"72292","94195683","88671604"
"72293","94195683","62958363"
"72294","94195683","61769476"
"72295","94195683","61775295"
"72296","94195683","94202035"
"72297","94195683","57821326"
"72298","94195683","103337867"
"72299","94195683","96096026"
"72300","94195683","97747498"
"72301","94195683","58350181"
"72302","94195683","61583617"
"72303","94195683","71487015"
"72304","94195683","58342416"
"72305","94195683","58342418"
"72306","94195683","103336543"
"72307","94195683","97752290"
"72308","94195683","103084569"
"72309","94195683","103491842"
"72310","94195683","57820177"
"72311","94195683","57818782"
"72312","94195683","103502461"
"72313","94195683","104178014"
"72314","94195683","57821830"
"72315","94195683","58350175"
"72316","94195683","86680396"
"72317","94195683","97747552"
"72318","94195683","97747608"
"72319","94195683","59658357"
"72320","94195683","86682223"
"72321","94195683","69505510"
"72322","94195683","86681743"
"72323","94195683","58141596"
"72324","94195683","92444460"
"72325","94195683","78889962"
"72326","94195683","96095708"
"72327","94195683","71488202"
"72328","94195683","78890744"
"72329","94195683","92257379"
"72330","94195683","64913585"
"72331","94195683","71482327"
"72332","94195683","58342425"
"72333","94195683","65989643"
"72334","94195683","71485906"
"72335","94195683","94202768"
"72336","94195683","61769899"
"72337","94195683","103337610"
"72338","94195683","69505483"
"72339","94195683","57820811"
"72340","94195683","104174717"
"72341","94195683","86684237"
"72342","96097529","103085818"
"72343","97747537","57820227"
"72344","99972727","58141627"
"72345","57819827","97749841"
"72346","57819827","104172489"
"72347","57819827","61686905"
"72348","57819827","57820289"
"72349","57819827","103342023"
"72350","57819828","58342341"
"72351","57819837","96092611"
"72352","57819837","97749517"
"72353","57819841","64915038"
"72354","57819954","59216480"
"72355","57820300","103493756"
"72356","57820301","58341333"
"72357","57822487","59665186"
"72358","58140112","61680681"
"72359","58140112","57818434"
"72360","58140112","58141652"
"72361","58140112","57821802"
"72362","58140112","58140140"
"72363","58140113","88619617"
"72364","58140122","71487409"
"72365","58140122","57821312"
"72366","58140126","94202934"
"72367","58140239","97749233"
"72368","58140585","67697251"
"72369","58140586","78890246"
"72370","58142772","103335143"
"72371","58340896","92253331"
"72372","58340896","86680103"
"72373","58340896","86678523"
"72374","58340896","58140749"
"72375","58340896","61585460"
"72376","58340906","65797742"
"72377","58340906","69505200"
"72378","58340908","103083892"
"72379","58341021","65802243"
"72380","58341371","99975650"
"72381","58341372","94200082"
"72382","58343495","58340030"
"72383","103081846","97747498"
"72384","103081846","80123148"
"72385","103081846","78894740"
"72386","103336916","94195599"
"72387","103336916","58342293"
"72388","103336916","88675520"
"72389","103492215","86679962"
"72390","103492215","65985697"
"72391","103492215","58142329"
"72392","104171990","67697395"
"72393","104171990","94197441"
"72394","104171990","99974010"
"72395","57820060","94198773"
"72396","57820060","64981800"
"72397","57820060","58139755"
"72398","57820060","64915036"
"72399","57820060","71488200"
"72400","57820060","88620424"
"72401","57820060","58342245"
"72402","57820060","88674359"
"72403","57820391","69505285"
"72404","57820776","104171363"
"72405","57820776","58342001"
"72406","57820776","78888362"
"72407","57820776","61774203"
"72408","57820776","59669141"
"72409","57820776","103501916"
"72410","57822486","57819291"
"72411","57823448","61686910"
"72412","57823449","103343034"
"72413","57829357","57821394"
"72414","58140345","92254796"
"72415","58140345","65982942"
"72416","58140345","80127902"
"72417","58140345","103502348"
"72418","58140345","58334565"
"72419","58140345","61774791"
"72420","58140345","69503232"
"72421","58140345","57822251"
"72422","58140676","58142151"
"72423","58141061","69505172"
"72424","58141061","94201802"
"72425","58141061","69505248"
"72426","58141061","99976805"
"72427","58141061","96092813"
"72428","58141061","61768388"
"72429","58142771","103081313"
"72430","58143733","80128088"
"72431","58143734","64982235"
"72432","58151732","61686666"
"72433","58341134","64914870"
"72434","58341134","71489859"
"72435","58341460","58334566"
"72436","58341822","80123698"
"72437","58343494","58344212"
"72438","58344408","58342359"
"72439","58344409","61579184"
"72440","59211477","64913024"
"72441","59211477","86681229"
"72442","59658497","103490630"
"72443","59658497","58140494"
"72444","59658497","97750661"
"72445","61578726","99978680"
"72446","61578726","99977911"
"72447","61686944","62960416"
"72448","61686944","58341298"
"72449","61686944","99975601"
"72450","61774836","59668279"
"72451","61774836","58138637"
"72452","61774836","92254648"
"72453","62955183","92447250"
"72454","62955183","58142770"
"72455","62955183","57820542"
"72456","64909961","103492422"
"72457","64909961","99977911"
"72458","64909961","80123794"
"72459","64977453","88618296"
"72460","64977453","65799753"
"72461","65797280","104174710"
"72462","65797280","61683451"
"72463","65797280","65983326"
"72464","65982855","65987839"
"72465","65982855","71482624"
"72466","67690228","86681637"
"72467","67690228","97750431"
"72468","67690228","61584560"
"72469","69499950","58143120"
"72470","69499950","61773728"
"72471","69499950","103335144"
"72472","71482612","88676639"
"72473","71482612","58349870"
"72474","71482612","58342410"
"72475","78890049","104174269"
"72476","78890049","57820719"
"72477","78890049","92255880"
"72478","80127831","103502448"
"72479","80127831","88675774"
"72480","80127831","59214993"
"72481","86680178","86682123"
"72482","86680178","103503317"
"72483","86680178","104171899"
"72484","88625025","92251833"
"72485","88625025","103494809"
"72486","88625025","61686971"
"72487","88671632","58143217"
"72488","88671632","94200078"
"72489","88671632","59658376"
"72490","92251928","86678345"
"72491","92251928","59670428"
"72492","92251928","58341184"
"72493","92445569","58138890"
"72494","92445569","57821495"
"72495","92445569","104170189"
"72496","94197360","92439446"
"72497","94197360","99972792"
"72498","94197360","94199186"
"72499","96097491","71487399"
"72500","96097491","71487854"
"72501","96097491","58334446"
"72502","97747575","58140126"
"72503","97747575","88671356"
"72504","97747575","57820956"
"72505","99972765","61578690"
"72506","99972765","92440448"
"72507","99972765","58342405"
"72508","57819888","58342424"
"72509","57819893","64977409"
"72510","57820622","99972684"
"72511","57821059","92251654"
"72512","57821059","71487490"
"72513","57821059","103494826"
"72514","57821671","103340956"
"72515","57821671","58140457"
"72516","57821671","97747198"
"72517","57821671","57820818"
"72518","57821671","64915117"
"72519","57821671","64982448"
"72520","57821671","88670967"
"72521","57821671","71482577"
"72522","57821831","99976785"
"72523","57822090","64915105"
"72524","57822315","94199396"
"72525","57822315","96091642"
"72526","57822315","61768091"
"72527","57822315","62960490"
"72528","57822315","86678136"
"72529","57822315","67693334"
"72530","57822315","58341460"
"72531","57822315","57821415"
"72532","58140173","57821035"
"72533","58140178","59669787"
"72534","58140907","65802438"
"72535","58141344","92253710"
"72536","58141344","92251900"
"72537","58141344","58140577"
"72538","58141956","103081218"
"72539","58141956","103335800"
"72540","58141956","80125103"
"72541","58141956","58143734"
"72542","58141956","80127135"
"72543","58141956","69507080"
"72544","58141956","64910346"
"72545","58141956","88675674"
"72546","58142116","64914978"
"72547","58142375","88670926"
"72548","58142600","103337589"
"72549","58142600","57819870"
"72550","58142600","92441028"
"72551","58142600","57821356"
"72552","58142600","92441546"
"72553","58142600","65982855"
"72554","58142600","99975591"
"72555","58142600","57822840"
"72556","58340956","59658500"
"72557","58340961","88675584"
"72558","58342098","65988693"
"72559","58342098","58341083"
"72560","58342098","58340964"
"72561","58342700","103335271"
"72562","58342700","65797405"
"72563","58342860","58342445"
"72564","58343315","57820025"
"72565","58343315","58141310"
"72566","96094735","97747201"
"72567","97750330","99977341"
"72568","99975520","78894975"
"72569","103081776","104170377"
"72570","103336846","96092927"
"72571","103492145","78894100"
"72572","104171920","78889960"
"72573","57820164","97751717"
"72574","57820164","99976794"
"72575","57820164","96093512"
"72576","57820165","88673679"
"72577","57820166","103085607"
"72578","57820166","103491990"
"72579","57820186","59211516"
"72580","57820977","61682062"
"72581","57820977","57821365"
"72582","57820978","59669207"
"72583","57820979","57822834"
"72584","57820979","65799275"
"72585","57822008","80125108"
"72586","57822961","96097558"
"72587","57822961","94197446"
"72588","57822961","71484873"
"72589","57822961","57819559"
"72590","57822962","80127136"
"72591","57822962","86685910"
"72592","58140449","57820483"
"72593","58140449","99975649"
"72594","58140449","88626787"
"72595","58140450","86686098"
"72596","58140451","78895202"
"72597","58140451","96092614"
"72598","58140471","58143088"
"72599","58141262","96094603"
"72600","58141262","99973815"
"72601","58141263","99972390"
"72602","58141264","58142117"
"72603","58141264","96097620"
"72604","58142293","57818780"
"72605","58143246","104177136"
"72606","58143246","104175928"
"72607","58143246","61768381"
"72608","58143246","69503551"
"72609","58143247","92257226"
"72610","58143247","58140057"
"72611","58341239","58349614"
"72612","58341239","64982456"
"72613","58341239","57818857"
"72614","58341240","103337916"
"72615","58341241","97748526"
"72616","58341241","61685832"
"72617","58341261","58142255"
"72618","58342023","80126433"
"72619","58342023","104171613"
"72620","58342024","59670421"
"72621","58342025","99975625"
"72622","58342025","58140173"
"72623","58343037","58341084"
"72624","58343937","92253338"
"72625","58343937","78891994"
"72626","58343937","99975622"
"72627","58343937","58342118"
"72628","58343937","58142818"
"72629","58343938","78895464"
"72630","65799294","92445644"
"72631","67692401","58140458"
"72632","69502188","88674357"
"72633","71484861","92441521"
"72634","78889979","96093022"
"72635","80127901","64915038"
"72636","86680108","62960349"
"72637","88625095","58138691"
"72638","88671562","61768236"
"72639","92251858","94195610"
"72640","92445639","71485797"
"72641","94197290","99971119"
"72642","96094737","88619605"
"72643","97750328","61686984"
"72644","99975518","58143542"
"72645","103080130","80126241"
"72646","103335200","65797376"
"72647","103490499","92443845"
"72648","104170274","71489889"
"72649","57820238","104171278"
"72650","57820239","65800677"
"72651","57822856","67696776"
"72652","58140523","58341366"
"72653","58140524","59669580"
"72654","58143141","61773788"
"72655","58341309","69506279"
"72656","58341310","65799289"
"72657","58343844","58142291"
"72658","59658880","65988141"
"72659","61687073","92441432"
"72660","61774965","99978883"
"72661","62955311","67692353"
"72662","64910089","103342268"
"72663","65797409","97747601"
"72664","65982983","64915127"
"72665","67690357","94197360"
"72666","69500080","58349889"
"72667","71482745","88675690"
"72668","78888291","58341309"
"72669","80129589","103494546"
"72670","86678420","58341512"
"72671","88626783","59216210"
"72672","88669874","58342361"
"72673","92250170","96094603"
"72674","92447327","61582628"
"72675","94195603","58143216"
"72676","103081774","58143214"
"72677","103336844","61584686"
"72678","104171918","58140792"
"72679","57819737","61773790"
"72680","57820485","59215344"
"72681","57820487","61687311"
"72682","57822881","71484840"
"72683","58140022","64912810"
"72684","58140770","61578691"
"72685","58140772","61774587"
"72686","58143166","103342337"
"72687","58341550","57822490"
"72688","58341552","57821377"
"72689","94197288","58139812"
"72690","96099248","71483116"
"72691","97745859","58342504"
"72692","99971049","69505023"
"72693","103081808","67693888"
"72694","103081812","59660618"
"72695","103081851","58141265"
"72696","103336878","104171916"
"72697","103336882","65986501"
"72698","103336921","57822768"
"72699","103492177","92256613"
"72700","103492181","94203563"
"72701","103492220","86684225"
"72702","104171952","65985931"
"72703","104171956","58141466"
"72704","104171995","103341446"
"72705","57375456","57818798"
"72706","57375510","103491501"
"72707","57818859","71487512"
"72708","57818859","58342127"
"72709","57821801","69505855"
"72710","57821852","61685893"
"72711","57822113","65987821"
"72712","57829171","103086419"
"72713","57829173","65800677"
"72714","58139144","58140728"
"72715","58139144","71484863"
"72716","58142086","61686901"
"72717","58142137","104173934"
"72718","58142398","61768589"
"72719","58151546","65798015"
"72720","58151548","58143246"
"72721","58271822","58143332"
"72722","58271875","94197052"
"72723","58271928","57821563"
"72724","58340148","103081813"
"72725","58340148","78892772"
"72726","58349613","92447396"
"72727","58349615","58342463"
"72728","59211463","97752155"
"72729","59211515","65802579"
"72730","59211564","61680394"
"72731","59658456","78896483"
"72732","59658593","99973814"
"72733","59658750","59669759"
"72734","61578712","88674387"
"72735","61578764","88622305"
"72736","61578813","71488038"
"72737","61686930","78889978"
"72738","61686982","58350168"
"72739","61687031","104171380"
"72740","61774822","58141612"
"72741","61774874","58143446"
"72742","61774923","78889333"
"72743","62955169","61768566"
"72744","62955222","92442726"
"72745","62955269","57819738"
"72746","64909947","103490467"
"72747","64910000","58350192"
"72748","64910047","65797748"
"72749","64977439","59665216"
"72750","64977491","92443791"
"72751","64977540","92442846"
"72752","65797266","99974234"
"72753","65797319","61686905"
"72754","65797367","92255986"
"72755","65982841","80128459"
"72756","65982894","58141676"
"72757","65982941","96096490"
"72758","67690214","97748624"
"72759","67690267","59669751"
"72760","67690315","97752984"
"72761","69499936","62960499"
"72762","69499989","69502187"
"72763","69500038","103085986"
"72764","71482598","92250166"
"72765","71482653","99973459"
"72766","71482703","59216374"
"72767","78890011","69504815"
"72768","78890015","59670417"
"72769","78890054","58139134"
"72770","80127826","61582633"
"72771","80127865","96091598"
"72772","80127869","92441419"
"72773","86680140","67692401"
"72774","86680144","97749416"
"72775","86680183","62959210"
"72776","88625020","58342127"
"72777","88625059","57821458"
"72778","88625063","99978254"
"72779","88671594","92447218"
"72780","88671598","64909962"
"72781","88671637","96097523"
"72782","92251890","71488102"
"72783","92251894","97747822"
"72784","92251933","65797308"
"72785","92445564","64984085"
"72786","92445603","65797320"
"72787","92445607","59665199"
"72788","94197322","58342285"
"72789","94197326","57822855"
"72790","94197365","71489869"
"72791","96097486","58342233"
"72792","96097525","94201312"
"72793","97747541","58141676"
"72794","97747580","103084570"
"72795","99972731","96097525"
"72796","99972770","58339938"
"72797","57818578","71484816"
"72798","57818585","57821427"
"72799","57818592","58140798"
"72800","57818593","104173032"
"72801","57818594","96093473"
"72802","57818601","57821404"
"72803","57818608","59214218"
"72804","57818615","58142652"
"72805","57818622","104170254"
"72806","57818629","57821216"
"72807","57819891","57375510"
"72808","57820109","58140454"
"72809","57820123","58342024"
"72810","57820148","103337610"
"72811","57820417","58143054"
"72812","57820498","62957191"
"72813","57820499","57821360"
"72814","57820633","64912818"
"72815","57820673","57820818"
"72816","57820788","88620997"
"72817","57820804","92445564"
"72818","57820855","61768324"
"72819","57820937","92251862"
"72820","57821076","65802588"
"72821","57821076","69505314"
"72822","57821076","78894056"
"72823","57821076","71488543"
"72824","57821076","58141675"
"72825","57821076","86680383"
"72826","57821097","57820955"
"72827","57821624","94197326"
"72828","57821632","65989050"
"72829","57821794","103490580"
"72830","57821828","58342347"
"72831","57821828","67690973"
"72832","57821828","103336919"
"72833","57821828","64912792"
"72834","57821828","58340845"
"72835","57821828","58143349"
"72836","57821828","92250085"
"72837","57821863","58140767"
"72838","57821902","57819873"
"72839","57822571","97750429"
"72840","57822588","57820207"
"72841","57822588","58143119"
"72842","57822773","59214213"
"72843","57822773","57822913"
"72844","57822906","58280795"
"72845","57822906","92441550"
"72846","57822906","92255947"
"72847","57822906","86680106"
"72848","57822906","64914093"
"72849","57822906","96098063"
"72850","57822915","104174034"
"72851","57822965","58342892"
"72852","57823103","58349962"
"72853","57823119","96091571"
"72854","57823138","92251853"
"72855","57823159","103087269"
"72856","57823279","103081214"
"72857","57823280","65801948"
"72858","57829377","58140420"
"72859","57829377","61773783"
"72860","57829400","104174812"
"72861","58138863","58143236"
"72862","58138870","67690728"
"72863","58138877","103495495"
"72864","58138878","58143055"
"72865","58138879","59211950"
"72866","58138886","92441540"
"72867","58138893","58141366"
"72868","58138900","57818420"
"72869","58138907","96096094"
"72870","58138914","103088044"
"72871","58140176","57822732"
"72872","58140394","78894492"
"72873","58140408","103083635"
"72874","58140433","62957190"
"72875","58140702","57820292"
"72876","58140783","58140200"
"72877","58140784","57821238"
"72878","58140918","61684723"
"72879","58140958","61578835"
"72880","58141073","92440968"
"72881","58141089","88619611"
"72882","58141140","104171991"
"72883","58141222","61680684"
"72884","58141361","88623974"
"72885","58141361","57820367"
"72886","58141361","58341355"
"72887","58141361","97745855"
"72888","58141361","67695722"
"72889","58141361","57823047"
"72890","58141382","96094735"
"72891","58141909","94195603"
"72892","58141917","65984953"
"72893","58142079","58343241"
"72894","58142113","103081128"
"72895","58142113","97745968"
"72896","58142113","92445640"
"72897","58142113","64910090"
"72898","58142113","61582987"
"72899","58142113","86683019"
"72900","58142113","58140154"
"72901","58142148","58141694"
"72902","58142187","92254651"
"72903","58142856","57820225"
"72904","58142873","58140259"
"72905","58142873","61685893"
"72906","58143058","69499990"
"72907","58143058","59669315"
"72908","58143191","61680668"
"72909","58143191","71488109"
"72910","58143191","58342025"
"72911","58143191","61685832"
"72912","58143191","65801624"
"72913","58143191","96097586"
"72914","58143200","62955169"
"72915","58143250","65988032"
"72916","58143388","58339960"
"72917","58143404","61584827"
"72918","58143423","58138730"
"72919","58143444","88674464"
"72920","58143564","61680478"
"72921","58143565","103335196"
"72922","58151752","80123630"
"72923","58151752","58343920"
"72924","58151775","59658376"
"72925","58339934","61680660"
"72926","58339941","99972422"
"72927","58339948","57822251"
"72928","58339955","58141613"
"72929","58339962","103340888"
"72930","58339969","92442844"
"72931","58339976","57820632"
"72932","58339983","62958698"
"72933","58340959","99976741"
"72934","58341183","58343206"
"72935","58341563","71487991"
"72936","58341564","71487846"
"72937","58341678","99976786"
"72938","58341718","99972634"
"72939","58341834","65987358"
"72940","58341850","58141489"
"72941","58341901","65802277"
"72942","58342115","61775219"
"72943","58342115","64914907"
"72944","58342115","69506273"
"72945","58342115","62957128"
"72946","58342115","88620893"
"72947","58342115","80127322"
"72948","58342115","97745859"
"72949","58342115","59215816"
"72950","58342136","94201788"
"72951","58342645","64917250"
"72952","58342857","88674388"
"72953","58342857","58140523"
"72954","58342892","96095701"
"72955","58342931","99972731"
"72956","58342931","57820979"
"72957","58342931","62957961"
"72958","58343767","103081808"
"72959","58343888","88671357"
"72960","58343888","71488932"
"72961","58343888","88622179"
"72962","58343888","94201509"
"72963","58343888","65987920"
"72964","58343942","99975520"
"72965","58344064","88625095"
"72966","58344080","92251710"
"72967","58344099","58342277"
"72968","58344119","103086542"
"72969","58344239","58138719"
"72970","58344240","57820025"
"72971","58350191","97747541"
"72972","58350191","88669881"
"72973","58350214","57821327"
"72974","96097066","71486630"
"72975","99973189","58342357"
"72976","103080135","61687069"
"72977","103335205","96094661"
"72978","103490504","57820014"
"72979","104170279","94200205"
"72980","57375892","57821420"
"72981","58272343","59671082"
"72982","59211948","59669779"
"72983","59659949","65802587"
"72984","61579205","103501879"
"72985","61687431","104171957"
"72986","61775323","61584857"
"72987","62955683","80123589"
"72988","64910460","104174821"
"72989","64977932","58141349"
"72990","65797780","59665071"
"72991","65983355","62955180"
"72992","67690727","57821023"
"72993","69500488","88620404"
"72994","71483153","58141607"
"72995","78888296","80122789"
"72996","80129584","86681957"
"72997","86678425","57821315"
"72998","88626778","103084565"
"72999","88669879","58343897"
"73000","92250175","57821368"
"73001","92447322","88625062"
"73002","94195608","64979750"
"73003","103080127","57820300"
"73004","103335197","57820264"
"73005","103490496","59214217"
"73006","104170271","67694147"
"73007","57375553","103084566"
"73008","58271965","78890050"
"73009","59211602","58342454"
"73010","59658870","96097236"
"73011","61578852","57818605"
"73012","61687070","58343197"
"73013","61774962","69499986"
"73014","62955308","78891831"
"73015","64910086","62955308"
"73016","64977579","58143294"
"73017","65797406","58140198"
"73018","65982980","58141642"
"73019","67690354","57818737"
"73020","69500077","88674529"
"73021","71482742","78894186"
"73022","78888288","71487702"
"73023","80129592","103490569"
"73024","86678417","61774802"
"73025","88626786","61680675"
"73026","88669871","58271875"
"73027","92250167","88625059"
"73028","92447330","58340948"
"73029","94195600","103081776"
"73030","96099251","58140678"
"73031","97745856","58141296"
"73032","99971046","57820215"
"73033","57821959","57821327"
"73034","57822606","59669117"
"73035","57822623","59660641"
"73036","58142244","62961463"
"73037","58142891","64983178"
"73038","58142908","104174713"
"73039","58342994","57821322"
"73040","103081845","58341984"
"73041","103336915","94200230"
"73042","103492214","103492138"
"73043","104171989","103502449"
"73044","57375417","88619599"
"73045","57819796","78889334"
"73046","57819935","57821378"
"73047","57820042","58141907"
"73048","57820303","88619599"
"73049","57820518","103335200"
"73050","57821068","58342396"
"73051","57821089","67697308"
"73052","57821089","58142645"
"73053","57821105","57829382"
"73054","57821153","57822534"
"73055","57821171","57820165"
"73056","57823155","62957185"
"73057","58140081","80121969"
"73058","58140220","92255963"
"73059","58140327","58341211"
"73060","58140588","104171272"
"73061","58140803","59214214"
"73062","58141353","58140235"
"73063","58141374","61685892"
"73064","58141374","97751603"
"73065","58141390","65983356"
"73066","58141438","58341375"
"73067","58141456","64914821"
"73068","58143440","57821064"
"73069","58271835","97751336"
"73070","58340865","59658843"
"73071","58341002","88675572"
"73072","58341374","92442841"
"73073","58341583","64913591"
"73074","58342107","58141925"
"73075","58342128","58141659"
"73076","58342128","59213443"
"73077","58342144","65982983"
"73078","58342190","58341900"
"73079","58342206","67694147"
"73080","58344115","61770494"
"73081","59211476","96097524"
"73082","59658494","96098163"
"73083","61578725","104171906"
"73084","61686943","78894932"
"73085","61774835","58140925"
"73086","62955182","58138629"
"73087","64909960","65987876"
"73088","64977452","96095708"
"73089","65797279","78892770"
"73090","65982854","58141647"
"73091","67690227","57820956"
"73092","69499949","65802386"
"73093","71482611","96096046"
"73094","78890048","58341362"
"73095","80127832","58142536"
"73096","86680177","80128539"
"73097","88625026","64982234"
"73098","88671631","58141519"
"73099","92251927","58140653"
"73100","92445570","104173713"
"73101","94197359","69503083"
"73102","96097492","99976979"
"73103","97747574","57823448"
"73104","99972764","64915784"
"73105","103084606","58341090"
"73106","103339676","69499951"
"73107","103503443","57818614"
"73108","104174750","58141222"
"73109","57819677","71487247"
"73110","57819685","92256061"
"73111","57819996","67693791"
"73112","57819996","78888258"
"73113","57820947","65989577"
"73114","57820947","80125070"
"73115","57820947","97752998"
"73116","57820947","58341601"
"73117","57820947","92445640"
"73118","57820961","92442853"
"73119","57820961","99974162"
"73120","57822043","61681268"
"73121","58139962","59216478"
"73122","58139970","57820680"
"73123","58140281","71488188"
"73124","58140281","67695394"
"73125","58141232","78891459"
"73126","58141232","58343188"
"73127","58141232","58341994"
"73128","58141232","64914105"
"73129","58141232","58140282"
"73130","58141246","71482598"
"73131","58141246","57822360"
"73132","58142328","58140181"
"73133","58334501","58143292"
"73134","58340748","57819776"
"73135","58340756","65802571"
"73136","58341060","58342145"
"73137","58341060","57819827"
"73138","58341994","58140125"
"73139","58341994","62957215"
"73140","58341994","61581854"
"73141","58341994","88625711"
"73142","58341994","80129592"
"73143","58341994","58141240"
"73144","58341994","67690343"
"73145","58342008","58140580"
"73146","58342008","86686601"
"73147","59216208","71484931"
"73148","59669513","103493889"
"73149","61584589","58349613"
"73150","61680395","62959827"
"73151","61768299","104173525"
"73152","62960225","61768563"
"73153","64914848","58141482"
"73154","64983155","61680420"
"73155","65802306","58140449"
"73156","65987757","65983324"
"73157","67695421","86678417"
"73158","69505227","61680586"
"73159","71487909","103495411"
"73160","78892811","64912753"
"73161","80125069","58343360"
"73162","86682939","64980523"
"73163","88622264","104171991"
"73164","88674393","92442722"
"73165","92254689","57821357"
"73166","92442808","80125113"
"73167","94200121","80127903"
"73168","96097526","94195608"
"73169","96097530","58342293"
"73170","97747536","58340944"
"73171","97747540","88669955"
"73172","99972726","96093453"
"73173","99972730","58141551"
"73174","103080132","57819832"
"73175","103335202","57822639"
"73176","103490501","78890012"
"73177","104170276","57821563"
"73178","57375889","59216373"
"73179","57820781","86679506"
"73180","57820781","57822271"
"73181","57821020","58140572"
"73182","57821145","104174706"
"73183","58141066","65987354"
"73184","58141066","103338318"
"73185","58141305","59213439"
"73186","58141430","88675610"
"73187","58272340","58151729"
"73188","58341827","97747580"
"73189","58341827","92440521"
"73190","58342063","59213399"
"73191","58342182","61774933"
"73192","59211945","64979706"
"73193","59659940","59216208"
"73194","61579202","78892774"
"73195","61687428","96092590"
"73196","61775320","57820484"
"73197","62955680","64978547"
"73198","64910458","92250113"
"73199","64977929","96097492"
"73200","65797778","103503924"
"73201","65983353","58271928"
"73202","67690725","104171991"
"73203","69500486","57821339"
"73204","71483151","97752982"
"73205","78888293","103494155"
"73206","80129587","58271836"
"73207","86678422","58342932"
"73208","88626781","61767573"
"73209","88669876","58340901"
"73210","92250172","78892095"
"73211","92447325","61774808"
"73212","94195605","59669449"
"73213","103080114","88625020"
"73214","103080119","103336878"
"73215","103335184","65797319"
"73216","103335189","64977440"
"73217","103490483","64977582"
"73218","103490488","71487944"
"73219","104170258","58141304"
"73220","104170263","86683065"
"73221","57375538","103495316"
"73222","57819864","58349616"
"73223","57820416","104171615"
"73224","57820540","62958110"
"73225","57820540","58343944"
"73226","57820786","80126421"
"73227","58140149","58143444"
"73228","58140701","57380268"
"73229","58140825","58141066"
"73230","58140825","57820350"
"73231","58141071","57829171"
"73232","58271952","94199005"
"73233","58340933","65802227"
"73234","58341484","103335281"
"73235","58341589","65801378"
"73236","58341589","103337966"
"73237","58341832","57821075"
"73238","59211588","78890134"
"73239","59658793","86680103"
"73240","59658834","59670357"
"73241","61578827","58342994"
"73242","61578839","57820451"
"73243","61687045","58342122"
"73244","61687057","61686909"
"73245","61774937","103340956"
"73246","61774949","103084568"
"73247","62955283","58141369"
"73248","62955295","57818716"
"73249","64910061","69502647"
"73250","64910073","88676781"
"73251","64977554","103339634"
"73252","64977566","58140957"
"73253","65797381","57820227"
"73254","65797393","57823102"
"73255","65982955","65802256"
"73256","65982967","59216181"
"73257","67690329","57821351"
"73258","67690341","58141054"
"73259","69500052","57819445"
"73260","69500064","58140585"
"73261","71482717","103339676"
"73262","71482729","99977442"
"73263","78888275","96092192"
"73264","78888280","57820264"
"73265","80129600","96096086"
"73266","80129605","88670917"
"73267","86678404","62955745"
"73268","86678409","61680564"
"73269","88626794","58143247"
"73270","88626799","99978170"
"73271","88669858","92442682"
"73272","88669863","88671356"
"73273","92250154","103087693"
"73274","92250159","69500488"
"73275","92447338","65802435"
"73276","92447343","64916688"
"73277","94195587","99972391"
"73278","94195592","58140827"
"73279","96099259","71484860"
"73280","96099264","62957128"
"73281","97745843","97751608"
"73282","97745848","57375511"
"73283","99971033","58341282"
"73284","99971038","97747590"
"73285","57820013","62961145"
"73286","57820013","58342822"
"73287","57820013","57818860"
"73288","57820013","86684925"
"73289","57820013","58142536"
"73290","57820013","64916654"
"73291","57820023","96094621"
"73292","57820023","97752974"
"73293","57820037","65804064"
"73294","57820037","61687070"
"73295","57820037","86682157"
"73296","57820037","57820020"
"73297","57820163","58143121"
"73298","57820163","58140572"
"73299","57820163","64910073"
"73300","57820479","103490506"
"73301","57820479","58342382"
"73302","57820479","88625711"
"73303","57820479","86678422"
"73304","57820550","104174750"
"73305","57820892","88673291"
"73306","57821810","71483154"
"73307","57822234","96092002"
"73308","57822258","64983126"
"73309","57829351","96099300"
"73310","57829351","103492178"
"73311","57829352","58139962"
"73312","57829353","58342661"
"73313","57829353","64984750"
"73314","57829397","61687031"
"73315","57829397","57822857"
"73316","57829397","97753795"
"73317","57829399","59665193"
"73318","58140298","92442808"
"73319","58140298","69505164"
"73320","58140298","58140251"
"73321","58140298","92445658"
"73322","58140298","58141576"
"73323","58140298","103337916"
"73324","58140308","58141616"
"73325","58140308","80127613"
"73326","58140322","59658500"
"73327","58140322","58343037"
"73328","58140322","64911923"
"73329","58140322","58342190"
"73330","58140448","57821442"
"73331","58140448","78896281"
"73332","58140448","96092081"
"73333","58140764","58151916"
"73334","58140764","57821427"
"73335","58140764","71487990"
"73336","58140764","64909947"
"73337","58140835","58342462"
"73338","58141177","86684853"
"73339","58142095","61772023"
"73340","58142519","103086992"
"73341","58142543","103336201"
"73342","58151726","59669581"
"73343","58151726","97747501"
"73344","58151727","88626787"
"73345","58151728","58143060"
"73346","58151728","58343643"
"73347","58151772","58341446"
"73348","58151772","57819828"
"73349","58151772","61769245"
"73350","58151774","57821164"
"73351","58341077","59216490"
"73352","58341077","103336846"
"73353","58341077","88619876"
"73354","58341077","57821313"
"73355","58341077","59211602"
"73356","58341077","57821349"
"73357","58341077","96097578"
"73358","58341087","71486233"
"73359","58341087","57822961"
"73360","58341101","96093471"
"73361","58341101","71483402"
"73362","58341101","96092574"
"73363","58341101","103490580"
"73364","58341238","59671116"
"73365","58341238","103501612"
"73366","58341238","64911969"
"73367","58341544","61581067"
"73368","58341544","61687040"
"73369","58341544","58143428"
"73370","58341544","103501920"
"73371","58341544","65988032"
"73372","58341544","61582250"
"73373","58341599","58142518"
"73374","58342839","57821375"
"73375","58343240","103342361"
"73376","58350165","97747576"
"73377","58350165","78892777"
"73378","58350166","96099305"
"73379","58350167","99976778"
"73380","58350167","58143226"
"73381","58350211","58139803"
"73382","58350211","71486313"
"73383","58350211","104175995"
"73384","103081756","58344237"
"73385","103081756","58343812"
"73386","103081770","61578686"
"73387","103081777","57823107"
"73388","103081777","57823138"
"73389","103081777","67695706"
"73390","103081777","103085874"
"73391","103081777","103493804"
"73392","103081777","99973814"
"73393","103081777","57820601"
"73394","103081777","80129605"
"73395","103081777","94202035"
"73396","103081777","62955283"
"73397","103081777","80123792"
"73398","103081777","80127826"
"73399","103081777","99974179"
"73400","103081777","103083096"
"73401","103081777","58340800"
"73402","103081777","80126386"
"73403","103081777","96095524"
"73404","103081777","69500486"
"73405","103081777","69502163"
"73406","103081777","59667501"
"73407","103081777","62960417"
"73408","103082042","58341101"
"73409","103082046","86684195"
"73410","103082050","88676784"
"73411","103082054","67695504"
"73412","103336826","57820633"
"73413","103336826","58340606"
"73414","103336840","64909926"
"73415","103336847","97747085"
"73416","103336847","92258052"
"73417","103336847","58343948"
"73418","103336847","58343909"
"73419","103336847","88619724"
"73420","103336847","78888296"
"73421","103336847","59668488"
"73422","103336847","58342933"
"73423","103336847","67692399"
"73424","103336847","65802372"
"73425","103336847","58341849"
"73426","103336847","58341212"
"73427","103336847","59216274"
"73428","103336847","88674387"
"73429","103336847","57819852"
"73430","103336847","58340896"
"73431","103336847","99977937"
"73432","103336847","69503551"
"73433","103336847","57829174"
"73434","103336847","80122721"
"73435","103336847","88619615"
"73436","103337112","58272345"
"73437","103337116","99972766"
"73438","103337120","58340666"
"73439","103337124","58318694"
"73440","103492125","58142819"
"73441","103492125","58140303"
"73442","103492139","58143123"
"73443","103492146","58143059"
"73444","103492146","94196984"
"73445","103492146","57820543"
"73446","103492146","103492187"
"73447","103492146","88675648"
"73448","103492146","64981647"
"73449","103492146","57822976"
"73450","103492146","97747581"
"73451","103492146","61581849"
"73452","103492146","97745848"
"73453","103492146","57821339"
"73454","103492146","103085976"
"73455","103492146","65802244"
"73456","103492146","103084125"
"73457","103492146","67690357"
"73458","103492146","86679460"
"73459","103492146","80123200"
"73460","103492146","58271823"
"73461","103492146","57823328"
"73462","103492146","58151752"
"73463","103492146","88621073"
"73464","103492411","88677832"
"73465","103492415","58344117"
"73466","103492419","92254684"
"73467","103492423","86678425"
"73468","104171900","57821243"
"73469","104171900","57820304"
"73470","104171914","57819788"
"73471","104171921","88619597"
"73472","104171921","94201380"
"73473","104171921","88669968"
"73474","104171921","88671830"
"73475","104171921","92250154"
"73476","104171921","58140650"
"73477","104171921","61581055"
"73478","104171921","57821318"
"73479","104171921","58141704"
"73480","104171921","57820365"
"73481","104171921","103083569"
"73482","104171921","65984852"
"73483","104171921","58340865"
"73484","104171921","61773743"
"73485","104171921","103081864"
"73486","104171921","61579787"
"73487","104171921","61774965"
"73488","104171921","80129592"
"73489","104171921","58342009"
"73490","104171921","86679550"
"73491","104171921","64909942"
"73492","104172186","99978117"
"73493","104172190","61687433"
"73494","104172194","103341537"
"73495","104172198","64979636"
"73496","57377277","57821326"
"73497","57377284","58341549"
"73498","57377284","69505309"
"73499","57377284","62957982"
"73500","57377284","104174708"
"73501","57377284","58141304"
"73502","57818572","86680912"
"73503","57818900","97748082"
"73504","57819795","92440145"
"73505","57819799","78895902"
"73506","57819800","104171318"
"73507","57819887","58151773"
"73508","57819895","58341003"
"73509","57819895","57821810"
"73510","57819934","97749352"
"73511","57819937","97745790"
"73512","57819939","86680145"
"73513","57820064","103504273"
"73514","57820065","64914795"
"73515","57820241","103081228"
"73516","57820283","94197390"
"73517","57820369","58343035"
"73518","57820413","97747540"
"73519","57820426","94197365"
"73520","57820489","58343762"
"73521","57820489","57821409"
"73522","57820511","78888298"
"73523","57820936","103492139"
"73524","57821104","99978035"
"73525","57821109","61585082"
"73526","57821117","61775222"
"73527","57821120","71482729"
"73528","57821120","103336882"
"73529","57821120","94200079"
"73530","57821780","61774822"
"73531","57822097","80129519"
"73532","57822774","88622137"
"73533","57822986","58140783"
"73534","57822986","58141624"
"73535","57822986","57821432"
"73536","57822986","97752001"
"73537","57823011","59211515"
"73538","57823060","57822872"
"73539","57823060","58343938"
"73540","57823060","61684481"
"73541","57823081","103343142"
"73542","57823081","69506273"
"73543","57823157","57822774"
"73544","57823328","88623199"
"73545","57823328","57822916"
"73546","57823330","80125005"
"73547","57823330","64979706"
"73548","57823331","103492146"
"73549","57829170","88671837"
"73550","57829348","103081471"
"73551","57829348","57380109"
"73552","58138857","88669592"
"73553","58139185","94203483"
"73554","58140080","58140322"
"73555","58140084","96092280"
"73556","58140085","80123688"
"73557","58140172","103081590"
"73558","58140180","92441589"
"73559","58140180","103082896"
"73560","58140219","71482713"
"73561","58140222","103338313"
"73562","58140224","86682895"
"73563","58140349","86680102"
"73564","58140350","58349977"
"73565","58140526","103491843"
"73566","58140568","58280775"
"73567","58140654","99977294"
"73568","58140698","103491838"
"73569","58140711","69500077"
"73570","58140774","58142400"
"73571","58140774","71486054"
"73572","58140796","99973813"
"73573","58141221","103342339"
"73574","58141389","65985956"
"73575","58141394","96095735"
"73576","58141402","104171440"
"73577","58141405","58141502"
"73578","58141405","103084572"
"73579","58141405","59667502"
"73580","58142065","69499936"
"73581","58142382","97752203"
"73582","58143059","103081218"
"73583","58143271","61578827"
"73584","58143271","88672683"
"73585","58143271","78890467"
"73586","58143271","69507771"
"73587","58143296","88619161"
"73588","58143345","57375889"
"73589","58143345","71488205"
"73590","58143345","97752139"
"73591","58143366","64913024"
"73592","58143366","58280794"
"73593","58143442","86682902"
"73594","58143613","65988047"
"73595","58143613","99974535"
"73596","58143615","67695703"
"73597","58143615","78888288"
"73598","58143616","58340980"
"73599","58151545","61769245"
"73600","58151723","99978962"
"73601","58151723","57377281"
"73602","58280775","97745866"
"73603","58280789","58341434"
"73604","58280796","104174851"
"73605","58280796","58281567"
"73606","58280796","62955270"
"73607","58280796","57820356"
"73608","58280796","58342356"
"73609","58280796","94196982"
"73610","58280796","92255986"
"73611","58280796","61769170"
"73612","58280796","57820064"
"73613","58280796","80127629"
"73614","58280796","92442854"
"73615","58280796","57823331"
"73616","58280796","103079837"
"73617","58280796","96092122"
"73618","58280796","97750401"
"73619","58280796","88622264"
"73620","58280796","57822713"
"73621","58280796","104177561"
"73622","58280796","80124945"
"73623","58281558","58341983"
"73624","58281562","103490488"
"73625","58281566","57822551"
"73626","58339928","58350212"
"73627","58340864","58140452"
"73628","58340868","65802427"
"73629","58340869","69500486"
"73630","58340955","57821077"
"73631","58341001","61775385"
"73632","58341004","65989598"
"73633","58341006","58141360"
"73634","58341138","92254772"
"73635","58341139","67692402"
"73636","58341354","94195676"
"73637","58341438","62960294"
"73638","58341481","64914060"
"73639","58341576","99975494"
"73640","58341983","97750436"
"73641","58342143","58143562"
"73642","58342148","71487506"
"73643","58342159","86681655"
"73644","58342159","88622298"
"73645","58342159","59211933"
"73646","58342161","103085892"
"73647","58343768","104178108"
"73648","58343961","104176865"
"73649","58343961","57820215"
"73650","58343961","97747198"
"73651","58343961","58340973"
"73652","58343983","62957193"
"73653","58344026","57829361"
"73654","58344026","59669316"
"73655","58344045","104177397"
"73656","58344045","59669794"
"73657","58344117","97752986"
"73658","58344288","57824017"
"73659","58344288","92445569"
"73660","58344290","80125112"
"73661","58344290","88626776"
"73662","58344291","103086267"
"73663","58350162","64917250"
"73664","58350162","92255960"
"73665","59213421","58343037"
"73666","59213435","59659957"
"73667","59213442","58271952"
"73668","59213442","58140767"
"73669","59213442","57821275"
"73670","59213442","103503487"
"73671","59213442","69505248"
"73672","59213442","65985956"
"73673","59213442","57821959"
"73674","59213442","99977430"
"73675","59213442","59658456"
"73676","59213442","94196788"
"73677","59213442","58343496"
"73678","59213442","88620444"
"73679","59213442","104176589"
"73680","59213442","57820630"
"73681","59213442","61772387"
"73682","59213442","58341475"
"73683","59213442","57820272"
"73684","59213442","58141347"
"73685","59213442","104176022"
"73686","59213442","64983423"
"73687","59214208","103339635"
"73688","59214212","57820418"
"73689","59214216","88624330"
"73690","59665179","57820724"
"73691","59665179","103337118"
"73692","59665197","69505397"
"73693","59665213","88675649"
"73694","59665213","97745929"
"73695","59665213","88626772"
"73696","59665213","58139063"
"73697","59665213","103339638"
"73698","59665213","97750411"
"73699","59665213","88672366"
"73700","59665213","57820502"
"73701","59665213","69500064"
"73702","59665213","64914925"
"73703","59665213","104174836"
"73704","59665213","92445542"
"73705","59665213","61774933"
"73706","59665213","80127910"
"73707","59665213","92445638"
"73708","59665213","99971049"
"73709","59665213","61774949"
"73710","59665213","86678363"
"73711","59665213","57819895"
"73712","59665213","62955295"
"73713","59665213","92442737"
"73714","59667500","103494834"
"73715","59667504","61578846"
"73716","59667508","62961883"
"73717","59667512","104171617"
"73718","61581049","58343817"
"73719","61581049","88622745"
"73720","61581063","88669870"
"73721","61581070","64914641"
"73722","61581070","94199305"
"73723","61581070","71484928"
"73724","61581070","92443743"
"73725","61581070","57821277"
"73726","61581070","88675663"
"73727","61581070","61687742"
"73728","61581070","71489779"
"73729","61581070","86680856"
"73730","61581070","104170281"
"73731","61581070","58341257"
"73732","61581070","88626786"
"73733","61581070","58340756"
"73734","61581070","57829398"
"73735","61581070","58342400"
"73736","61581070","88675667"
"73737","61581070","96097476"
"73738","61581070","61581069"
"73739","61581070","104173713"
"73740","61581070","65797389"
"73741","61581847","58141438"
"73742","61581851","59668670"
"73743","61581855","57821324"
"73744","61685874","57820961"
"73745","61685874","103336844"
"73746","61685888","58344408"
"73747","61685895","58142777"
"73748","61685895","86682121"
"73749","61685895","58141605"
"73750","61685895","94202659"
"73751","61685895","58344058"
"73752","61685895","67690228"
"73753","61685895","57820392"
"73754","61685895","88625101"
"73755","61685895","58343927"
"73756","61685895","99974590"
"73757","61685895","78890706"
"73758","61685895","67692789"
"73759","61685895","58341482"
"73760","61685895","104177562"
"73761","61685895","58341375"
"73762","61685895","58142973"
"73763","61685895","57823446"
"73764","61685895","65802435"
"73765","61685895","58140451"
"73766","61685895","58140538"
"73767","61685895","57821319"
"73768","61686659","58140526"
"73769","61686663","57821345"
"73770","61686667","86685544"
"73771","61686671","59669681"
"73772","61773768","58341356"
"73773","61773768","64977439"
"73774","61773782","103343034"
"73775","61773789","58140654"
"73776","61773789","58141390"
"73777","61773789","96096046"
"73778","61773789","67694144"
"73779","61773789","103086266"
"73780","61773789","103083893"
"73781","61773789","96094652"
"73782","61773789","92251356"
"73783","61773789","96094637"
"73784","61773789","97746947"
"73785","61773789","65803615"
"73786","61773789","88623078"
"73787","61773789","64983100"
"73788","61773789","103503443"
"73789","61773789","57822857"
"73790","61773789","58342160"
"73791","61773789","59211463"
"73792","61773789","65986976"
"73793","61773789","58341588"
"73794","61773789","57820984"
"73795","61773789","61584562"
"73796","61774552","61774952"
"73797","61774556","65982895"
"73798","61774560","58343537"
"73799","61774564","57819834"
"73800","62957172","96092343"
"73801","62957172","104174036"
"73802","62957186","57820414"
"73803","62957193","58339942"
"73804","62957193","58138653"
"73805","62957193","99977640"
"73806","62957193","58141756"
"73807","62957193","92255962"
"73808","62957193","58140693"
"73809","62957193","64980517"
"73810","62957193","58340844"
"73811","62957193","88625109"
"73812","62957193","57821256"
"73813","62957193","58140572"
"73814","62957193","58140112"
"73815","62957193","57823251"
"73816","62957193","59215470"
"73817","62957193","94195592"
"73818","62957193","61581027"
"73819","62957193","57821029"
"73820","62957193","58341440"
"73821","62957193","58151552"
"73822","62957193","69507096"
"73823","62957193","58342066"
"73824","62957960","103080130"
"73825","62957964","92442682"
"73826","62957968","58140916"
"73827","62957972","64983323"
"73828","64911949","58340800"
"73829","64911949","92445603"
"73830","64911963","58143201"
"73831","64911970","103086418"
"73832","64911970","71486284"
"73833","64911970","99976805"
"73834","64911970","58142555"
"73835","64911970","97753138"
"73836","64911970","58341549"
"73837","64911970","96099243"
"73838","64911970","58349847"
"73839","64911970","58340682"
"73840","64911970","103087203"
"73841","64911970","57822937"
"73842","64911970","61774945"
"73843","64911970","103081809"
"73844","64911970","57820977"
"73845","64911970","88626680"
"73846","64911970","57822487"
"73847","64911970","99972508"
"73848","64911970","94197062"
"73849","64911970","58141408"
"73850","64911970","69507096"
"73851","64911970","57820788"
"73852","64912783","97750330"
"73853","64912787","57821177"
"73854","64912791","88627073"
"73855","64912795","62955183"
"73856","64979728","58139768"
"73857","64979728","94202659"
"73858","64979742","57820164"
"73859","64979749","61584656"
"73860","64979749","103339636"
"73861","64979749","58342019"
"73862","64979749","57823126"
"73863","64979749","57820172"
"73864","64979749","99976786"
"73865","64979749","103336922"
"73866","64979749","57823251"
"73867","64979749","94201971"
"73868","64979749","103340958"
"73869","64979749","99975518"
"73870","64979749","59217029"
"73871","64979749","97753063"
"73872","64979749","61768574"
"73873","64979749","97747451"
"73874","64979749","61685896"
"73875","64979749","92256063"
"73876","64979749","78892811"
"73877","64979749","80128459"
"73878","64979749","57377283"
"73879","64980512","97751607"
"73880","64980516","99976793"
"73881","64980520","57819730"
"73882","65799274","58140918"
"73883","65799274","96092815"
"73884","65799288","58140568"
"73885","65799295","99973430"
"73886","65799295","103335270"
"73887","65799295","104171928"
"73888","65799295","103081313"
"73889","65799295","88675520"
"73890","65799295","58141599"
"73891","65799295","64983155"
"73892","65799295","99977341"
"73893","65799295","65988284"
"73894","65799295","57823159"
"73895","65799295","61680590"
"73896","65799295","103081475"
"73897","65799295","104178909"
"73898","65799295","96097526"
"73899","65799295","64914943"
"73900","65799295","58334522"
"73901","65799295","61578764"
"73902","65799295","86681221"
"73903","65799295","59215343"
"73904","65799295","96099251"
"73905","65799295","57820924"
"73906","65800214","57822235"
"73907","65800218","58342003"
"73908","65800222","58342857"
"73909","65800226","58339817"
"73910","65984849","88671542"
"73911","65984849","80125076"
"73912","65984863","58141078"
"73913","65984870","64914871"
"73914","65984870","78892918"
"73915","65984870","69500455"
"73916","65984870","58342252"
"73917","65984870","59658866"
"73918","65984870","103337916"
"73919","65984870","58142036"
"73920","65984870","59211588"
"73921","65984870","65797266"
"73922","65984870","58139083"
"73923","65984870","62960360"
"73924","65984870","97749141"
"73925","65984870","88624233"
"73926","65984870","58272340"
"73927","65984870","58140085"
"73928","65984870","92253692"
"73929","65984870","86679591"
"73930","65984870","57375892"
"73931","65984870","57819864"
"73932","65984870","86686153"
"73933","65985687","88675774"
"73934","65985691","86678431"
"73935","65985695","67694147"
"73936","67692381","80127915"
"73937","67692381","58140423"
"73938","67692395","103335800"
"73939","67692402","58141431"
"73940","67692402","65987779"
"73941","67692402","57821018"
"73942","67692402","103494154"
"73943","67692402","58339859"
"73944","67692402","104173713"
"73945","67692402","58143428"
"73946","67692402","57822829"
"73947","67692402","80125102"
"73948","67692402","57829364"
"73949","67692402","65983353"
"73950","67692402","58341494"
"73951","67692402","61771893"
"73952","67692402","57820426"
"73953","67692402","92251934"
"73954","67692402","57820504"
"73955","67692402","58343937"
"73956","67692402","71488209"
"73957","67692402","71484862"
"73958","67692402","64979746"
"73959","67692402","104177137"
"73960","67693325","103491838"
"73961","67693329","97750657"
"73962","67693333","61680590"
"73963","67693337","65799295"
"73964","69502168","88619525"
"73965","69502168","92441438"
"73966","69502182","58340865"
"73967","69502189","69502255"
"73968","69502189","69505285"
"73969","69502189","104172195"
"73970","69502189","62955307"
"73971","69502189","71488123"
"73972","69502189","58341371"
"73973","69502189","57820833"
"73974","69502189","58341548"
"73975","69502189","92255964"
"73976","69502189","64977994"
"73977","69502189","58142818"
"73978","69502189","69507200"
"73979","69502189","97745848"
"73980","69502189","103084567"
"73981","69502189","65797747"
"73982","69502189","58272409"
"73983","69502189","57822882"
"73984","69502189","57821105"
"73985","69502189","88626794"
"73986","69502189","57820393"
"73987","69502189","92257493"
"73988","69503113","58151774"
"73989","69503117","92258051"
"73990","69503121","62955223"
"73991","69503125","57820498"
"73992","71484841","92252125"
"73993","71484841","80125550"
"73994","71484855","92257342"
"73995","71484862","58139764"
"73996","71484862","88619083"
"73997","71484862","99977912"
"73998","71484862","88669818"
"73999","71484862","96097746"
"74000","71484862","64981776"
"74001","71484862","58140589"
"74002","71484862","58340956"
"74003","71484862","57822931"
"74004","71484862","92254645"
"74005","71484862","59213435"
"74006","71484862","69500077"
"74007","71484862","71484856"
"74008","71484862","88676054"
"74009","71484862","78894088"
"74010","71484862","103084930"
"74011","71484862","58349801"
"74012","71484862","57375538"
"74013","71484862","104176030"
"74014","71484862","103493624"
"74015","71484862","80128107"
"74016","71485794","92253326"
"74017","71485798","67690329"
"74018","71485802","57822006"
"74019","71485806","78888361"
"74020","78889959","96093459"
"74021","78889959","61584712"
"74022","78889973","103336540"
"74023","78889980","103086595"
"74024","78889980","65799695"
"74025","78889980","86686301"
"74026","78889980","67690695"
"74027","78889980","58139963"
"74028","78889980","71484856"
"74029","78889980","88675632"
"74030","78889980","58141665"
"74031","78889980","58143560"
"74032","78889980","57818399"
"74033","78889980","99972730"
"74034","78889980","58143262"
"74035","78889980","67695462"
"74036","78889980","62955299"
"74037","78889980","57822191"
"74038","78889980","58339973"
"74039","78889980","92250273"
"74040","78889980","71486316"
"74041","78889980","58342048"
"74042","78889980","88624827"
"74043","78889980","103085860"
"74044","78890245","57822191"
"74045","78890249","58141373"
"74046","78890253","58341718"
"74047","78890257","57821342"
"74048","80127623","103081226"
"74049","80127627","65802385"
"74050","80127631","88622184"
"74051","80127635","69502248"
"74052","80127900","67697308"
"74053","80127900","61773745"
"74054","80127900","103339770"
"74055","80127900","61768246"
"74056","80127900","65801802"
"74057","80127900","104177904"
"74058","80127900","92256351"
"74059","80127900","58342415"
"74060","80127900","57820948"
"74061","80127900","103492216"
"74062","80127900","58140068"
"74063","80127900","58343067"
"74064","80127900","62957192"
"74065","80127900","61578726"
"74066","80127900","92252562"
"74067","80127900","64911949"
"74068","80127900","103082896"
"74069","80127900","61583017"
"74070","80127900","61578841"
"74071","80127900","58341589"
"74072","80127900","96093453"
"74073","80127907","96094657"
"74074","80127921","69499989"
"74075","80127921","103490496"
"74076","86680088","94195673"
"74077","86680088","67695505"
"74078","86680102","57819801"
"74079","86680109","96092934"
"74080","86680109","103492125"
"74081","86680109","71487849"
"74082","86680109","88669944"
"74083","86680109","61680635"
"74084","86680109","65984863"
"74085","86680109","103336201"
"74086","86680109","58341715"
"74087","86680109","61581070"
"74088","86680109","57822803"
"74089","86680109","104176022"
"74090","86680109","58141612"
"74091","86680109","58280794"
"74092","86680109","59211605"
"74093","86680109","64915011"
"74094","86680109","65802597"
"74095","86680109","103087271"
"74096","86680109","71487490"
"74097","86680109","57822915"
"74098","86680109","58141581"
"74099","86680109","80129481"
"74100","86680374","61772029"
"74101","86680378","104177473"
"74102","86680382","71487378"
"74103","86680386","99972727"
"74104","88624817","59670628"
"74105","88624821","103340892"
"74106","88624825","58280797"
"74107","88624829","71489892"
"74108","88625094","78888293"
"74109","88625094","97747536"
"74110","88625094","94199120"
"74111","88625094","80123312"
"74112","88625094","103341791"
"74113","88625094","57822822"
"74114","88625094","71487996"
"74115","88625094","58143088"
"74116","88625094","71484847"
"74117","88625094","92250167"
"74118","88625094","58151907"
"74119","88625094","58272323"
"74120","88625094","99971038"
"74121","88625094","99972765"
"74122","88625094","92254777"
"74123","88625094","78895198"
"74124","88625094","64979731"
"74125","88625094","88671563"
"74126","88625094","64915111"
"74127","88625094","69507080"
"74128","88625094","58140085"
"74129","88625101","58341551"
"74130","88625115","78891644"
"74131","88625115","58341592"
"74132","88671542","71488030"
"74133","88671542","58141625"
"74134","88671556","71488109"
"74135","88671563","69500076"
"74136","88671563","58140177"
"74137","88671563","103083295"
"74138","88671563","59669450"
"74139","88671563","57819481"
"74140","88671563","99971056"
"74141","88671563","58340044"
"74142","88671563","58140120"
"74143","88671563","64914910"
"74144","88671563","103491960"
"74145","88671563","59216153"
"74146","88671563","104175994"
"74147","88671563","103086993"
"74148","88671563","57818640"
"74149","88671563","80124962"
"74150","88671563","104173956"
"74151","88671563","86678335"
"74152","88671563","58342162"
"74153","88671563","64915109"
"74154","88671563","58340881"
"74155","88671563","104171615"
"74156","88671828","99975851"
"74157","88671832","58342891"
"74158","88671836","103081926"
"74159","88671840","58341995"
"74160","92251838","86678409"
"74161","92251838","103340920"
"74162","92251852","61579120"
"74163","92251859","61774937"
"74164","92251859","58140546"
"74165","92251859","64912358"
"74166","92251859","57821220"
"74167","92251859","88620505"
"74168","92251859","57819852"
"74169","92251859","58142772"
"74170","92251859","61680533"
"74171","92251859","62957172"
"74172","92251859","57821358"
"74173","92251859","59217072"
"74174","92251859","103338574"
"74175","92251859","103339670"
"74176","92251859","104176666"
"74177","92251859","62957148"
"74178","92251859","92440080"
"74179","92251859","58340923"
"74180","92251859","78894094"
"74181","92251859","104171995"
"74182","92251859","65987992"
"74183","92251859","58143190"
"74184","92252124","92252929"
"74185","92252128","57818415"
"74186","92252132","58140719"
"74187","92252136","103490569"
"74188","92445361","103081847"
"74189","92445365","97752994"
"74190","92445369","59211602"
"74191","92445373","57822931"
"74192","92445638","104173786"
"74193","92445638","88671011"
"74194","92445638","92255987"
"74195","92445638","94197559"
"74196","92445638","59216498"
"74197","92445638","57821020"
"74198","92445638","69504461"
"74199","92445638","97752500"
"74200","92445638","58340980"
"74201","92445638","65797274"
"74202","92445638","88675668"
"74203","92445638","57821419"
"74204","92445638","57829348"
"74205","92445638","58143303"
"74206","92445638","99972770"
"74207","92445638","71482613"
"74208","92445638","80129494"
"74209","92445638","97748198"
"74210","92445638","58140327"
"74211","92445638","58343866"
"74212","92445638","59213435"
"74213","92445645","61584589"
"74214","92445659","78895459"
"74215","92445659","86679470"
"74216","94197270","58140086"
"74217","94197270","69500338"
"74218","94197284","88676639"
"74219","94197291","58342274"
"74220","94197291","96097529"
"74221","94197291","58138694"
"74222","94197291","58140197"
"74223","94197291","94200121"
"74224","94197291","99976793"
"74225","94197291","96097562"
"74226","94197291","59658593"
"74227","94197291","97747576"
"74228","94197291","86680109"
"74229","94197291","64983179"
"74230","94197291","103494809"
"74231","94197291","97747574"
"74232","94197291","57822769"
"74233","94197291","58341847"
"74234","94197291","57822233"
"74235","94197291","103080141"
"74236","94197291","92441543"
"74237","94197291","58143114"
"74238","94197291","103084563"
"74239","94197291","97750432"
"74240","94197556","92251928"
"74241","94197560","99978719"
"74242","94197564","58141589"
"74243","94197568","58344291"
"74244","96097275","59211118"
"74245","96097283","103080109"
"74246","96097287","57821225"
"74247","96097291","71491027"
"74248","96097295","58139185"
"74249","96099243","58343857"
"74250","97745864","92447246"
"74251","97747771","99973371"
"74252","97747775","104177020"
"74253","97747779","88677058"
"74254","97747783","103335184"
"74255","97747791","58140128"
"74256","99971054","86678400"
"74257","99972961","80123408"
"74258","99972965","58339840"
"74259","99972969","57823158"
"74260","99972973","58141706"
"74261","99972981","64984751"
"74262","57829176","64916654"
"74263","58151551","58143102"
"74264","58340199","94197322"
"74265","58340963","58341238"
"74266","58340963","103492220"
"74267","58341554","57819865"
"74268","58341554","94203483"
"74269","58342156","97751571"
"74270","58349612","58341082"
"74271","58349618","65802279"
"74272","57819911","57821068"
"74273","57822950","58140764"
"74274","57823122","86681718"
"74275","58140196","57822837"
"74276","58143235","58343983"
"74277","58143407","104174712"
"74278","58340979","104170274"
"74279","58343926","92441521"
"74280","58344083","92252662"
"74281","103080139","65797780"
"74282","103080139","67690696"
"74283","103335209","88677607"
"74284","103335209","88675675"
"74285","103490508","59658376"
"74286","103490508","58141555"
"74287","104170283","59668796"
"74288","104170283","86684225"
"74289","57375956","103501612"
"74290","57375956","57819840"
"74291","57820785","58141264"
"74292","57822879","65984849"
"74293","58141070","80123792"
"74294","58143164","103085863"
"74295","58272407","57823277"
"74296","58272407","58349781"
"74297","58341831","61769960"
"74298","59212013","103493206"
"74299","59212013","57823279"
"74300","59660147","59665213"
"74301","59660147","71488031"
"74302","61579265","59669513"
"74303","61579265","67690341"
"74304","61687491","103081821"
"74305","61687491","80122682"
"74306","61775383","58143615"
"74307","61775383","96092575"
"74308","62955743","58334749"
"74309","62955743","103342315"
"74310","64910524","59658750"
"74311","64910524","104171318"
"74312","64977992","61685874"
"74313","64977992","59216444"
"74314","65797845","58342211"
"74315","65797845","57819889"
"74316","65983419","58142025"
"74317","65983419","58272407"
"74318","67690792","58341087"
"74319","67690792","57820781"
"74320","69500553","67690214"
"74321","69500553","59665210"
"74322","71483222","88675682"
"74323","71483222","57819938"
"74324","78888300","92250177"
"74325","78888300","103491590"
"74326","80129580","92250172"
"74327","80129580","61684122"
"74328","86678429","61680894"
"74329","86678429","61686930"
"74330","88626774","58140452"
"74331","88626774","58140765"
"74332","88669883","65802363"
"74333","88669883","92447219"
"74334","92250179","96098039"
"74335","92250179","104177137"
"74336","92447318","97749416"
"74337","92447318","61769876"
"74338","94195612","57822937"
"74339","94195612","94197566"
"74340","96099239","103336829"
"74341","97745868","58141540"
"74342","99971058","57822943"
"74343","103080048","88624804"
"74344","103080111","69505524"
"74345","103335118","58143359"
"74346","103335181","57820513"
"74347","103490417","61687073"
"74348","103490480","104174849"
"74349","104170192","103492474"
"74350","104170255","99975599"
"74351","57375405","97746950"
"74352","57375522","58143404"
"74353","57822128","104170344"
"74354","58142413","97749046"
"74355","58271824","57821120"
"74356","58271939","104173031"
"74357","59211465","58344063"
"74358","59211575","88669885"
"74359","59658462","103082048"
"74360","59658784","57822740"
"74361","61578714","58143345"
"74362","61578824","61775634"
"74363","61686932","103083881"
"74364","61687042","59669484"
"74365","61774824","61584593"
"74366","61774934","97745876"
"74367","62955171","92440691"
"74368","62955280","94201389"
"74369","64909949","86683003"
"74370","64910058","58143020"
"74371","64977441","103335171"
"74372","64977551","97746956"
"74373","65797268","94199186"
"74374","65797378","96095896"
"74375","65982843","96095727"
"74376","65982952","103082637"
"74377","67690216","80129578"
"74378","67690326","59665206"
"74379","69499938","64915029"
"74380","69500049","92442850"
"74381","71482600","62963070"
"74382","71482714","57820670"
"74383","78888209","103083605"
"74384","78888272","104176124"
"74385","80129608","104173399"
"74386","80129671","96099281"
"74387","86678338","59211477"
"74388","86678401","94200087"
"74389","88626802","104171919"
"74390","88626865","58140349"
"74391","88669792","86679923"
"74392","88669855","88671637"
"74393","92250088","92441438"
"74394","92250151","92250187"
"74395","92447346","103503486"
"74396","92447409","88669863"
"74397","94195521","58344080"
"74398","94195584","57822830"
"74399","96099246","88620603"
"74400","96099267","67692403"
"74401","96099330","69502580"
"74402","97745777","58343237"
"74403","97745840","58140222"
"74404","97745861","58141263"
"74405","99970967","57818900"
"74406","99971030","59658784"
"74407","99971051","65802348"
"74408","57822605","58141626"
"74409","57822622","92250151"
"74410","58142890","103085892"
"74411","58142907","80129481"
"74412","103080054","58342118"
"74413","103080066","58141542"
"74414","103080076","57820480"
"74415","103080104","64977413"
"74416","103080104","58341832"
"74417","103087250","88626786"
"74418","103087254","65987757"
"74419","103087264","61774949"
"74420","103087264","58141611"
"74421","103087268","94199147"
"74422","103087268","71482707"
"74423","103335124","96092002"
"74424","103335136","99976878"
"74425","103335146","58139294"
"74426","103335174","78889334"
"74427","103335174","71489810"
"74428","103342320","57819828"
"74429","103342324","58343206"
"74430","103342334","61583839"
"74431","103342334","88669792"
"74432","103342338","92447320"
"74433","103342338","58343793"
"74434","103490423","58140173"
"74435","103490435","65984867"
"74436","103490445","69500555"
"74437","103490473","103083890"
"74438","103490473","80126266"
"74439","103501905","61684122"
"74440","103501905","94196986"
"74441","103501909","103340916"
"74442","103501909","58342374"
"74443","103501919","67692388"
"74444","103501923","59658500"
"74445","104170198","69505309"
"74446","104170210","58143404"
"74447","104170220","64979750"
"74448","104170248","96093443"
"74449","104170248","65797876"
"74450","104177394","103492177"
"74451","104177398","94195547"
"74452","104177408","61773790"
"74453","104177408","92254775"
"74454","104177412","97747350"
"74455","104177412","57823158"
"74456","57375400","96094653"
"74457","57375409","64915113"
"74458","57375515","103337864"
"74459","57380289","61687522"
"74460","57380291","94195534"
"74461","57380295","62960520"
"74462","57380297","58141305"
"74463","57820784","86678490"
"74464","57822824","61583840"
"74465","58141069","88620991"
"74466","58143109","57819905"
"74467","58271819","97749169"
"74468","58271828","58143367"
"74469","58271932","58143613"
"74470","58334748","58140546"
"74471","58334750","58143296"
"74472","58334754","61680340"
"74473","58334756","88621005"
"74474","58341830","59658446"
"74475","59211460","64977566"
"74476","59211469","61771606"
"74477","59211568","62955774"
"74478","59216471","58140528"
"74479","59216473","58141888"
"74480","59216477","58342419"
"74481","59216477","69500052"
"74482","59216479","92445876"
"74483","59216479","99972992"
"74484","59658446","65988047"
"74485","59658474","57819936"
"74486","59658762","67690267"
"74487","59658762","96099237"
"74488","59669778","57821121"
"74489","59669780","86680179"
"74490","59669784","57819796"
"74491","59669784","61685875"
"74492","59669786","58271965"
"74493","59669786","88620424"
"74494","61578709","67693727"
"74495","61578718","88626774"
"74496","61578817","97753605"
"74497","61578817","57821828"
"74498","61584854","61772170"
"74499","61584856","103081775"
"74500","61584860","103492145"
"74501","61584860","59669449"
"74502","61584862","103340949"
"74503","61584862","57819976"
"74504","61680661","57820968"
"74505","61680663","71486213"
"74506","61680667","92254796"
"74507","61680667","57822967"
"74508","61680669","58280794"
"74509","61680669","80123815"
"74510","61686927","86682932"
"74511","61686936","86678437"
"74512","61687035","78889418"
"74513","61687035","57821170"
"74514","61768565","58280789"
"74515","61768567","58343943"
"74516","61768571","92443524"
"74517","61768571","104174027"
"74518","61768573","69499937"
"74519","61768573","61684144"
"74520","61774819","58140356"
"74521","61774828","58143074"
"74522","61774927","103083623"
"74523","61774927","61773786"
"74524","62955166","103491840"
"74525","62955175","69506241"
"74526","62955273","104171918"
"74527","62955273","57821109"
"74528","62960492","88626713"
"74529","62960494","103087023"
"74530","62960498","97745783"
"74531","62960498","65987365"
"74532","62960500","78889979"
"74533","62960500","58142095"
"74534","64909944","57821109"
"74535","64909953","67690315"
"74536","64909991","99979423"
"74537","64910051","57820060"
"74538","64910051","58342435"
"74539","64915110","57821471"
"74540","64915112","61774797"
"74541","64915116","96093456"
"74542","64915116","96092002"
"74543","64915118","59669785"
"74544","64915118","59211464"
"74545","64977436","58140524"
"74546","64977445","57820973"
"74547","64977544","58141103"
"74548","64977544","94197284"
"74549","64983420","57820123"
"74550","64983422","103335270"
"74551","64983426","58140222"
"74552","64983426","58340936"
"74553","64983428","69505855"
"74554","64983428","61774824"
"74555","65797263","99977433"
"74556","65797272","58141394"
"74557","65797310","58139970"
"74558","65797371","103336542"
"74559","65797371","57822702"
"74560","65802570","103501552"
"74561","65802572","103502463"
"74562","65802576","92440692"
"74563","65802576","69505174"
"74564","65802578","97747198"
"74565","65802578","96099246"
"74566","65982838","61686931"
"74567","65982847","92447325"
"74568","65982945","104171900"
"74569","65982945","58143565"
"74570","65988019","58140828"
"74571","65988021","57822881"
"74572","65988025","67690188"
"74573","65988025","92255946"
"74574","65988027","92251904"
"74575","65988027","57819911"
"74576","67690211","78888293"
"74577","67690220","99976782"
"74578","67690258","57821153"
"74579","67690319","92251356"
"74580","67690319","64910000"
"74581","67695705","64910075"
"74582","67695707","58141552"
"74583","67695711","57820294"
"74584","67695711","71482605"
"74585","67695713","99972970"
"74586","67695713","71486213"
"74587","69499933","103083812"
"74588","69499942","59669777"
"74589","69499980","57821250"
"74590","69500042","57821374"
"74591","69500042","88624944"
"74592","69505511","94197270"
"74593","69505513","104170253"
"74594","69505517","59670634"
"74595","69505517","78890049"
"74596","69505519","58139142"
"74597","69505519","58341481"
"74598","71482595","97747575"
"74599","71482604","78891939"
"74600","71482644","58341348"
"74601","71482707","78894002"
"74602","71482707","58343881"
"74603","71488193","57820163"
"74604","71488195","92445367"
"74605","71488199","88623484"
"74606","71488199","64910089"
"74607","71488201","94200443"
"74608","71488201","65800215"
"74609","78888215","58341007"
"74610","78888227","64910526"
"74611","78888237","59211948"
"74612","78888265","96097565"
"74613","78888265","61680679"
"74614","78895457","58343767"
"74615","78895461","58342273"
"74616","78895471","57820406"
"74617","78895471","103335207"
"74618","78895475","80121997"
"74619","78895475","61687069"
"74620","80122405","58342710"
"74621","80122405","92445639"
"74622","80122409","57377263"
"74623","80122409","92441562"
"74624","80122419","58151786"
"74625","80122423","61687404"
"74626","80129615","58344087"
"74627","80129615","57818716"
"74628","80129643","58141634"
"74629","80129653","58343538"
"74630","80129665","57820500"
"74631","86678344","65801532"
"74632","86678356","96099324"
"74633","86678366","57376033"
"74634","86678394","96093461"
"74635","86678394","88669870"
"74636","86685585","58138769"
"74637","86685589","64910002"
"74638","86685599","86684620"
"74639","86685599","58339977"
"74640","86685603","64977929"
"74641","86685603","96095562"
"74642","88619600","65797272"
"74643","88619600","58138955"
"74644","88619604","62960172"
"74645","88619604","58341452"
"74646","88619614","96092128"
"74647","88619618","103492126"
"74648","88626809","65799296"
"74649","88626809","69504828"
"74650","88626837","86684209"
"74651","88626847","57822803"
"74652","88626859","58341436"
"74653","88669798","65802441"
"74654","88669810","61772505"
"74655","88669820","59660152"
"74656","88669848","58342159"
"74657","88669848","78894092"
"74658","88677039","103081851"
"74659","88677043","58141606"
"74660","88677053","104171921"
"74661","88677053","97749114"
"74662","88677057","104175072"
"74663","88677057","57820968"
"74664","92250094","104171914"
"74665","92250106","57819868"
"74666","92250116","57821391"
"74667","92250144","103335179"
"74668","92250144","80128456"
"74669","92257335","59669794"
"74670","92257339","86679961"
"74671","92257349","67690341"
"74672","92257349","103336916"
"74673","92257353","64915130"
"74674","92257353","59211506"
"74675","92440144","103336629"
"74676","92440144","69502584"
"74677","92440148","71486313"
"74678","92440148","58341434"
"74679","92440158","103080119"
"74680","92440162","78888288"
"74681","92447353","92250175"
"74682","92447353","57819796"
"74683","92447381","57821033"
"74684","92447391","65982955"
"74685","92447403","86686409"
"74686","94195527","97751592"
"74687","94195539","94195600"
"74688","94195549","58344290"
"74689","94195577","103492215"
"74690","94195577","103341356"
"74691","94202767","58141648"
"74692","94202771","61578813"
"74693","94202781","57821059"
"74694","94202781","58334501"
"74695","94202785","65797389"
"74696","94202785","104171991"
"74697","96092066","58140457"
"74698","96092066","103084928"
"74699","96092070","57820016"
"74700","96092070","58342339"
"74701","96092080","71483255"
"74702","96092084","99977356"
"74703","96099274","92257344"
"74704","96099274","61680401"
"74705","96099302","58272343"
"74706","96099312","58141308"
"74707","96099324","64911921"
"74708","97745783","94195518"
"74709","97745795","58141009"
"74710","97745805","67695445"
"74711","97745833","58341494"
"74712","97745833","69505022"
"74713","97752979","57818368"
"74714","97752983","92253974"
"74715","97752993","57820983"
"74716","97752993","69504808"
"74717","97752997","58341827"
"74718","97752997","67690229"
"74719","99970973","58143015"
"74720","99970985","92443619"
"74721","99970995","92447338"
"74722","99971023","58151742"
"74723","99971023","65803265"
"74724","99978169","92251626"
"74725","99978173","86683066"
"74726","99978183","58341281"
"74727","99978183","57819685"
"74728","99978187","61774874"
"74729","99978187","103335189"
"74730","57819030","61775414"
"74731","57820054","58342353"
"74732","57820613","104171952"
"74733","57822329","62955184"
"74734","57822330","58341247"
"74735","57822330","88625731"
"74736","57822330","57820801"
"74737","57822483","57820416"
"74738","57822484","64915036"
"74739","57823001","58140151"
"74740","58139315","97745856"
"74741","58140339","57829359"
"74742","58140898","58140703"
"74743","58142614","57820177"
"74744","58142615","88625101"
"74745","58142615","58340958"
"74746","58142615","78891097"
"74747","58142768","58341139"
"74748","58142769","58140180"
"74749","58143286","88619598"
"74750","58340267","88626794"
"74751","58341128","57821863"
"74752","58341658","61578824"
"74753","58343329","58143529"
"74754","58343330","65982821"
"74755","58343330","86679506"
"74756","58343491","96097462"
"74757","58343492","57829439"
"74758","71484858","103490483"
"74759","86680105","58341346"
"74760","103080046","99972694"
"74761","103080046","57375556"
"74762","103080046","88622745"
"74763","103080069","65982967"
"74764","103080069","64977536"
"74765","103080069","58342503"
"74766","103080144","78888260"
"74767","103080144","61768568"
"74768","103335116","57821391"
"74769","103335116","58344021"
"74770","103335116","64979748"
"74771","103335139","58141400"
"74772","103335139","58343887"
"74773","103335139","57819772"
"74774","103335214","103081474"
"74775","103335214","80125069"
"74776","103490415","96099241"
"74777","103490415","88626787"
"74778","103490415","80129650"
"74779","103490438","58143166"
"74780","103490438","104174720"
"74781","103490438","99975648"
"74782","103490513","97750400"
"74783","103490513","67690206"
"74784","104170190","65797263"
"74785","104170190","58341675"
"74786","104170190","62957130"
"74787","104170213","58341574"
"74788","104170213","58341322"
"74789","104170213","61579176"
"74790","104170288","103504259"
"74791","104170288","57820030"
"74792","57375395","92251858"
"74793","57375395","88672675"
"74794","57375440","92257350"
"74795","57375440","103501774"
"74796","57375979","57821395"
"74797","57375979","103081475"
"74798","57820612","99970965"
"74799","57823118","64977551"
"74800","58140897","65797409"
"74801","58143403","65983448"
"74802","58271814","57829353"
"74803","58271814","61686626"
"74804","58271859","58140177"
"74805","58271859","94199405"
"74806","58272430","57820785"
"74807","58272430","58343188"
"74808","58341657","88676737"
"74809","58344079","58143392"
"74810","59211455","58140676"
"74811","59211455","104170874"
"74812","59211499","96096440"
"74813","59211499","57380897"
"74814","59212037","58140174"
"74815","59212037","103340892"
"74816","59658430","58342426"
"74817","59658430","71487947"
"74818","59658430","57821079"
"74819","59658557","57822913"
"74820","59658557","69500080"
"74821","59658557","61686936"
"74822","59660218","71484873"
"74823","59660218","58342330"
"74824","61578704","103342035"
"74825","61578704","58142327"
"74826","61578704","64977487"
"74827","61578748","64916608"
"74828","61578748","57820020"
"74829","61578748","103492143"
"74830","61579294","94197284"
"74831","61579294","97751595"
"74832","61686922","65988696"
"74833","61686922","103335169"
"74834","61686922","57375958"
"74835","61686966","67690823"
"74836","61686966","80123229"
"74837","61686966","64915133"
"74838","61687520","58341310"
"74839","61687520","96095731"
"74840","61774814","61578817"
"74841","61774814","58340982"
"74842","61774814","67695999"
"74843","61774858","92254788"
"74844","61774858","78895199"
"74845","61774858","96096742"
"74846","61775412","80129584"
"74847","61775412","99979684"
"74848","62955161","61681259"
"74849","62955161","65987834"
"74850","62955161","97753599"
"74851","62955206","64983278"
"74852","62955206","65983355"
"74853","62955206","80129608"
"74854","62955772","71489352"
"74855","62955772","58140113"
"74856","64909939","59213441"
"74857","64909939","59658462"
"74858","64909939","94202571"
"74859","64909984","58271824"
"74860","64909984","61768538"
"74861","64909984","65802306"
"74862","64910553","103494810"
"74863","64910553","62955161"
"74864","64977431","62955155"
"74865","64977431","58141289"
"74866","64977431","58142244"
"74867","64977475","64914301"
"74868","64977475","64977579"
"74869","64977475","61578714"
"74870","64978021","58341242"
"74871","64978021","58138682"
"74872","65797258","58141268"
"74873","65797258","59669486"
"74874","65797258","61578748"
"74875","65797303","67692381"
"74876","65797303","65802252"
"74877","65797303","57821110"
"74878","65797874","58340935"
"74879","65797874","71483253"
"74880","65982833","103503477"
"74881","65982833","69507000"
"74882","65982833","58143185"
"74883","65982878","65802438"
"74884","65982878","104171913"
"74885","65982878","57820016"
"74886","65983448","61687070"
"74887","65983448","58140424"
"74888","67690206","57819833"
"74889","67690206","57819914"
"74890","67690206","78894769"
"74891","67690251","58140306"
"74892","67690251","103088264"
"74893","67690251","96094657"
"74894","67690821","64977418"
"74895","67690821","58344240"
"74896","69499928","58143247"
"74897","69499928","58341010"
"74898","69499928","57829558"
"74899","69499973","58142148"
"74900","69499973","69504427"
"74901","69499973","58344078"
"74902","69500582","88624823"
"74903","69500582","92257816"
"74904","71482590","97748625"
"74905","71482590","67692403"
"74906","71482590","69500076"
"74907","71482637","58341372"
"74908","71482637","57820784"
"74909","71482637","65983419"
"74910","71483253","86683038"
"74911","71483253","99971030"
"74912","78888207","61768492"
"74913","78888207","104170283"
"74914","78888207","57829513"
"74915","78888230","86685210"
"74916","78888230","58141693"
"74917","78888230","88669876"
"74918","78888305","59669776"
"74919","78888305","88671407"
"74920","80129575","58340138"
"74921","80129575","62957191"
"74922","80129650","99974015"
"74923","80129650","58143564"
"74924","80129650","103336542"
"74925","80129673","58139285"
"74926","80129673","103503482"
"74927","80129673","64912810"
"74928","86678336","78888272"
"74929","86678336","57819875"
"74930","86678336","58340927"
"74931","86678359","104170271"
"74932","86678359","59215829"
"74933","86678359","88626769"
"74934","86678434","92253878"
"74935","86678434","86681939"
"74936","88626769","57822971"
"74937","88626769","58140590"
"74938","88626844","61774814"
"74939","88626844","80129673"
"74940","88626844","92445646"
"74941","88626867","97750429"
"74942","88626867","58342455"
"74943","88626867","57819773"
"74944","88669790","65985693"
"74945","88669790","61681259"
"74946","88669790","65982941"
"74947","88669813","58144014"
"74948","88669813","97748625"
"74949","88669813","62961463"
"74950","88669888","64983402"
"74951","88669888","99972404"
"74952","92250086","67695678"
"74953","92250086","67690229"
"74954","92250086","92445644"
"74955","92250109","97745795"
"74956","92250109","57829540"
"74957","92250109","92250172"
"74958","92250184","103335150"
"74959","92250184","57819570"
"74960","92447313","61768298"
"74961","92447313","57821970"
"74962","92447388","92441553"
"74963","92447388","71482590"
"74964","92447388","58341322"
"74965","92447411","64977932"
"74966","92447411","57375447"
"74967","92447411","64916673"
"74968","94195519","80129643"
"74969","94195519","59669169"
"74970","94195519","103339671"
"74971","94195542","103491840"
"74972","94195542","65982894"
"74973","94195542","57821304"
"74974","94195617","65987820"
"74975","94195617","58143087"
"74976","96099234","69502188"
"74977","96099234","94202770"
"74978","96099309","58141600"
"74979","96099309","71482644"
"74980","96099309","57820239"
"74981","96099332","103336540"
"74982","96099332","67697230"
"74983","96099332","103087282"
"74984","97745775","92439446"
"74985","97745775","103081775"
"74986","97745775","57822773"
"74987","97745798","58140042"
"74988","97745798","58141408"
"74989","97745798","58342339"
"74990","97745873","65982836"
"74991","97745873","67690700"
"74992","99970965","58140155"
"74993","99970965","88625097"
"74994","99970965","92250179"
"74995","99970988","104170271"
"74996","99970988","58341004"
"74997","99970988","103087198"
"74998","99971063","65802305"
"74999","99971063","103341583"
"75000","57818689","103080111"
"75001","57818694","58141625"
"75002","57820319","58271952"
"75003","58138974","71487381"
"75004","58138979","57819796"
"75005","58140604","58138920"
"75006","58340048","99977299"
"75007","96089123","97746947"
"75008","96089123","58142614"
"75009","96092972","86680144"
"75010","96092973","58341003"
"75011","96092986","59660218"
"75012","96092986","86684787"
"75013","97752078","64914484"
"75014","97752078","80125801"
"75015","97752091","67694145"
"75016","97752092","58142907"
"75017","97754490","86684600"
"75018","97754490","62955273"
"75019","99977268","58143255"
"75020","99977268","65802568"
"75021","99977281","64914852"
"75022","99977282","80128086"
"75023","99979680","88620084"
"75024","99979680","62960249"
"75025","58341981","88669820"
"75026","103080095","80129508"
"75027","103080095","88669813"
"75028","103080115","58340845"
"75029","103080121","67697277"
"75030","103080131","58140083"
"75031","103081754","58343817"
"75032","103081758","58151549"
"75033","103081760","96092973"
"75034","103081761","94195568"
"75035","103081768","86680142"
"75036","103081807","103081814"
"75037","103081811","59669802"
"75038","103081850","88620981"
"75039","103081866","58141966"
"75040","103083505","58141535"
"75041","103083505","65984855"
"75042","103083505","103490415"
"75043","103084574","61773782"
"75044","103084574","58140090"
"75045","103084574","69499665"
"75046","103084574","58151727"
"75047","103084574","65982974"
"75048","103084574","58139063"
"75049","103084574","78895198"
"75050","103084574","58143387"
"75051","103084574","80125881"
"75052","103084574","80128539"
"75053","103084574","65988684"
"75054","103084574","65802585"
"75055","103084574","97748232"
"75056","103084574","78894096"
"75057","103084574","58141877"
"75058","103084574","62958947"
"75059","103084574","65986115"
"75060","103084574","58341237"
"75061","103084574","96099178"
"75062","103084574","58342193"
"75063","103084574","67692376"
"75064","103084574","78890054"
"75065","103084574","61687035"
"75066","103084574","61680399"
"75067","103084604","58341128"
"75068","103086444","69507078"
"75069","103335165","57818998"
"75070","103335165","59211945"
"75071","103335185","88626782"
"75072","103335191","65797393"
"75073","103335201","80129580"
"75074","103336824","61579296"
"75075","103336828","71488213"
"75076","103336830","62955148"
"75077","103336831","58139204"
"75078","103336838","104171914"
"75079","103336877","97745777"
"75080","103336881","103338825"
"75081","103336920","57823082"
"75082","103336936","86680088"
"75083","103338575","97745868"
"75084","103338575","78888265"
"75085","103338575","58271924"
"75086","103339644","92447330"
"75087","103339644","88672019"
"75088","103339644","92250089"
"75089","103339644","103335165"
"75090","103339644","64912789"
"75091","103339644","103336288"
"75092","103339644","94201419"
"75093","103339644","97747199"
"75094","103339644","58139022"
"75095","103339644","69499991"
"75096","103339644","97745824"
"75097","103339644","64910045"
"75098","103339644","57820236"
"75099","103339644","78894086"
"75100","103339644","99972766"
"75101","103339644","92440692"
"75102","103339644","96092342"
"75103","103339644","58140196"
"75104","103339644","78894473"
"75105","103339644","65982496"
"75106","103339644","69502143"
"75107","103339644","103084564"
"75108","103339644","65985278"
"75109","103339644","96099155"
"75110","103339674","88626847"
"75111","103341514","86680102"
"75112","103490464","88671839"
"75113","103490464","61578762"
"75114","103490484","58141073"
"75115","103490490","80127865"
"75116","103490500","86681575"
"75117","103492123","61686982"
"75118","103492127","58341004"
"75119","103492129","67695999"
"75120","103492130","92441519"
"75121","103492137","94198026"
"75122","103492176","58140257"
"75123","103492180","92441147"
"75124","103492219","71482701"
"75125","103492235","58342154"
"75126","103502183","58140391"
"75127","103503445","94201390"
"75128","103503475","104174749"
"75129","103503475","58349782"
"75130","103503475","94199122"
"75131","103503475","65797777"
"75132","103503475","58140174"
"75133","103503475","58142507"
"75134","103503475","65802569"
"75135","103503475","92250085"
"75136","103503475","61581049"
"75137","103503475","58143141"
"75138","103503475","96097481"
"75139","103503475","61768274"
"75140","103503475","99971054"
"75141","103503475","88622980"
"75142","103503475","58343812"
"75143","103503475","57820793"
"75144","103503475","103503356"
"75145","103503475","58143166"
"75146","103503475","96094661"
"75147","103503475","94197290"
"75148","103503475","61684481"
"75149","103503475","65984871"
"75150","103503475","92442810"
"75151","103503475","103504261"
"75152","103504544","57822325"
"75153","103504544","103080115"
"75154","103504544","78888305"
"75155","104170239","62959824"
"75156","104170239","58342342"
"75157","104170259","71488129"
"75158","104170265","97749519"
"75159","104170275","58343975"
"75160","104171898","58140190"
"75161","104171902","58142926"
"75162","104171904","67695406"
"75163","104171905","103490480"
"75164","104171912","97749400"
"75165","104171951","92250144"
"75166","104171955","58141366"
"75167","104171994","78888275"
"75168","104172010","92445664"
"75169","104173649","58342162"
"75170","104173649","97751590"
"75171","104173649","67695621"
"75172","104174718","61774662"
"75173","104174718","58344099"
"75174","104174718","97752151"
"75175","104174718","57821422"
"75176","104174718","57818823"
"75177","104174718","103087163"
"75178","104174718","65986850"
"75179","104174718","80129671"
"75180","104174718","103490484"
"75181","104174718","61680582"
"75182","104174718","103080052"
"75183","104174718","92250184"
"75184","104174718","88669865"
"75185","104174718","57820283"
"75186","104174718","103490501"
"75187","104174718","94201960"
"75188","104174718","88622191"
"75189","104174718","94200089"
"75190","104174718","71484859"
"75191","104174718","104176865"
"75192","104174718","99970800"
"75193","104174718","58279529"
"75194","104174718","86679462"
"75195","104174718","88625094"
"75196","104174718","58341078"
"75197","104174748","57822008"
"75198","104176588","96099330"
"75199","57375402","99971151"
"75200","57375455","88674451"
"75201","57375501","103338677"
"75202","57375501","57380033"
"75203","57375509","58140288"
"75204","57375534","86682907"
"75205","57375888","88676668"
"75206","57380894","88671058"
"75207","57380894","58340960"
"75208","57380899","58341371"
"75209","57380899","65982838"
"75210","57380899","99976517"
"75211","57380899","58271949"
"75212","57380899","96099312"
"75213","57380899","103335209"
"75214","57380899","97750303"
"75215","57380899","61578852"
"75216","57380899","64977453"
"75217","57380899","58142327"
"75218","57380899","94195568"
"75219","57818400","58340909"
"75220","57818636","64910524"
"75221","57819745","58343845"
"75222","57820003","61687520"
"75223","57820236","65797778"
"75224","57820237","103503483"
"75225","57820357","67690220"
"75226","57820783","104177342"
"75227","57821680","94195617"
"75228","57823109","61579207"
"75229","57823160","57818811"
"75230","57823160","57821903"
"75231","57823445","103490496"
"75232","57829375","92441035"
"75233","57829405","58141965"
"75234","58138685","57823011"
"75235","58138921","86678336"
"75236","58140030","64909953"
"75237","58140288","80127869"
"75238","58140521","67695523"
"75239","58140522","61768205"
"75240","58140642","58339959"
"75241","58141068","58151916"
"75242","58141965","65797281"
"75243","58143394","99977436"
"75244","58143445","58344406"
"75245","58143445","58342026"
"75246","58143730","57819888"
"75247","58151750","59213440"
"75248","58151780","57819030"
"75249","58271821","69499987"
"75250","58271874","94203389"
"75251","58271920","67690192"
"75252","58271920","62959824"
"75253","58271927","67690211"
"75254","58271949","57822822"
"75255","58272254","86681588"
"75256","58272339","57820893"
"75257","58334499","92251300"
"75258","58334504","62957167"
"75259","58334506","65797284"
"75260","58335359","86680179"
"75261","58335359","97750335"
"75262","58335359","69499933"
"75263","58335364","78888305"
"75264","58335364","94201367"
"75265","58335364","65982937"
"75266","58335364","62957173"
"75267","58335364","58343763"
"75268","58335364","97749362"
"75269","58335364","69499980"
"75270","58335364","58342101"
"75271","58335364","80122798"
"75272","58335364","58140768"
"75273","58335364","96094762"
"75274","58339818","71482713"
"75275","58339990","86686303"
"75276","58341067","58341239"
"75277","58341307","57822217"
"75278","58341424","57819890"
"75279","58341829","57821340"
"75280","58342709","78892867"
"75281","58344120","94201312"
"75282","58344120","57819861"
"75283","58344405","64979747"
"75284","58350189","103342339"
"75285","59211462","65798138"
"75286","59211514","92255930"
"75287","59211556","57821308"
"75288","59211556","71488543"
"75289","59211563","62957186"
"75290","59211587","103342904"
"75291","59211856","69500076"
"75292","59211944","57820946"
"75293","59213417","103339732"
"75294","59216206","104170024"
"75295","59216211","58342360"
"75296","59216213","64912810"
"75297","59217023","57821003"
"75298","59217023","104170258"
"75299","59217023","58140510"
"75300","59217028","103336917"
"75301","59217028","58140082"
"75302","59217028","57819997"
"75303","59217028","61775325"
"75304","59217028","61685849"
"75305","59217028","88626783"
"75306","59217028","58271825"
"75307","59217028","96096825"
"75308","59217028","58341287"
"75309","59217028","88618794"
"75310","59217028","57823056"
"75311","59217028","78894100"
"75312","59217028","88675682"
"75313","59217028","94199139"
"75314","59217028","99972693"
"75315","59658453","58143261"
"75316","59658591","88669845"
"75317","59658725","88676639"
"75318","59658725","61680675"
"75319","59658747","69505248"
"75320","59658832","59665203"
"75321","59658858","71482771"
"75322","59659702","78891875"
"75323","59659937","88676780"
"75324","59669496","86678359"
"75325","59669498","62960210"
"75326","59669511","64912376"
"75327","59670354","59211575"
"75328","59670354","69499950"
"75329","59670354","103492175"
"75330","59670359","88672298"
"75331","59670359","61774872"
"75332","59670359","104170193"
"75333","59670359","103081471"
"75334","59670359","92442840"
"75335","59670359","64910429"
"75336","59670359","99973459"
"75337","59670359","97745848"
"75338","59670359","104173963"
"75339","59670359","103083605"
"75340","59670359","103337916"
"75341","59670359","62955273"
"75342","59670359","92440644"
"75343","59670359","62955679"
"75344","59670359","80125785"
"75345","59670359","57375525"
"75346","59670359","58341090"
"75347","59670359","92444874"
"75348","61578711","96095895"
"75349","61578763","57819841"
"75350","61578805","103339637"
"75351","61578805","58139001"
"75352","61578812","103080061"
"75353","61578838","65982878"
"75354","61579106","71487944"
"75355","61579201","57821732"
"75356","61584572","99975044"
"75357","61584574","67695461"
"75358","61584587","57820369"
"75359","61584592","94195600"
"75360","61585457","57820023"
"75361","61585457","92442752"
"75362","61585457","78896281"
"75363","61585462","58343684"
"75364","61585462","92250172"
"75365","61585462","58141268"
"75366","61585462","103081140"
"75367","61585462","57819978"
"75368","61585462","94196662"
"75369","61585462","86683025"
"75370","61585462","92445607"
"75371","61585462","78891821"
"75372","61585462","96094730"
"75373","61585462","88672298"
"75374","61585462","69505251"
"75375","61585462","92447330"
"75376","61680378","97747537"
"75377","61680380","57375534"
"75378","61680393","57820388"
"75379","61681265","103086444"
"75380","61681265","58342725"
"75381","61681265","88676171"
"75382","61681270","65987339"
"75383","61681270","99975044"
"75384","61681270","67695543"
"75385","61681270","61584828"
"75386","61681270","58344104"
"75387","61681270","57821332"
"75388","61681270","58343609"
"75389","61681270","67690821"
"75390","61681270","61773728"
"75391","61681270","64911967"
"75392","61681270","92251578"
"75393","61681270","57822226"
"75394","61681270","69505210"
"75395","61681270","96099246"
"75396","61681270","71489878"
"75397","61681270","103492216"
"75398","61681270","62960493"
"75399","61681270","88677758"
"75400","61681270","103335270"
"75401","61681270","58143616"
"75402","61681270","86682995"
"75403","61681270","64909942"
"75404","61685870","96095665"
"75405","61686929","58140835"
"75406","61686981","65987141"
"75407","61687023","57821258"
"75408","61687023","58143236"
"75409","61687030","57821367"
"75410","61687056","58140521"
"75411","61687066","97752240"
"75412","61687324","59216329"
"75413","61687427","59216445"
"75414","61768282","59211455"
"75415","61768284","96093472"
"75416","61768297","97752848"
"75417","61769169","57821090"
"75418","61769169","71482637"
"75419","61769169","97745833"
"75420","61769174","71488166"
"75421","61769174","103492141"
"75422","61769174","96097866"
"75423","61769174","58341241"
"75424","61769174","65801414"
"75425","61769174","80129650"
"75426","61769174","88621003"
"75427","61769174","97747503"
"75428","61769174","71482604"
"75429","61769174","88669793"
"75430","61769174","86680183"
"75431","61769174","99974590"
"75432","61769174","61680634"
"75433","61769174","103490488"
"75434","61769174","64910058"
"75435","61769174","80123794"
"75436","61769174","86678409"
"75437","61769174","86680380"
"75438","61769174","58144307"
"75439","61769174","88671058"
"75440","61769174","57820123"
"75441","61769174","58271965"
"75442","61773764","57818851"
"75443","61774821","104177137"
"75444","61774873","88680348"
"75445","61774915","57380290"
"75446","61774915","92444519"
"75447","61774922","103490473"
"75448","61774948","88674479"
"75449","61774958","88626799"
"75450","61775216","57829439"
"75451","61775319","99970995"
"75452","62955168","58140569"
"75453","62955221","58340901"
"75454","62955261","103084606"
"75455","62955261","88674449"
"75456","62955268","65797281"
"75457","62955294","103080139"
"75458","62955304","57818397"
"75459","62955567","58342462"
"75460","62955679","57822210"
"75461","62957168","58143184"
"75462","62960208","57375409"
"75463","62960210","92440157"
"75464","62960223","103501891"
"75465","62961142","103491990"
"75466","62961142","58138975"
"75467","62961142","80129580"
"75468","62961147","103336890"
"75469","62961147","71482699"
"75470","62961147","80129587"
"75471","62961147","58343794"
"75472","62961147","88626864"
"75473","62961147","97747502"
"75474","62961147","58344409"
"75475","62961147","71487882"
"75476","62961147","103082540"
"75477","62961147","86680108"
"75478","62961147","65803331"
"75479","62961147","59211596"
"75480","62961147","57820936"
"75481","62961147","58140653"
"75482","62961147","88675670"
"75483","62961147","57819840"
"75484","62961147","59216678"
"75485","62961147","92250086"
"75486","62961147","103338914"
"75487","62961147","58341981"
"75488","62961147","64914833"
"75489","62961147","65987141"
"75490","64909946","61680639"
"75491","64909999","92254790"
"75492","64910039","96096796"
"75493","64910039","92445605"
"75494","64910046","57820238"
"75495","64910072","69500485"
"75496","64910082","58139048"
"75497","64910341","58142495"
"75498","64910457","96092459"
"75499","64911945","103087755"
"75500","64911954","86680768"
"75501","64914831","80127907"
"75502","64914833","59217732"
"75503","64914846","92445641"
"75504","64914851","58342006"
"75505","64915781","58341005"
"75506","64915781","62957966"
"75507","64915781","88625653"
"75508","64915786","99972459"
"75509","64915786","103491906"
"75510","64915786","104172990"
"75511","64915786","80122619"
"75512","64915786","96094664"
"75513","64915786","92447316"
"75514","64915786","58341138"
"75515","64915786","103335214"
"75516","64915786","57375456"
"75517","64915786","99976822"
"75518","64915786","58140457"
"75519","64915786","58342023"
"75520","64915786","69505281"
"75521","64915786","78888302"
"75522","64915786","58140173"
"75523","64915786","103494810"
"75524","64915786","58140160"
"75525","64915786","57829377"
"75526","64915786","58140201"
"75527","64915786","104177136"
"75528","64915786","58342350"
"75529","64915786","103338860"
"75530","64915786","97745953"
"75531","64915786","96099177"
"75532","64977438","99974359"
"75533","64977490","57823003"
"75534","64977532","80122681"
"75535","64977532","71490477"
"75536","64977539","78896087"
"75537","64977565","80129516"
"75538","64977833","58341077"
"75539","64977928","103490516"
"75540","64983138","58340963"
"75541","64983140","96097587"
"75542","64983153","58341060"
"75543","64983158","97749619"
"75544","64984025","99972469"
"75545","64984025","58342112"
"75546","64984025","92250181"
"75547","64984030","97745868"
"75548","64984030","104175996"
"75549","64984030","99977275"
"75550","64984030","58343609"
"75551","64984030","57822864"
"75552","64984030","58334612"
"75553","64984030","58140825"
"75554","64984030","57820367"
"75555","64984030","69500063"
"75556","64984030","57820054"
"75557","64984030","58142924"
"75558","64984030","58344078"
"75559","64984030","78892778"
"75560","65797265","58344288"
"75561","65797318","61768487"
"75562","65797359","58344101"
"75563","65797359","97751608"
"75564","65797366","58280796"
"75565","65797392","103081218"
"75566","65797402","86680375"
"75567","65797661","58339994"
"75568","65797777","65797378"
"75569","65799270","96094769"
"75570","65799276","69505819"
"75571","65799279","58140097"
"75572","65802289","57820479"
"75573","65802291","94195572"
"75574","65802304","99977514"
"75575","65802309","92441426"
"75576","65803262","57820166"
"75577","65803262","58140281"
"75578","65803262","57820421"
"75579","65803267","92255015"
"75580","65803267","99972510"
"75581","65803267","99976779"
"75582","65803267","62960225"
"75583","65803267","57823280"
"75584","65803267","103087792"
"75585","65803267","57822550"
"75586","65803267","58279518"
"75587","65803267","58350207"
"75588","65803267","58151821"
"75589","65803267","57820500"
"75590","65803267","57375522"
"75591","65803267","86678400"
"75592","65803267","103084662"
"75593","65803267","58142615"
"75594","65803267","96099263"
"75595","65803267","104178909"
"75596","65803267","103337867"
"75597","65803267","57818763"
"75598","65803267","97745828"
"75599","65803267","92254751"
"75600","65803267","88675606"
"75601","65803267","62955648"
"75602","65803267","65982980"
"75603","65803267","61768385"
"75604","65982840","103080119"
"75605","65982893","62955206"
"75606","65982933","61774819"
"75607","65982933","71482600"
"75608","65982940","94195676"
"75609","65982966","58143443"
"75610","65982976","64910457"
"75611","65983236","61579868"
"75612","65983352","67694804"
"75613","65987755","86678385"
"75614","65987760","58342410"
"75615","65988690","96097491"
"75616","65988690","58142147"
"75617","65988690","104171956"
"75618","65988695","88675662"
"75619","65988695","96097485"
"75620","65988695","78894472"
"75621","65988695","88623976"
"75622","65988695","80129519"
"75623","65988695","67690341"
"75624","65988695","57821122"
"75625","65988695","65987755"
"75626","65988695","69507201"
"75627","65988695","58143369"
"75628","65988695","78894182"
"75629","65988695","104170344"
"75630","65988695","88676055"
"75631","67690213","57820300"
"75632","67690266","92250106"
"75633","67690307","58271942"
"75634","67690307","103080119"
"75635","67690314","94195518"
"75636","67690340","92250150"
"75637","67690350","88620421"
"75638","67690607","58342301"
"75639","67690724","86678421"
"75640","67692377","80123112"
"75641","67692379","103490504"
"75642","67692383","92250184"
"75643","67692386","58341261"
"75644","67695404","58140642"
"75645","67695406","67690251"
"75646","67695419","61680378"
"75647","67695424","97752927"
"75648","67696412","103337610"
"75649","67696412","57820393"
"75650","67696412","58151728"
"75651","67696417","104170275"
"75652","67696417","78892910"
"75653","67696417","88626859"
"75654","67696417","67690725"
"75655","67696417","97751332"
"75656","67696417","99972694"
"75657","67696417","97750298"
"75658","67696417","59214210"
"75659","67696417","58140173"
"75660","67696417","58344239"
"75661","67696417","58344405"
"75662","67696417","58141344"
"75663","67696417","96097564"
"75664","67696417","58139096"
"75665","67696417","57821421"
"75666","67696417","61579205"
"75667","67696417","57375440"
"75668","67696417","58139741"
"75669","67696417","86682939"
"75670","67696417","64910043"
"75671","67696417","88669891"
"75672","67696417","96096443"
"75673","67696417","59670356"
"75674","67696417","58341006"
"75675","67696417","61578720"
"75676","69499935","58341287"
"75677","69499988","67695005"
"75678","69500030","104173899"
"75679","69500030","99975480"
"75680","69500037","57822864"
"75681","69500063","69505421"
"75682","69500073","92251857"
"75683","69500361","58339766"
"75684","69500485","94196642"
"75685","69502164","58143167"
"75686","69502166","64977482"
"75687","69502170","58342350"
"75688","69502173","64909962"
"75689","69502180","65982833"
"75690","69505210","92257788"
"75691","69505212","59670634"
"75692","69505225","58343843"
"75693","69505230","64913594"
"75694","69506238","80123784"
"75695","69506238","65983584"
"75696","69506238","104176035"
"75697","69506243","64912790"
"75698","69506243","94195588"
"75699","69506243","57375515"
"75700","69506243","58350168"
"75701","69506243","58320097"
"75702","69506243","71486316"
"75703","69506243","61686932"
"75704","69506243","61770495"
"75705","69506243","97747805"
"75706","69506243","80125101"
"75707","69506243","99970988"
"75708","69506243","58140600"
"75709","69506243","103335201"
"75710","69506243","59211588"
"75711","69506243","59658574"
"75712","69506243","57820284"
"75713","69506243","58143112"
"75714","69506243","92441539"
"75715","69506243","69506273"
"75716","69506243","103081756"
"75717","69506243","103491840"
"75718","69506243","59658497"
"75719","69506243","57820978"
"75720","69506243","96097563"
"75721","69506243","58342115"
"75722","69506243","59216211"
"75723","69506243","92443522"
"75724","69506243","69502168"
"75725","71482597","58343973"
"75726","71482652","99978188"
"75727","71482695","58349612"
"75728","71482695","58151888"
"75729","71482702","78891889"
"75730","71482728","67690265"
"75731","71482738","97745833"
"75732","71483026","58143055"
"75733","71483150","104174711"
"75734","71484837","61680398"
"75735","71484839","64983153"
"75736","71484843","99971160"
"75737","71484846","103490435"
"75738","71484853","58138654"
"75739","71487892","67690217"
"75740","71487894","58342326"
"75741","71487907","64909927"
"75742","71487912","64914320"
"75743","71488929","94202508"
"75744","71488929","58141588"
"75745","71488929","80127825"
"75746","71488934","86682997"
"75747","71488934","58139855"
"75748","71488934","58140223"
"75749","71488934","103335214"
"75750","71488934","88675670"
"75751","71488934","64977934"
"75752","71488934","94195620"
"75753","71488934","99972796"
"75754","71488934","99976810"
"75755","71488934","88623265"
"75756","71488934","62961144"
"75757","71488934","58341475"
"75758","71488934","58342063"
"75759","71488934","97747576"
"75760","71488934","58342439"
"75761","71488934","58141541"
"75762","71488934","59660945"
"75763","71488934","64982949"
"75764","71488934","62955311"
"75765","71488934","57823018"
"75766","71488934","62955772"
"75767","71488934","58341457"
"75768","71488934","57823275"
"75769","71488934","61681999"
"75770","71488934","80128124"
"75771","71488934","59669794"
"75772","71488934","61581997"
"75773","71488934","57823330"
"75774","78888256","96092575"
"75775","78888256","58350191"
"75776","78888276","92251856"
"75777","78888282","59658725"
"75778","78888292","65799274"
"75779","78889955","58342343"
"75780","78889957","96094734"
"75781","78889961","80125107"
"75782","78889964","57821787"
"75783","78890010","57821258"
"75784","78890014","58140161"
"75785","78890053","58340942"
"75786","78890069","59669498"
"75787","78891709","67690253"
"75788","78891709","69507000"
"75789","78891709","64910086"
"75790","78892779","99977393"
"75791","78892779","96096796"
"75792","78892779","58341238"
"75793","78892779","103492179"
"75794","78892779","62960228"
"75795","78892779","58343881"
"75796","78892779","88626769"
"75797","78892779","58342398"
"75798","78892779","69502186"
"75799","78892779","57822899"
"75800","78892779","104178438"
"75801","78892779","59658430"
"75802","78892779","104170243"
"75803","78892779","58141636"
"75804","78892779","94195549"
"75805","78892779","97749171"
"75806","78892779","103081469"
"75807","78892779","92251300"
"75808","78892779","64910423"
"75809","78892779","67695392"
"75810","78892779","57819990"
"75811","78892779","59215829"
"75812","78892779","94201419"
"75813","78892779","58343880"
"75814","78892779","103080114"
"75815","78892779","59217026"
"75816","78892779","104171916"
"75817","78892779","86683004"
"75818","78892809","92444568"
"75819","78892867","78889977"
"75820","78892869","61584863"
"75821","78894650","58340842"
"75822","80123230","92250170"
"75823","80125011","94197562"
"75824","80125013","94202911"
"75825","80125071","57821029"
"75826","80125101","92253975"
"75827","80125101","64909949"
"75828","80125101","58350167"
"75829","80125101","64914784"
"75830","80125101","97749400"
"75831","80125101","58143236"
"75832","80125101","88626713"
"75833","80125101","59670417"
"75834","80125101","61687066"
"75835","80125101","104170255"
"75836","80125101","57375454"
"75837","80125101","64911968"
"75838","80125101","88669858"
"75839","80125101","99977911"
"75840","80125101","57823449"
"75841","80125101","96094606"
"75842","80125101","97748997"
"75843","80125101","103080200"
"75844","80125101","62960465"
"75845","80125101","61584574"
"75846","80125101","62960309"
"75847","80125101","57821866"
"75848","80125101","65802309"
"75849","80125101","65987339"
"75850","80125101","65802289"
"75851","80125101","59669680"
"75852","80125101","94201932"
"75853","80125101","86685327"
"75854","80126171","65797381"
"75855","80126171","69504424"
"75856","80126171","58342344"
"75857","80127811","57820768"
"75858","80127827","86680178"
"75859","80127866","103491839"
"75860","80127870","69505530"
"75861","80127909","57820947"
"75862","80127916","65804743"
"75863","80127919","103491841"
"75864","80127923","78894098"
"75865","80127925","94197361"
"75866","80129588","58141253"
"75867","80129598","58140257"
"75868","80129604","58341563"
"75869","80129624","58144303"
"75870","80129624","103335165"
"75871","86678385","59211437"
"75872","86678385","94195587"
"75873","86678405","58140769"
"75874","86678411","61680380"
"75875","86678421","58350173"
"75876","86680084","103504378"
"75877","86680086","59211460"
"75878","86680090","58141405"
"75879","86680093","59658858"
"75880","86680100","64979729"
"75881","86680139","94199407"
"75882","86680143","88669839"
"75883","86680182","99972988"
"75884","86680198","65986849"
"75885","86681838","92447326"
"75886","86681838","64977475"
"75887","86681838","92256528"
"75888","86682907","58341105"
"75889","86682907","103502407"
"75890","86682907","58343491"
"75891","86682907","86683038"
"75892","86682907","94202852"
"75893","86682907","58143089"
"75894","86682907","57375395"
"75895","86682907","103336841"
"75896","86682907","104170248"
"75897","86682907","69499915"
"75898","86682907","59213421"
"75899","86682907","58272340"
"75900","86682907","58142293"
"75901","86682907","59669752"
"75902","86682907","104174707"
"75903","86682907","67690350"
"75904","86682907","80125105"
"75905","86682907","94196982"
"75906","86682907","99972988"
"75907","86682907","64979742"
"75908","86682907","103080200"
"75909","86682907","103339761"
"75910","86682907","58340934"
"75911","86682907","58271939"
"75912","86682907","103336538"
"75913","86682907","65802408"
"75914","86682907","97753137"
"75915","86682907","88671557"
"75916","86682937","97747542"
"75917","86682995","59658725"
"75918","86682997","61686944"
"75919","86684778","78892918"
"75920","88620425","88669798"
"75921","88622206","104170874"
"75922","88622208","57819837"
"75923","88622266","103491841"
"75924","88622296","86684197"
"75925","88622296","58141222"
"75926","88622296","103336921"
"75927","88622296","58140897"
"75928","88622296","61775320"
"75929","88622296","88671255"
"75930","88622296","57820388"
"75931","88622296","64910553"
"75932","88622296","64977434"
"75933","88622296","103081812"
"75934","88622296","65799296"
"75935","88622296","58143269"
"75936","88622296","88672683"
"75937","88622296","58271926"
"75938","88622296","58342861"
"75939","88622296","58341145"
"75940","88622296","88618899"
"75941","88622296","57820984"
"75942","88622296","58341551"
"75943","88622296","103083242"
"75944","88622296","103339645"
"75945","88622296","64977538"
"75946","88622296","64984085"
"75947","88622296","58343807"
"75948","88622296","61774837"
"75949","88622296","103085860"
"75950","88622296","104170283"
"75951","88622296","64909991"
"75952","88623365","58140083"
"75953","88623365","58143730"
"75954","88623365","69500553"
"75955","88625005","57820397"
"75956","88625021","96097575"
"75957","88625060","58139136"
"75958","88625064","86681956"
"75959","88625110","57823001"
"75960","88625113","61681339"
"75961","88625117","57819914"
"75962","88625119","58350162"
"75963","88626782","61578755"
"75964","88626792","103083607"
"75965","88626798","61774837"
"75966","88626818","80127900"
"75967","88626818","86681179"
"75968","88669839","57375409"
"75969","88669839","65983419"
"75970","88669859","103336622"
"75971","88669865","103335146"
"75972","88669875","58151545"
"75973","88671538","57821073"
"75974","88671540","57375553"
"75975","88671544","71484813"
"75976","88671546","65982849"
"75977","88671547","94203483"
"75978","88671554","62959363"
"75979","88671593","92439446"
"75980","88671597","58151723"
"75981","88671636","104173749"
"75982","88671652","80125550"
"75983","88673292","58350166"
"75984","88673292","104170198"
"75985","88673292","58341078"
"75986","88674361","99970967"
"75987","88674361","57822967"
"75988","88674361","58139794"
"75989","88674361","88673398"
"75990","88674361","97752829"
"75991","88674361","61768284"
"75992","88674361","61687398"
"75993","88674361","61774948"
"75994","88674361","61768388"
"75995","88674361","80125109"
"75996","88674361","92447409"
"75997","88674361","67695614"
"75998","88674361","99972725"
"75999","88674361","57823157"
"76000","88674361","96093468"
"76001","88674361","61768423"
"76002","88674361","71487912"
"76003","88674361","99972745"
"76004","88674361","57821433"
"76005","88674361","65802597"
"76006","88674361","58350191"
"76007","88674361","96099267"
"76008","88674361","99978122"
"76009","88674361","88669859"
"76010","88674361","58342374"
"76011","88674361","99974737"
"76012","88674361","58340956"
"76013","88674361","88622299"
"76014","88674391","97753137"
"76015","88674449","103502435"
"76016","88674451","62955295"
"76017","88676232","58140769"
"76018","92250135","97745805"
"76019","92250135","58151752"
"76020","92250155","103336539"
"76021","92250161","61578852"
"76022","92250171","62955683"
"76023","92251834","86684310"
"76024","92251836","58140467"
"76025","92251840","58341984"
"76026","92251842","58140641"
"76027","92251843","69500489"
"76028","92251850","65988026"
"76029","92251889","64977928"
"76030","92251893","97750300"
"76031","92251932","59217028"
"76032","92251948","61680639"
"76033","92253588","97745856"
"76034","92253588","92445368"
"76035","92253588","65797280"
"76036","92254657","67695619"
"76037","92254657","71482742"
"76038","92254657","71487993"
"76039","92254657","59211442"
"76040","92254657","62955155"
"76041","92254657","92439159"
"76042","92254657","61775323"
"76043","92254657","69507774"
"76044","92254657","61578709"
"76045","92254657","97752174"
"76046","92254657","62961147"
"76047","92254657","59216206"
"76048","92254657","94201990"
"76049","92254657","69502189"
"76050","92254657","59211568"
"76051","92254657","69500553"
"76052","92254657","92440969"
"76053","92254657","96095556"
"76054","92254657","71484826"
"76055","92254657","64913976"
"76056","92254657","92447257"
"76057","92254657","58143089"
"76058","92254657","57823060"
"76059","92254657","104171991"
"76060","92254657","80129665"
"76061","92254657","57820369"
"76062","92254657","65801029"
"76063","92254657","57829513"
"76064","92254687","99971023"
"76065","92254745","92447403"
"76066","92254747","80127901"
"76067","92256528","64977541"
"76068","92440969","58341386"
"76069","92442810","58343239"
"76070","92442840","58140345"
"76071","92442840","64914831"
"76072","92442840","97749400"
"76073","92442840","58341438"
"76074","92442840","96093444"
"76075","92442840","96096442"
"76076","92442840","58341386"
"76077","92442840","103085879"
"76078","92442840","99970973"
"76079","92442840","58342112"
"76080","92442840","57375889"
"76081","92442840","103335136"
"76082","92442840","88622138"
"76083","92442840","92250094"
"76084","92442840","64977929"
"76085","92442840","57822023"
"76086","92443909","59658870"
"76087","92443909","88626844"
"76088","92443909","88625061"
"76089","92445549","78893133"
"76090","92445565","65799294"
"76091","92445604","59658762"
"76092","92445608","97752994"
"76093","92445654","59211588"
"76094","92445657","92251888"
"76095","92445661","92250240"
"76096","92447326","58343844"
"76097","92447336","78892910"
"76098","92447342","57819937"
"76099","92447362","65983352"
"76100","92447362","92439446"
"76101","94195568","58342361"
"76102","94195568","92250109"
"76103","94195588","92257848"
"76104","94195594","99972741"
"76105","94195604","104173815"
"76106","94197266","64977566"
"76107","94197268","58141070"
"76108","94197272","64909998"
"76109","94197274","58341006"
"76110","94197275","96096036"
"76111","94197282","103085890"
"76112","94197321","67690251"
"76113","94197325","88671562"
"76114","94197364","65797245"
"76115","94197380","65797365"
"76116","94199020","65797303"
"76117","94199020","58339773"
"76118","94199020","96092191"
"76119","94200089","58141602"
"76120","94200089","58151729"
"76121","94200089","67695682"
"76122","94200089","103342063"
"76123","94200089","61774865"
"76124","94200089","86686098"
"76125","94200089","64909939"
"76126","94200089","92447322"
"76127","94200089","67695722"
"76128","94200089","103335314"
"76129","94200089","103081475"
"76130","94200089","80129620"
"76131","94200089","57820397"
"76132","94200089","58141071"
"76133","94200089","58139971"
"76134","94200089","103081589"
"76135","94200089","59665197"
"76136","94200089","58342148"
"76137","94200089","58342120"
"76138","94200089","57822042"
"76139","94200089","103339644"
"76140","94200089","94195521"
"76141","94200089","57819911"
"76142","94200089","57820937"
"76143","94200089","86678338"
"76144","94200089","61579294"
"76145","94200089","59665110"
"76146","94200089","64916137"
"76147","94200119","58141209"
"76148","94200177","58341831"
"76149","94200179","69502145"
"76150","94201960","58141353"
"76151","96094672","71482605"
"76152","96094730","57821135"
"76153","96094762","57818624"
"76154","96094762","57820550"
"76155","96094762","61769237"
"76156","96094762","57820112"
"76157","96094762","64916156"
"76158","96094762","86686303"
"76159","96094762","86678385"
"76160","96094762","97750294"
"76161","96094762","96092461"
"76162","96094762","58271920"
"76163","96094762","103336641"
"76164","96094762","104176035"
"76165","96094762","104170283"
"76166","96094762","58279595"
"76167","96094762","103336364"
"76168","96094762","104174749"
"76169","96094762","61681331"
"76170","96094762","67695404"
"76171","96094762","88671594"
"76172","96094765","62955261"
"76173","96094765","88620987"
"76174","96094765","103341944"
"76175","96094765","58139083"
"76176","96094765","67690725"
"76177","96094765","58139964"
"76178","96094765","88669848"
"76179","96094765","69505309"
"76180","96094765","103490417"
"76181","96094765","58143423"
"76182","96094765","97746860"
"76183","96094765","58141638"
"76184","96094765","78895327"
"76185","96094765","58341002"
"76186","96094765","104171950"
"76187","96094765","57821315"
"76188","96094765","71483402"
"76189","96094767","58342353"
"76190","96094767","58340686"
"76191","96094767","96099332"
"76192","96094767","97747798"
"76193","96094767","58342113"
"76194","96094767","103490488"
"76195","96094769","88674496"
"76196","96094769","71487943"
"76197","96094769","65982841"
"76198","96094769","64982360"
"76199","96094769","88624419"
"76200","96094769","103081767"
"76201","96094769","88671834"
"76202","96094769","104170218"
"76203","96094769","97752721"
"76204","96094771","61579267"
"76205","96094771","58140220"
"76206","96094771","61584592"
"76207","96094771","58142079"
"76208","96094771","64914851"
"76209","96094771","58341089"
"76210","96094771","58142769"
"76211","96094771","69499938"
"76212","96094771","104176588"
"76213","96094771","57821441"
"76214","96094771","99975486"
"76215","96094773","94198409"
"76216","96094773","103339770"
"76217","96094773","88674361"
"76218","96094773","64914848"
"76219","96094773","92255945"
"76220","96094773","103490513"
"76221","96094773","57375501"
"76222","96094773","92251838"
"76223","96094773","65797267"
"76224","96095444","80127165"
"76225","96095546","99976781"
"76226","96095546","58141118"
"76227","96097487","57375418"
"76228","96097527","86680258"
"76229","96097531","103502429"
"76230","96097563","58143235"
"76231","96099247","57820014"
"76232","96099257","104170276"
"76233","96099263","103503475"
"76234","96099283","88669874"
"76235","96099283","103080139"
"76236","97745824","103494809"
"76237","97745824","65985656"
"76238","97745844","57818484"
"76239","97745850","94200088"
"76240","97745860","88676781"
"76241","97747535","88669888"
"76242","97747539","69499939"
"76243","97747579","58335361"
"76244","97749519","59658880"
"76245","97749519","71489779"
"76246","97749621","58340267"
"76247","97750292","80125111"
"76248","97750292","97753693"
"76249","97750292","69507000"
"76250","97750292","99972390"
"76251","97750292","103080147"
"76252","97750292","58350191"
"76253","97750292","69506640"
"76254","97750292","58141408"
"76255","97750292","97745929"
"76256","97750294","69504808"
"76257","97750294","59665110"
"76258","97750294","86678356"
"76259","97750294","103502435"
"76260","97750294","92254775"
"76261","97750294","103080131"
"76262","97750294","58343807"
"76263","97750294","57820833"
"76264","97750294","104175996"
"76265","97750296","92250167"
"76266","97750296","58341477"
"76267","97750296","57820013"
"76268","97750296","92251933"
"76269","97750296","58140958"
"76270","97750296","64977489"
"76271","97750296","58143017"
"76272","97750296","97752091"
"76273","97750296","61774932"
"76274","97750298","58280793"
"76275","97750298","59211442"
"76276","97750298","58141593"
"76277","97750298","65982945"
"76278","97750298","57823127"
"76279","97750300","103083386"
"76280","97750300","94200183"
"76281","97750300","58341438"
"76282","97750300","72766432"
"76283","97750300","88622123"
"76284","97750300","78892810"
"76285","97750300","58341002"
"76286","97750300","58140339"
"76287","97750300","57829357"
"76288","97750300","69506243"
"76289","97750300","58341545"
"76290","97750300","103335124"
"76291","97750300","58343866"
"76292","97750300","58342107"
"76293","97750300","61686922"
"76294","97750300","103086062"
"76295","97750300","96099309"
"76296","97750303","65985929"
"76297","97750303","78892779"
"76298","97750303","58142890"
"76299","97750303","61774828"
"76300","97750303","71488079"
"76301","97750303","96091368"
"76302","97750303","71483117"
"76303","97750303","57820094"
"76304","97750303","57819772"
"76305","97750303","61681271"
"76306","97750303","59658870"
"76307","97750303","58141231"
"76308","97750303","92446193"
"76309","97750303","71482595"
"76310","97750303","96097486"
"76311","97750335","58343949"
"76312","99971014","57822182"
"76313","99971014","65984869"
"76314","99971034","97747576"
"76315","99971040","86686098"
"76316","99971050","58140252"
"76317","99972693","88674464"
"76318","99972725","58341565"
"76319","99972729","57819455"
"76320","99972769","58335362"
"76321","99974709","58144014"
"76322","99974709","61774919"
"76323","99974811","65802548"
"76324","99975482","96094737"
"76325","99975482","88626798"
"76326","99975482","99976780"
"76327","99975482","58140805"
"76328","99975482","88622310"
"76329","99975482","94195673"
"76330","99975482","58140522"
"76331","99975482","58151761"
"76332","99975482","96099231"
"76333","99975484","92254799"
"76334","99975484","58271920"
"76335","99975484","94201829"
"76336","99975484","69500553"
"76337","99975484","97745860"
"76338","99975484","57819888"
"76339","99975484","57822900"
"76340","99975484","58343938"
"76341","99975484","94201375"
"76342","99975486","58341247"
"76343","99975486","58140898"
"76344","99975486","58140224"
"76345","99975486","64916573"
"76346","99975486","57829378"
"76347","99975486","58143731"
"76348","99975486","65987339"
"76349","99975486","88670914"
"76350","99975486","96094771"
"76351","99975488","88676781"
"76352","99975488","71482707"
"76353","99975488","94195612"
"76354","99975488","58343836"
"76355","99975488","58141367"
"76356","99975490","103081485"
"76357","99975490","58341090"
"76358","99975490","103081847"
"76359","99975490","58341354"
"76360","99975490","88671829"
"76361","99975490","80127633"
"76362","99975490","97745929"
"76363","99975490","65984823"
"76364","99975490","58143445"
"76365","99975490","58350226"
"76366","99975490","94195594"
"76367","99975490","103501774"
"76368","99975490","65984870"
"76369","99975490","97747320"
"76370","99975490","92251894"
"76371","99975490","57820394"
"76372","99975490","103490508"
"76373","99975493","61774934"
"76374","99975493","62955308"
"76375","99975493","58339854"
"76376","99975493","62960250"
"76377","99975493","58138707"
"76378","99975493","103085861"
"76379","99975493","58140652"
"76380","99975493","58342209"
"76381","99975493","103083632"
"76382","99975493","71482653"
"76383","99975493","92444521"
"76384","99975493","57820673"
"76385","99975493","62955267"
"76386","99975493","103335185"
"76387","99975493","61680584"
"76388","99975525","59217732"
"76389","57818367","58344403"
"76390","57818367","61687427"
"76391","57818881","58140461"
"76392","57818881","99972391"
"76393","57818881","97750296"
"76394","57818899","58143157"
"76395","57819029","61768577"
"76396","57819699","71484848"
"76397","57819793","58140197"
"76398","57819793","96096825"
"76399","57819793","80125013"
"76400","57819793","59211565"
"76401","57819793","57821112"
"76402","57819803","69503124"
"76403","57819803","57820480"
"76404","57819823","65802594"
"76405","57819853","65984823"
"76406","57819853","96099274"
"76407","57819853","57820243"
"76408","57819853","96095703"
"76409","57819885","94197291"
"76410","57819885","64910039"
"76411","57819885","58143107"
"76412","57819885","58141336"
"76413","57819885","96097573"
"76414","57819902","80129604"
"76415","57819942","61578839"
"76416","57819942","65982843"
"76417","57819949","99971051"
"76418","57820012","57822901"
"76419","57820052","104170192"
"76420","57820053","97747198"
"76421","57820063","99971119"
"76422","57820281","104177401"
"76423","57820333","58143729"
"76424","57820333","61581869"
"76425","57820338","65804239"
"76426","57820490","58139315"
"76427","57820490","69505212"
"76428","57820497","71487947"
"76429","57820562","92441461"
"76430","57820611","58349622"
"76431","57820716","65801796"
"76432","57820716","94196652"
"76433","57820745","58272340"
"76434","57820767","62955184"
"76435","57820844","92254657"
"76436","57820865","65984863"
"76437","57820976","78888291"
"76438","57820976","78892869"
"76439","57820976","57821592"
"76440","57820976","58140150"
"76441","57821102","61579201"
"76442","57821102","58343977"
"76443","57821102","58143534"
"76444","57821102","57821375"
"76445","57821102","58144014"
"76446","57821107","103087967"
"76447","57821112","104171612"
"76448","57821119","58342342"
"76449","57821119","103335119"
"76450","57821639","62955295"
"76451","57821694","58143730"
"76452","57821695","58143279"
"76453","57821731","97747656"
"76454","57821888","58342002"
"76455","57821945","88669798"
"76456","57821945","103342880"
"76457","57822082","58141344"
"76458","57822209","58143169"
"76459","57822215","92440818"
"76460","57822216","92255950"
"76461","57822687","97753063"
"76462","57822720","104171903"
"76463","57822901","58140224"
"76464","57822901","103490423"
"76465","57822927","57823154"
"76466","57822952","57380899"
"76467","57822952","65797845"
"76468","57822994","104170210"
"76469","57822994","99977268"
"76470","57823005","71482573"
"76471","57823058","96099324"
"76472","57823121","103342035"
"76473","57823131","58141240"
"76474","57823131","57822188"
"76475","57823131","59658793"
"76476","57823131","61578805"
"76477","57823131","97745844"
"76478","57823132","65801922"
"76479","57823137","103490613"
"76480","57823139","92256558"
"76481","57823153","58143439"
"76482","57823154","58151583"
"76483","57823344","58340266"
"76484","57823345","61578839"
"76485","57823443","99972137"
"76486","57823444","67695424"
"76487","57829209","58151569"
"76488","57829347","57821304"
"76489","57829394","59658474"
"76490","57829396","67690697"
"76491","58138652","86679551"
"76492","58138652","69507078"
"76493","58139166","88625653"
"76494","58139166","86685098"
"76495","58139166","62958082"
"76496","58139184","57375400"
"76497","58139314","57829513"
"76498","58139984","61680674"
"76499","58140078","57822720"
"76500","58140078","97747576"
"76501","58140078","62961970"
"76502","58140078","86683054"
"76503","58140078","103493265"
"76504","58140088","57375889"
"76505","58140088","58143733"
"76506","58140108","58349623"
"76507","58140138","65982939"
"76508","58140138","64978023"
"76509","58140138","58349880"
"76510","58140138","99972726"
"76511","58140170","58349649"
"76512","58140170","62955166"
"76513","58140170","92447325"
"76514","58140170","64909684"
"76515","58140170","58344119"
"76516","58140187","103337123"
"76517","58140227","62957154"
"76518","58140227","58349652"
"76519","58140234","94195522"
"76520","58140297","61578715"
"76521","58140337","57829202"
"76522","58140338","61686945"
"76523","58140348","103491843"
"76524","58140566","97751620"
"76525","58140618","62955304"
"76526","58140618","58151555"
"76527","58140623","57819912"
"76528","58140775","58140615"
"76529","58140775","59669496"
"76530","58140782","103336840"
"76531","58140847","61682045"
"76532","58140896","80124970"
"76533","58141001","62955172"
"76534","58141001","57377284"
"76535","58141030","58143133"
"76536","58141052","94195584"
"76537","58141129","65797406"
"76538","58141150","94198152"
"76539","58141261","58343500"
"76540","58141261","103341336"
"76541","58141261","57829180"
"76542","58141261","57821610"
"76543","58141387","78888209"
"76544","58141387","69500042"
"76545","58141387","64913594"
"76546","58141387","58344304"
"76547","58141387","96089123"
"76548","58141392","64977575"
"76549","58141397","57819972"
"76550","58141404","99977868"
"76551","58141404","103494809"
"76552","58141924","67695591"
"76553","58141979","104170259"
"76554","58141980","58143188"
"76555","58142016","103080144"
"76556","58142173","88674349"
"76557","58142230","65984821"
"76558","58142230","61769171"
"76559","58142367","65797272"
"76560","58142494","69505310"
"76561","58142500","58341461"
"76562","58142501","64914785"
"76563","58142972","57820071"
"76564","58143005","97750460"
"76565","58143186","96092077"
"76566","58143186","58140113"
"76567","58143212","99972729"
"76568","58143237","62955170"
"76569","58143237","65797402"
"76570","58143279","59658465"
"76571","58143279","96092986"
"76572","58143290","58344093"
"76573","58143343","80127907"
"76574","58143406","96096440"
"76575","58143416","86678405"
"76576","58143416","65801734"
"76577","58143416","61579294"
"76578","58143416","57829172"
"76579","58143416","80121707"
"76580","58143417","64983138"
"76581","58143422","96091572"
"76582","58143424","97751573"
"76583","58143438","96097468"
"76584","58143439","58341324"
"76585","58143629","103336917"
"76586","58143630","92441617"
"76587","58143728","59211944"
"76588","58143729","86682898"
"76589","58151584","62959494"
"76590","58151722","58143404"
"76591","58151769","57822721"
"76592","58151771","103492217"
"76593","58339786","62955685"
"76594","58340170","97749167"
"76595","58340170","57818778"
"76596","58340170","71487943"
"76597","58340198","59211469"
"76598","58340266","69504808"
"76599","58340862","97751595"
"76600","58340862","58141877"
"76601","58340862","99977282"
"76602","58340862","80123878"
"76603","58340862","67690794"
"76604","58340862","80125881"
"76605","58340872","57829191"
"76606","58340872","59212013"
"76607","58340892","92256676"
"76608","58340920","58341575"
"76609","58340920","59668670"
"76610","58340920","57823381"
"76611","58340920","58140448"
"76612","58340953","59658474"
"76613","58340953","99977478"
"76614","58340953","57821433"
"76615","58340953","58139291"
"76616","58340953","58151583"
"76617","58340953","103084574"
"76618","58340970","104171612"
"76619","58341009","58341006"
"76620","58341009","59212037"
"76621","58341016","58140782"
"76622","58341076","58143408"
"76623","58341126","62955273"
"76624","58341127","59212013"
"76625","58341137","58142293"
"76626","58341352","57375403"
"76627","58341555","92447381"
"76628","58341555","58151588"
"76629","58341562","92251634"
"76630","58341656","65802438"
"76631","58341813","103335191"
"76632","58342022","58141689"
"76633","58342022","103080121"
"76634","58342022","61775319"
"76635","58342022","57823007"
"76636","58342141","64910555"
"76637","58342141","57820372"
"76638","58342141","67695421"
"76639","58342141","64909944"
"76640","58342141","88623783"
"76641","58342141","58341361"
"76642","58342146","92250116"
"76643","58342151","103502183"
"76644","58342158","103503448"
"76645","58342158","86682205"
"76646","58342660","57821103"
"76647","58342723","58141980"
"76648","58342724","99975596"
"76649","58343215","58141543"
"76650","58343221","58140338"
"76651","58343222","92441681"
"76652","58343690","58141539"
"76653","58343719","58143422"
"76654","58343882","104170220"
"76655","58343882","61687032"
"76656","58343928","92258051"
"76657","58343928","59216469"
"76658","58343966","58342447"
"76659","58343966","103503476"
"76660","58343977","103081485"
"76661","58344023","58141981"
"76662","58344082","65986885"
"76663","58344092","57822023"
"76664","58344092","80122682"
"76665","58344092","58151591"
"76666","58344092","92250240"
"76667","58344092","86678534"
"76668","58344092","58139310"
"76669","58344092","57821881"
"76670","58344093","103503387"
"76671","58344098","58340189"
"76672","58344100","65987355"
"76673","58344113","92440939"
"76674","58344114","96091368"
"76675","58344304","92254689"
"76676","58344305","57829193"
"76677","58344403","57819842"
"76678","58344404","57829209"
"76679","58349651","57821314"
"76680","58350161","58344118"
"76681","58350208","58151578"
"76682","58350210","67690229"
"76683","96094732","57823131"
"76684","97750333","88626865"
"76685","99975523","58342278"
"76686","103081803","94200084"
"76687","103081805","103502353"
"76688","103081805","104173963"
"76689","103081805","61684735"
"76690","103336873","59669610"
"76691","103336875","57822170"
"76692","103336875","64913594"
"76693","103336875","88669855"
"76694","103492172","103081228"
"76695","103492174","64977565"
"76696","103492174","65797284"
"76697","103492174","67690307"
"76698","104171947","58344206"
"76699","104171949","59667509"
"76700","104171949","58339788"
"76701","104171949","104177837"
"76702","57378044","78892810"
"76703","57378045","88625024"
"76704","57378046","69506240"
"76705","57378046","57829186"
"76706","57820884","58141222"
"76707","57822482","59669596"
"76708","58141169","96093504"
"76709","58142767","65797281"
"76710","58281555","62955269"
"76711","58281556","57822083"
"76712","58281557","58140711"
"76713","58281557","92256349"
"76714","58281557","64915786"
"76715","58343490","97747661"
"76716","59214205","61681991"
"76717","59214206","57821866"
"76718","59214207","88669813"
"76719","59214207","64977418"
"76720","59214207","58142236"
"76721","59667497","58140461"
"76722","59667498","58151554"
"76723","59667499","58343223"
"76724","59667499","58151576"
"76725","59667499","58138980"
"76726","61581844","61773746"
"76727","61581845","58334505"
"76728","61581846","59659886"
"76729","61581846","104177160"
"76730","61581846","103080054"
"76731","61686656","78888300"
"76732","61686657","57821208"
"76733","61686658","104174743"
"76734","61686658","57819812"
"76735","61686658","58140125"
"76736","61774549","58143006"
"76737","61774550","78888256"
"76738","61774551","58341993"
"76739","61774551","78894092"
"76740","61774551","97745824"
"76741","62957957","88622208"
"76742","62957958","58272251"
"76743","62957959","58141743"
"76744","62957959","58272433"
"76745","62957959","61680673"
"76746","64912780","71488103"
"76747","64912781","58143627"
"76748","64912782","61773768"
"76749","64912782","103336198"
"76750","64912782","103081259"
"76751","64980509","58139409"
"76752","64980510","86678420"
"76753","64980511","69505225"
"76754","64980511","78895199"
"76755","64980511","58143115"
"76756","65800211","97747519"
"76757","65800212","58343882"
"76758","65800213","99975622"
"76759","65800213","58343067"
"76760","65800213","57821322"
"76761","65985684","97750404"
"76762","65985685","92250161"
"76763","65985686","65987131"
"76764","65985686","58143186"
"76765","65985686","104170263"
"76766","67693322","59665193"
"76767","67693323","58271873"
"76768","67693324","57829214"
"76769","67693324","58334504"
"76770","67693324","88624416"
"76771","69503110","99972170"
"76772","69503111","99972709"
"76773","69503112","65797392"
"76774","69503112","58344098"
"76775","69503112","58349651"
"76776","71485791","59215623"
"76777","71485792","58143666"
"76778","71485793","58349658"
"76779","71485793","59660220"
"76780","71485793","61768302"
"76781","78890006","71488220"
"76782","78890007","104176035"
"76783","78890008","57829362"
"76784","78890008","58336222"
"76785","78890008","97745861"
"76786","80127872","57375508"
"76787","80127872","78888362"
"76788","80127872","86678401"
"76789","80127873","103335189"
"76790","80127874","92442667"
"76791","86680135","80129589"
"76792","86680136","61687493"
"76793","86680137","58141261"
"76794","86680137","58141459"
"76795","86680137","97748967"
"76796","88625066","64916608"
"76797","88625066","92251929"
"76798","88625066","92447318"
"76799","88625067","57829200"
"76800","88625068","71487892"
"76801","88671589","96099279"
"76802","88671590","61680331"
"76803","88671591","58341589"
"76804","88671591","58349647"
"76805","88671591","64915029"
"76806","92251885","57820237"
"76807","92251886","67692363"
"76808","92251887","94200080"
"76809","92251887","65985809"
"76810","92251887","57819819"
"76811","92445610","58349643"
"76812","92445610","61773743"
"76813","92445610","104173956"
"76814","92445611","78894045"
"76815","92445612","64980511"
"76816","94197317","58143015"
"76817","94197318","64915127"
"76818","94197319","67690313"
"76819","94197319","57375505"
"76820","94197319","58143540"
"76821","96097475","86678490"
"76822","96097560","58141359"
"76823","96097560","65987702"
"76824","96097560","86681229"
"76825","96097560","58141660"
"76826","96097560","94195542"
"76827","96097560","71482695"
"76828","96097560","61686980"
"76829","96097560","58340748"
"76830","96097560","57822941"
"76831","96097560","58342008"
"76832","96097560","86680140"
"76833","96097560","58343768"
"76834","96097560","94197289"
"76835","96097560","65797393"
"76836","96097560","88625066"
"76837","96097560","58350186"
"76838","96097560","88675674"
"76839","96097560","57819456"
"76840","96097560","88671407"
"76841","96097560","58341585"
"76842","96097560","59212013"
"76843","96097560","65797359"
"76844","96097560","58140228"
"76845","96097560","58151753"
"76846","96097560","58340970"
"76847","96097560","64915851"
"76848","96097560","64977544"
"76849","96097560","97747506"
"76850","96097561","65987939"
"76851","96097567","80127867"
"76852","96097569","65797359"
"76853","96097571","59665071"
"76854","96097571","57819798"
"76855","96097576","80127830"
"76856","96097577","103080049"
"76857","96097579","58151732"
"76858","96097580","103337113"
"76859","96097581","103492221"
"76860","96097581","58143407"
"76861","96097583","61771741"
"76862","96097585","62955680"
"76863","97747483","97747486"
"76864","97747485","92447346"
"76865","97747485","80123794"
"76866","97747486","103494810"
"76867","97747487","64910524"
"76868","97747489","71487907"
"76869","97747490","78888308"
"76870","97747495","104177137"
"76871","97747495","58334484"
"76872","97747497","103085818"
"76873","97747499","88625065"
"76874","97747505","58342114"
"76875","97747506","58151564"
"76876","97747506","57819942"
"76877","97747506","58141364"
"76878","97747506","97747489"
"76879","97747506","58141461"
"76880","97747506","64977418"
"76881","97747506","61774961"
"76882","97747506","64911963"
"76883","97747506","58151721"
"76884","97747506","61584536"
"76885","97747506","69505227"
"76886","97747506","61578691"
"76887","97747506","65803331"
"76888","97747506","58140662"
"76889","97747506","61769174"
"76890","97747506","58140348"
"76891","97747506","103335217"
"76892","97747506","61774551"
"76893","97747506","97745775"
"76894","97747506","104173899"
"76895","97747506","69505819"
"76896","97747506","104170285"
"76897","97747506","58151555"
"76898","97747506","99972687"
"76899","97747506","57821076"
"76900","97747506","57821081"
"76901","97747506","103081804"
"76902","97747506","71488165"
"76903","97747591","96099248"
"76904","99972673","57819958"
"76905","99972675","92252929"
"76906","99972675","103494613"
"76907","99972676","58341834"
"76908","99972677","103080095"
"76909","99972679","99976781"
"76910","99972680","58341830"
"76911","99972685","61768492"
"76912","99972685","58142485"
"76913","99972687","57819842"
"76914","99972689","103495472"
"76915","99972695","57820709"
"76916","99972696","103491507"
"76917","99972696","58341088"
"76918","99972696","57822952"
"76919","99972696","86684857"
"76920","99972696","61768564"
"76921","99972696","58341544"
"76922","99972696","65797406"
"76923","99972696","86680138"
"76924","99972696","103080137"
"76925","99972696","94197289"
"76926","99972696","57820012"
"76927","99972696","67690229"
"76928","99972696","88671632"
"76929","99972696","58143728"
"76930","99972696","65985685"
"76931","99972696","58341984"
"76932","99972696","103336660"
"76933","99972696","58344113"
"76934","99972696","57823729"
"76935","99972696","103080132"
"76936","99972696","65983450"
"76937","99972696","58151573"
"76938","99972696","58139133"
"76939","99972696","78896030"
"76940","99972696","57821326"
"76941","99972696","57829188"
"76942","99972696","57829201"
"76943","99972696","92447358"
"76944","99972781","57819803"
"76945","57820390","58342723"
"76946","58140675","99977514"
"76947","58341459","99975603"
"76948","96095831","58140309"
"76949","96095831","88671592"
"76950","96095831","99972390"
"76951","96099168","96097560"
"76952","96099168","104171617"
"76953","96099168","69505226"
"76954","96099168","94201390"
"76955","96099168","92250144"
"76956","96099168","92251857"
"76957","96099168","88618899"
"76958","96099168","88626781"
"76959","96099168","92447318"
"76960","96099168","57821881"
"76961","96099168","58350213"
"76962","96099168","58341037"
"76963","96099168","58342352"
"76964","96099168","97747501"
"76965","96099168","97747377"
"76966","96099168","58339773"
"76967","96099168","64915851"
"76968","96099168","58143116"
"76969","96099168","57822484"
"76970","96099168","58341813"
"76971","96099168","64977457"
"76972","96099168","58343936"
"76973","96099168","58349637"
"76974","96099168","99971033"
"76975","96099168","57819520"
"76976","96099168","57819029"
"76977","96099168","57819496"
"76978","96099168","58141593"
"76979","96099168","88673577"
"76980","96099168","58349640"
"76981","96099168","57820065"
"76982","96099168","58141397"
"76983","96099168","103494583"
"76984","96099168","71488934"
"76985","96099168","57818633"
"76986","96099168","58342062"
"76987","96099168","65982933"
"76988","96099168","86679886"
"76989","96099168","69505293"
"76990","96099168","58142942"
"76991","96099168","86686153"
"76992","96099168","58349633"
"76993","96099168","58344026"
"76994","96099168","103336841"
"76995","96099168","69504150"
"76996","96099168","78888280"
"76997","96099168","65988031"
"76998","96099168","58151565"
"76999","96099168","104170355"
"77000","96099168","103335270"
"77001","96099168","58341240"
"77002","96099168","58140586"
"77003","96099168","57822485"
"77004","96099168","57822622"
"77005","96099168","88669875"
"77006","96099168","57820289"
"77007","96099168","86682937"
"77008","96099168","58140379"
"77009","96099168","65802304"
"77010","96099168","57821961"
"77011","96099168","57821900"
"77012","96099168","67694884"
"77013","96099168","57829184"
"77014","96099168","96093513"
"77015","96099168","61680582"
"77016","97745939","88674355"
"77017","97745939","57820304"
"77018","97745939","57820167"
"77019","97745939","86685592"
"77020","97745939","88626837"
"77021","97745939","94202925"
"77022","97745939","58140220"
"77023","97745939","58342403"
"77024","97745939","94200179"
"77025","97745939","62955184"
"77026","97745939","61578704"
"77027","97745939","57821108"
"77028","97745939","58141465"
"77029","97745939","94199186"
"77030","97745939","88671633"
"77031","97745939","96099234"
"77032","97745939","64909953"
"77033","97745939","57375515"
"77034","97745939","58341312"
"77035","97745939","96097490"
"77036","97745939","99971058"
"77037","97745939","92447408"
"77038","97745939","58342158"
"77039","97745939","57820612"
"77040","97745939","61774836"
"77041","97745939","58344206"
"77042","97745939","99971066"
"77043","97745939","103081775"
"77044","97745939","99972676"
"77045","97745939","88622308"
"77046","97745939","88622206"
"77047","97745939","59667498"
"77048","97745939","58342269"
"77049","97745939","58142069"
"77050","97745939","58140676"
"77051","97745939","97747487"
"77052","97745939","64912890"
"77053","97745939","86678411"
"77054","97745939","94197288"
"77055","97745939","78891050"
"77056","97745939","92251886"
"77057","97745939","58141408"
"77058","97745939","80129575"
"77059","97745939","61578809"
"77060","97745939","103084604"
"77061","97745939","86680136"
"77062","97745939","97747483"
"77063","97745939","61774574"
"77064","97745939","58271819"
"77065","97745939","58342221"
"77066","97745939","97745864"
"77067","97745939","58141253"
"77068","97745939","58349637"
"77069","97745939","59214206"
"77070","97745939","99974761"
"77071","97745939","57829321"
"77072","97745939","78894603"
"77073","97745939","58342236"
"77074","97745939","67690792"
"77075","97745939","58141387"
"77076","97745939","86684224"
"77077","97745939","92252605"
"77078","97745939","86683261"
"77079","97745939","62955175"
"77080","97745939","99971038"
"77081","97749234","58340024"
"77082","97749234","61578817"
"77083","97749234","99971050"
"77084","99971129","57375501"
"77085","99971129","92447388"
"77086","99971129","65797371"
"77087","99971129","99972679"
"77088","99971129","57375894"
"77089","99971129","58341981"
"77090","99971129","58143112"
"77091","99971129","103335174"
"77092","99971129","58140274"
"77093","99971129","96097482"
"77094","99971129","103490418"
"77095","99971129","58340872"
"77096","99971129","58341599"
"77097","99971129","92444521"
"77098","99971129","58139022"
"77099","99971129","86679551"
"77100","99971129","80127872"
"77101","99971129","104176915"
"77102","99971129","64914911"
"77103","99971129","65983448"
"77104","99971129","92447338"
"77105","99971129","59665197"
"77106","99971129","57829377"
"77107","99971129","65804239"
"77108","99971129","94195617"
"77109","99971129","103503444"
"77110","99971129","94201380"
"77111","99971129","57818695"
"77112","99971129","59211465"
"77113","99971129","58151582"
"77114","99971129","99971018"
"77115","99971129","61686658"
"77116","99971129","103335270"
"77117","99971129","61687520"
"77118","99971129","92444874"
"77119","99971129","67693458"
"77120","99971129","57819574"
"77121","99971129","103340962"
"77122","99971129","99972688"
"77123","99971129","61687023"
"77124","99971129","96092934"
"77125","99971129","58141364"
"77126","99971129","94201398"
"77127","99971129","58343928"
"77128","99971129","99976781"
"77129","99971129","57820782"
"77130","99971129","57819080"
"77131","99971129","58341137"
"77132","99971129","58151554"
"77133","99971129","103492173"
"77134","99971129","69500064"
"77135","99971129","59216213"
"77136","99971129","103336874"
"77137","99971129","67692387"
"77138","99971129","94197324"
"77139","99971129","99977281"
"77140","99971129","103335211"
"77141","99971129","96094672"
"77142","99971129","99972540"
"77143","99971129","58151556"
"77144","99971129","104170253"
"77145","99971129","58141720"
"77146","99971129","58344114"
"77147","99971129","58342146"
"77148","99971129","58141265"
"77149","99974424","62955213"
"77150","99974424","59658834"
"77151","99974424","92250155"
"77152","96091631","58271859"
"77153","97753430","97745840"
"77154","99978620","57819775"
"77155","96092891","58340291"
"77156","96094674","59658832"
"77157","96097471","58341127"
"77158","96097493","58138980"
"77159","97747573","58143216"
"77160","97747595","86684929"
"77161","97752173","65985686"
"77162","99972763","86678394"
"77163","99972785","80129610"
"77164","99977363","94197319"
"77165","57821061","92258051"
"77166","57821061","103080095"
"77167","58141346","57829352"
"77168","58141346","58342014"
"77169","58342100","96093468"
"77170","58342100","61687057"
"77171","57820323","88675675"
"77172","57820323","80125550"
"77173","57820323","99976797"
"77174","57822396","59658589"
"77175","57822397","58140699"
"77176","58140608","94195614"
"77177","58140608","58343908"
"77178","58140608","57375956"
"77179","58142681","61585082"
"77180","58142682","57821103"
"77181","58341394","57822182"
"77182","58341394","58342014"
"77183","57822229","69502652"
"77184","58142514","61581024"
"77185","58343235","97749625"
"77186","96097459","58341562"
"77187","96097532","58349655"
"77188","96097532","58138700"
"77189","96097532","96099302"
"77190","96097534","57822848"
"77191","97747532","57823081"
"77192","97747534","78890254"
"77193","97747534","57819972"
"77194","97747534","58151591"
"77195","97747607","78890015"
"77196","99972722","78888256"
"77197","99972724","59665071"
"77198","99972724","58140422"
"77199","99972724","88623264"
"77200","99972797","94203254"
"77201","57822535","78894201"
"77202","58142820","65982933"
"77203","58343539","92447313"
"77204","57822823","67690193"
"77205","58143108","71488103"
"77206","58343813","96097562"
"77207","57820970","61686927"
"77208","58141255","64980518"
"77209","58342016","69500827"
"77210","103087244","67690727"
"77211","103087247","58140187"
"77212","103087700","57822605"
"77213","103342314","65983353"
"77214","103342317","58140455"
"77215","103342770","96092959"
"77216","103501807","58143630"
"77217","103501926","88620350"
"77218","103501929","57820003"
"77219","104177388","58349625"
"77220","104177391","92445611"
"77221","104177844","57820251"
"77222","57820600","92445645"
"77223","58140885","57819866"
"77224","58341645","99971023"
"77225","59216446","58151574"
"77226","59216447","58140763"
"77227","59669753","64909961"
"77228","59669754","58341009"
"77229","61584829","103341514"
"77230","61584830","61773789"
"77231","61680636","57829196"
"77232","61680637","57819886"
"77233","61680638","71483224"
"77234","61768540","92254777"
"77235","61768541","86682157"
"77236","61768542","92251887"
"77237","62960466","97750413"
"77238","62960467","71489880"
"77239","62960468","96093538"
"77240","64915084","59211578"
"77241","64915085","58140227"
"77242","64915086","65801032"
"77243","64983395","57820333"
"77244","64983396","58141589"
"77245","65802544","69499991"
"77246","65802545","71487894"
"77247","65802546","104170190"
"77248","65987993","62955294"
"77249","65987994","58140117"
"77250","65987995","57820293"
"77251","67695679","97747505"
"77252","67695680","78891818"
"77253","67695681","103336917"
"77254","69505485","57821174"
"77255","69505486","57818409"
"77256","69505487","58143366"
"77257","71488167","65804215"
"77258","71488168","67690311"
"77259","71488169","103082072"
"77260","78895451","103335281"
"77261","78895454","92254772"
"77262","78895909","99974531"
"77263","80121971","97750328"
"77264","80122426","58139766"
"77265","80122429","58341717"
"77266","86685579","59211513"
"77267","86685582","103492181"
"77268","86686037","99975624"
"77269","88619166","64916672"
"77270","88619621","57820844"
"77271","88619624","58340888"
"77272","88677033","99978327"
"77273","88677036","64911955"
"77274","88677491","57819867"
"77275","92257329","104170263"
"77276","92257332","58141700"
"77277","92257787","61586158"
"77278","92439710","59216191"
"77279","92440165","88626818"
"77280","92440168","59214215"
"77281","94202761","92258052"
"77282","94202764","97748625"
"77283","94203219","57829199"
"77284","96091632","61774923"
"77285","96092087","58143142"
"77286","96092090","86678523"
"77287","96097463","58143290"
"77288","97747603","103083348"
"77289","97752973","64910553"
"77290","97752976","57822045"
"77291","97753429","78894069"
"77292","99972793","104170248"
"77293","99978163","88621942"
"77294","99978166","96097440"
"77295","99978619","61769875"
"77296","57820708","59659937"
"77297","58140993","58341261"
"77298","58341117","99975648"
"77299","57819792","69505819"
"77300","57819931","58341545"
"77301","58140077","104174806"
"77302","58140216","58138980"
"77303","58340861","61768299"
"77304","58340998","57829208"
"77305","57822554","65797393"
"77306","58142839","57820520"
"77307","57818762","64977544"
"77308","57818762","96099283"
"77309","57819005","57821464"
"77310","57819814","58140149"
"77311","57819862","58343720"
"77312","57819907","57820680"
"77313","57819924","88674350"
"77314","57819924","86678359"
"77315","57819924","58349639"
"77316","57819924","96099234"
"77317","57819932","57821695"
"77318","57819932","61686933"
"77319","57819932","58341364"
"77320","57819932","103341668"
"77321","57819932","57375406"
"77322","57819932","103084571"
"77323","57819952","97748623"
"77324","57819999","59658557"
"77325","57820044","58140099"
"77326","57820316","57820482"
"77327","57820389","58342462"
"77328","57820389","58143077"
"77329","57820404","80122798"
"77330","57820404","99972988"
"77331","57820404","94202509"
"77332","57820404","58340138"
"77333","57820942","96097866"
"77334","57820969","80129610"
"77335","57821070","57818811"
"77336","57821096","58343906"
"77337","57821116","58340994"
"77338","57821761","61686973"
"77339","57821923","94200177"
"77340","57821988","58341984"
"77341","57821989","78895202"
"77342","57822007","86679886"
"77343","57822147","58342214"
"77344","57822359","97753529"
"77345","57822361","67694884"
"77346","57822465","58140775"
"77347","57822527","64913594"
"77348","57822529","58343936"
"77349","57822553","96097547"
"77350","57822570","58343853"
"77351","57822581","96097407"
"77352","57822587","57829540"
"77353","57822598","80122278"
"77354","57822616","57821362"
"77355","57822679","86680104"
"77356","57822679","65797749"
"77357","57822689","58139145"
"77358","57822854","103495802"
"77359","57822854","58141624"
"77360","57822854","103494810"
"77361","57822854","57823160"
"77362","57822877","65797405"
"77363","57822878","69503112"
"77364","57823016","57818849"
"77365","57823017","65987740"
"77366","58139047","57822465"
"77367","58139047","57819864"
"77368","58139290","96093372"
"77369","58140099","88620977"
"77370","58140147","58341126"
"77371","58140192","64914846"
"77372","58140209","94202925"
"77373","58140209","57820833"
"77374","58140209","57822598"
"77375","58140209","58342161"
"77376","58140217","94199122"
"77377","58140217","61581027"
"77378","58140217","57829211"
"77379","58140217","57820403"
"77380","58140217","94201372"
"77381","58140217","58271822"
"77382","58140237","97747203"
"77383","58140284","94201376"
"77384","58140329","71482613"
"77385","58140601","58140896"
"77386","58140674","78894100"
"77387","58140674","57829178"
"77388","58140689","58335361"
"77389","58140689","97752092"
"77390","58140689","62960420"
"77391","58140689","57375547"
"77392","58141227","97745827"
"77393","58141254","58151577"
"77394","58141355","57821324"
"77395","58141381","103490513"
"77396","58141401","57819952"
"77397","58142046","57819792"
"77398","58142208","65987760"
"77399","58142273","58340863"
"77400","58142274","71487510"
"77401","58142292","103502406"
"77402","58142432","58349645"
"77403","58142644","92253652"
"77404","58142646","71484861"
"77405","58142750","88622296"
"77406","58142812","88669876"
"77407","58142814","94203483"
"77408","58142838","58141219"
"77409","58142855","58349620"
"77410","58142866","62959246"
"77411","58142872","58343863"
"77412","58142883","58151888"
"77413","58142901","96094765"
"77414","58142964","57819798"
"77415","58142964","103342744"
"77416","58142974","88622266"
"77417","58143139","88620977"
"77418","58143139","65796995"
"77419","58143139","57822657"
"77420","58143139","57820844"
"77421","58143162","65797245"
"77422","58143163","67690263"
"77423","58143301","88619876"
"77424","58143302","58142866"
"77425","58340229","58141129"
"77426","58340883","58151575"
"77427","58340929","80121403"
"77428","58340975","99972692"
"77429","58340992","58140119"
"77430","58340992","61774949"
"77431","58340992","88672366"
"77432","58340992","57821096"
"77433","58340999","92445640"
"77434","58340999","57820599"
"77435","58340999","104173815"
"77436","58340999","80129670"
"77437","58340999","58340981"
"77438","58340999","61578712"
"77439","58340999","58340979"
"77440","58341019","96097472"
"77441","58341063","61774825"
"77442","58341107","58138980"
"77443","58341109","57822994"
"77444","58341119","61771538"
"77445","58341458","96093538"
"77446","58341458","67690193"
"77447","58341473","104171954"
"77448","58341473","88626809"
"77449","58341473","61768272"
"77450","58341473","57380053"
"77451","58341989","97752312"
"77452","58342015","58140711"
"77453","58342109","97751724"
"77454","58342135","88621073"
"77455","58342155","57821268"
"77456","58343036","58141404"
"77457","58343359","58341657"
"77458","58343361","58344118"
"77459","58343535","71482742"
"77460","58343588","88626713"
"77461","58343605","64911971"
"77462","58343623","57829201"
"77463","58343682","58344100"
"77464","58343682","58140147"
"77465","58343692","104170344"
"77466","58343842","58343862"
"77467","58343842","57829179"
"77468","58343842","78889965"
"77469","58343842","58140450"
"77470","58343862","57820413"
"77471","58343863","58143139"
"77472","58343988","58341109"
"77473","58343989","92254654"
"77474","103081870","64978021"
"77475","103336940","58341656"
"77476","103492239","57819967"
"77477","104172014","69503111"
"77478","57819884","96099171"
"77479","58140169","58140168"
"77480","58272258","96091571"
"77481","58340952","103335118"
"77482","59211860","103087418"
"77483","59659713","58141662"
"77484","61579110","92253652"
"77485","61687328","80123784"
"77486","61775220","65797281"
"77487","62955571","62960163"
"77488","64910345","57820291"
"77489","64977837","58343605"
"77490","65797665","58140171"
"77491","65983240","61771446"
"77492","67690611","61687023"
"77493","69500365","103081846"
"77494","71483030","58142543"
"77495","78890073","88669843"
"77496","80127807","59658562"
"77497","86680202","57821332"
"77498","88625001","58151589"
"77499","88671656","57820287"
"77500","92251952","58139134"
"77501","92445545","104174849"
"77502","94197384","58335364"
"77503","103081874","58141222"
"77504","103336944","67692380"
"77505","103492243","96097569"
"77506","104172018","80128107"
"77507","58272262","58341646"
"77508","59211864","62957154"
"77509","59659722","61768297"
"77510","61579114","103086992"
"77511","61687332","61584657"
"77512","61775224","61578838"
"77513","62955575","92445653"
"77514","64910349","58140656"
"77515","64977841","96097577"
"77516","65797669","65987997"
"77517","65983244","61583831"
"77518","67690615","57820052"
"77519","69500369","92250085"
"77520","71483034","58142185"
"77521","78890077","58349628"
"77522","80127803","88622303"
"77523","86680206","103080076"
"77524","88624997","58344084"
"77525","88671660","99972388"
"77526","92251956","59213399"
"77527","92445541","69503135"
"77528","94197388","103490438"
"77529","57820296","59215507"
"77530","57820296","58142692"
"77531","57822995","57821116"
"77532","58140581","57821997"
"77533","58140581","103083240"
"77534","58143280","58141853"
"77535","58341367","58151559"
"77536","58341367","92252662"
"77537","58343967","71483222"
"77538","57819785","65797245"
"77539","57819785","58340952"
"77540","57819785","103336641"
"77541","57819785","57829372"
"77542","58140070","58341362"
"77543","58140070","64913976"
"77544","58140070","57819924"
"77545","58140070","94196642"
"77546","58340855","61681269"
"77547","58340855","61578748"
"77548","58340855","99975484"
"77549","58340855","61775412"
"77550","57822532","58142901"
"77551","57822532","71483150"
"77552","58142817","57823016"
"77553","58142817","57829206"
"77554","58343536","58143288"
"77555","58343536","57821073"
"77556","57818777","104170265"
"77557","57818777","99974789"
"77558","57818777","97746951"
"77559","57820610","58141624"
"77560","57821679","64983092"
"77561","57822327","58142335"
"77562","57822328","58140337"
"77563","58139062","103336847"
"77564","58139062","62955772"
"77565","58139062","61681270"
"77566","58140895","58140884"
"77567","58141964","99974709"
"77568","58142612","57820767"
"77569","58142613","61768492"
"77570","58341655","99971014"
"77571","58342708","58142516"
"77572","58343327","103494155"
"77573","58343328","57821794"
"77574","96097467","97747806"
"77575","97747599","57820613"
"77576","99972789","58151574"
"77577","103081878","58140298"
"77578","103336948","57822905"
"77579","103492247","71482738"
"77580","104172022","71484855"
"77581","57820062","92447213"
"77582","58140347","58341209"
"77583","58272266","69505819"
"77584","58341136","58151581"
"77585","59211868","88669944"
"77586","59659731","57819888"
"77587","61579118","64910524"
"77588","61687336","58343990"
"77589","61775228","65797317"
"77590","62955579","58344113"
"77591","64910353","92440818"
"77592","64977845","57820338"
"77593","65797673","58143245"
"77594","65983248","103084676"
"77595","67690619","58340960"
"77596","69500373","88675667"
"77597","71483038","58151564"
"77598","78890081","61680393"
"77599","80127799","59660945"
"77600","86680210","78890008"
"77601","88624993","62957959"
"77602","88671664","96099329"
"77603","92251960","57829207"
"77604","92445537","65799255"
"77605","94197392","104174748"
"77606","57821101","58342464"
"77607","57821101","57822050"
"77608","58141386","58271828"
"77609","58141386","57821433"
"77610","58342140","69499910"
"77611","58342140","57823132"
"77612","57821085","58140579"
"77613","57821085","65801032"
"77614","57821085","97750406"
"77615","57821085","96092815"
"77616","57821747","58143301"
"77617","58141370","58140585"
"77618","58141370","57375440"
"77619","58141370","78896867"
"77620","58141370","57823342"
"77621","58142032","58342148"
"77622","58342124","86684601"
"77623","58342124","59216145"
"77624","58342124","58340960"
"77625","58342124","57819794"
"77626","57820318","92440265"
"77627","57820322","58340870"
"77628","57820940","58343222"
"77629","58140603","64912782"
"77630","58140607","57822927"
"77631","58141225","67690354"
"77632","58341393","103341965"
"77633","58341987","58151579"
"77634","57820609","58343842"
"77635","57821678","61774828"
"77636","58140894","88626713"
"77637","58141963","103336917"
"77638","58341654","64915029"
"77639","58342707","58140682"
"77640","57819877","57829194"
"77641","57819877","104178108"
"77642","57819877","57822529"
"77643","57819877","57818849"
"77644","57819877","99974524"
"77645","58140162","61687045"
"77646","58140162","71487909"
"77647","58140162","65797281"
"77648","58140162","103502465"
"77649","58140162","57818716"
"77650","58340946","57829211"
"77651","58340946","58342144"
"77652","58340946","78890013"
"77653","58340946","58349627"
"77654","58340946","59212037"
"77655","57820280","88669946"
"77656","57820280","58143301"
"77657","57820280","58343935"
"77658","57820337","58139182"
"77659","57822959","92445659"
"77660","57823116","58139001"
"77661","57823116","57375405"
"77662","57823116","59667522"
"77663","57823116","58340992"
"77664","57823116","86678339"
"77665","57823116","58142681"
"77666","57823141","58142137"
"77667","58140565","58342142"
"77668","58140565","58281557"
"77669","58140565","67690220"
"77670","58140622","58140119"
"77671","58143244","78894024"
"77672","58143401","67693458"
"77673","58143401","64977544"
"77674","58143401","58349648"
"77675","58143401","99972141"
"77676","58143401","57818670"
"77677","58143401","103336540"
"77678","58143426","97746951"
"77679","58341351","58142768"
"77680","58341351","58340906"
"77681","58341351","103085609"
"77682","58343935","57822721"
"77683","58344077","58341019"
"77684","58344077","103490468"
"77685","58344077","58140678"
"77686","58344077","80129582"
"77687","58344077","59670359"
"77688","58344077","58140767"
"77689","58344077","64979749"
"77690","58344102","57822598"
"77691","57821483","61768270"
"77692","58141768","97754490"
"77693","57822017","92251857"
"77694","58142302","58141643"
"77695","58343046","58142173"
"77696","57821095","61578718"
"77697","58141380","104174269"
"77698","58342134","104171866"
"77699","103081858","58151575"
"77700","103336928","62959817"
"77701","103492227","57821696"
"77702","104172002","103490569"
"77703","57820235","58140520"
"77704","57820235","57819939"
"77705","57820364","58140058"
"77706","57820364","97753430"
"77707","57820364","57819886"
"77708","57820364","69502182"
"77709","57820364","65797303"
"77710","57821812","88623301"
"77711","57821812","58143245"
"77712","57822793","103503356"
"77713","58140520","86678417"
"77714","58140520","69502190"
"77715","58140649","58343021"
"77716","58140649","78888227"
"77717","58140649","57823017"
"77718","58140649","96097585"
"77719","58140649","58341314"
"77720","58142097","88624637"
"77721","58142097","96097583"
"77722","58143078","57829196"
"77723","58341306","88669813"
"77724","58341306","78889965"
"77725","58341433","57819949"
"77726","58341433","99970973"
"77727","58341433","64977554"
"77728","58341433","92441148"
"77729","58341433","58140574"
"77730","58341433","61581845"
"77731","58342841","61579093"
"77732","64910333","99971671"
"77733","65797653","96093443"
"77734","67690599","57821447"
"77735","69500353","58140673"
"77736","71483018","61680586"
"77737","78890061","57819124"
"77738","80127819","64910460"
"77739","86680190","103335174"
"77740","88625013","58343075"
"77741","88671644","103490501"
"77742","92251940","99972638"
"77743","92445557","57820806"
"77744","94197372","58340942"
"77745","96097479","58141732"
"77746","97747587","104170279"
"77747","99972777","57375979"
"77748","57818895","58142814"
"77749","57818896","96093474"
"77750","57818917","58138949"
"77751","57818918","58349796"
"77752","57818943","80127871"
"77753","57818967","57822351"
"77754","57819043","58140682"
"77755","57819044","99975044"
"77756","57819045","58349611"
"77757","57819077","96094773"
"77758","57819096","58343325"
"77759","57819097","64980510"
"77760","57819810","57829183"
"77761","57819811","78889794"
"77762","57819901","103491960"
"77763","57819948","99975598"
"77764","57820001","103490500"
"77765","57820008","58343720"
"77766","57820009","92255987"
"77767","57820010","61687390"
"77768","57820010","65797874"
"77769","57820011","57378045"
"77770","57820051","103501921"
"77771","57820061","88671591"
"77772","57820066","71484857"
"77773","57820134","59211931"
"77774","57820361","57821059"
"77775","57820361","88626680"
"77776","57820374","103490464"
"77777","57820374","64910072"
"77778","57820598","104171991"
"77779","57820629","58344083"
"77780","57820669","71482577"
"77781","57820787","58140076"
"77782","57820939","103341049"
"77783","57820957","58342152"
"77784","57820957","61687056"
"77785","57821466","65799292"
"77786","57821485","58140263"
"77787","57821693","103335800"
"77788","57821739","64911970"
"77789","57821779","65982980"
"77790","57821827","80127831"
"77791","57821827","57822950"
"77792","57821827","58142964"
"77793","57821827","57829205"
"77794","57821859","58349632"
"77795","57821859","71488021"
"77796","57821859","59658762"
"77797","57821899","58141528"
"77798","57821899","58142611"
"77799","57822326","69500827"
"77800","57822331","86684224"
"77801","57822800","61685894"
"77802","57822800","58344235"
"77803","57822800","57821464"
"77804","57822801","58140096"
"77805","57822801","103336880"
"77806","57823130","71482695"
"77807","58139180","65797303"
"77808","58139181","58140673"
"77809","58139202","57820478"
"77810","58139203","57820611"
"77811","58139228","57821568"
"77812","58139252","58142255"
"77813","58139328","58142872"
"77814","58139329","96093443"
"77815","58139330","58349894"
"77816","58139362","61774796"
"77817","58139381","57821174"
"77818","58139382","57820044"
"77819","58140095","58343988"
"77820","58140096","58141260"
"77821","58140186","94195612"
"77822","58140233","58141593"
"77823","58140286","57829504"
"77824","58140293","92441097"
"77825","58140294","58349627"
"77826","58140295","92254745"
"77827","58140295","104174027"
"77828","58140296","97745929"
"77829","58140336","61687491"
"77830","58140346","67695614"
"77831","58140351","71488931"
"77832","58140419","58151560"
"77833","58140646","97750401"
"77834","58140646","58141398"
"77835","58140659","57822351"
"77836","58140659","58343475"
"77837","58140883","58143998"
"77838","58140914","57822943"
"77839","58140954","104171990"
"77840","58141072","57820478"
"77841","58141224","58340582"
"77842","58141242","61774837"
"77843","58141242","57820322"
"77844","58141751","61775383"
"77845","58141770","61680395"
"77846","58141978","61774961"
"77847","58142024","104170874"
"77848","58142064","58340880"
"77849","58142112","58139022"
"77850","58142112","58343692"
"77851","58142112","80129588"
"77852","58142112","58140336"
"77853","58142144","58344405"
"77854","58142144","94195674"
"77855","58142144","58143237"
"77856","58142184","65800221"
"77857","58142184","61687027"
"77858","58142611","88622309"
"77859","58142616","58143426"
"77860","58143085","58140057"
"77861","58143085","57821308"
"77862","58143085","58343926"
"77863","58143086","57821100"
"77864","58143086","99971014"
"77865","58143415","78890007"
"77866","58340187","94200119"
"77867","58340188","78888280"
"77868","58340255","65797258"
"77869","58340256","92253326"
"77870","58340280","58139229"
"77871","58340281","78894068"
"77872","58340879","71483253"
"77873","58340880","65802589"
"77874","58340969","61581092"
"77875","58341015","103081138"
"77876","58341065","57820001"
"77877","58341072","58140408"
"77878","58341073","58341358"
"77879","58341074","57821431"
"77880","58341075","96099259"
"77881","58341125","97745861"
"77882","58341135","61582981"
"77883","58341140","88675632"
"77884","58341208","58341584"
"77885","58341430","61774962"
"77886","58341430","58140216"
"77887","58341443","67694620"
"77888","58341443","57823721"
"77889","58341643","58271828"
"77890","58341674","94197320"
"77891","58341714","57821107"
"77892","58341833","78890009"
"77893","58341986","103080135"
"77894","58342004","58350194"
"77895","58342004","96094599"
"77896","58342499","58271814"
"77897","58342722","103492139"
"77898","58342856","58140763"
"77899","58342888","64910039"
"77900","58342888","57818369"
"77901","58342928","57829192"
"77902","58342928","88620987"
"77903","58343326","103492149"
"77904","58343331","59669511"
"77905","58343791","58340929"
"77906","58343791","103339674"
"77907","58343791","96094605"
"77908","58343791","57375440"
"77909","58343792","58141067"
"77910","58343792","97745929"
"77911","58344091","64910047"
"77912","57822825","88626778"
"77913","58143110","92445609"
"77914","58343815","57821391"
"77915","57822851","88671556"
"77916","57822851","71485337"
"77917","58143136","61578713"
"77918","58143136","58341136"
"77919","58343839","88674356"
"77920","58343839","58341360"
"77921","57820059","92252134"
"77922","57820059","96097531"
"77923","57820059","57829170"
"77924","57820059","58343988"
"77925","57820059","58349656"
"77926","57820385","57820024"
"77927","57820385","58271961"
"77928","57820386","58141978"
"77929","57820387","58343492"
"77930","57820387","58141599"
"77931","57820775","58341442"
"77932","57820775","57819902"
"77933","57820775","88620425"
"77934","57820775","62955220"
"77935","57820775","92442681"
"77936","57820775","57820387"
"77937","57822826","103338697"
"77938","57823055","57819122"
"77939","57823597","97747539"
"77940","57823597","103490569"
"77941","57829168","58341643"
"77942","57829168","94203389"
"77943","57829168","92444874"
"77944","57829168","58141368"
"77945","57829168","103490445"
"77946","57829168","99972673"
"77947","57829168","64978021"
"77948","57829168","58151567"
"77949","57829168","92443622"
"77950","57829168","65797269"
"77951","57829168","57819892"
"77952","57829168","99977912"
"77953","57829168","103340937"
"77954","57829168","103335174"
"77955","57829168","57821679"
"77956","57829168","58140171"
"77957","57829168","58140218"
"77958","57829168","62959363"
"77959","57829168","57829212"
"77960","57829168","57829399"
"77961","57829168","99975493"
"77962","57829168","58341423"
"77963","57829168","58340879"
"77964","57829168","58344209"
"77965","57829168","58138891"
"77966","57829168","71486582"
"77967","57829168","57822827"
"77968","57829168","57819931"
"77969","57829168","69500038"
"77970","57829168","78893133"
"77971","57829168","97752165"
"77972","57829168","58340951"
"77973","57829168","97745781"
"77974","57829168","58342098"
"77975","57829168","57819876"
"77976","57829168","58349630"
"77977","57829168","65797310"
"77978","57829168","96099274"
"77979","57829168","58341333"
"77980","57829168","80122658"
"77981","58140344","97747533"
"77982","58140344","64977475"
"77983","58140344","88675662"
"77984","58140344","92446157"
"77985","58140344","104173530"
"77986","58140670","58349651"
"77987","58140670","57822394"
"77988","58140671","94199334"
"77989","58140672","57822215"
"77990","58140672","103490508"
"77991","58141060","65982844"
"77992","58141060","57820373"
"77993","58141060","58343605"
"77994","58141060","58349632"
"77995","58141060","78895970"
"77996","58141060","58349648"
"77997","58143111","57829181"
"77998","58143340","99972732"
"77999","58143882","57822017"
"78000","58143882","88669888"
"78001","58151543","88671598"
"78002","58151543","57821332"
"78003","58151543","58151776"
"78004","58151543","57821832"
"78005","58151543","88675680"
"78006","58151543","103085796"
"78007","58151543","88676509"
"78008","58151543","58143884"
"78009","58151543","92254687"
"78010","58151543","86680179"
"78011","58151543","61581856"
"78012","58151543","103494810"
"78013","58151543","88669810"
"78014","58151543","97747199"
"78015","58151543","57380298"
"78016","58151543","64979728"
"78017","58151543","58343495"
"78018","58151543","58141390"
"78019","58151543","96097533"
"78020","58151543","58144019"
"78021","58151543","58142918"
"78022","58151543","92256958"
"78023","58151543","57823017"
"78024","58151543","57819884"
"78025","58151543","57829365"
"78026","58151543","57819937"
"78027","58151543","99972723"
"78028","58151543","67692392"
"78029","58151543","88626859"
"78030","58151543","62955171"
"78031","58151543","58151571"
"78032","58151543","88676244"
"78033","58151543","65983353"
"78034","58151543","58343640"
"78035","58151543","58139803"
"78036","58151543","65799754"
"78037","58151543","103335124"
"78038","58151543","57820983"
"78039","58151543","58141103"
"78040","58151543","57822960"
"78041","58341133","58344341"
"78042","58341454","67697236"
"78043","58341454","103082052"
"78044","58341455","58140077"
"78045","58341456","59211556"
"78046","58341456","103335209"
"78047","58341821","92445824"
"78048","58343816","58139363"
"78049","58344557","58143438"
"78050","58344557","58142883"
"78051","58349610","59660218"
"78052","58349610","88625741"
"78053","58349610","57821119"
"78054","58349610","97745870"
"78055","58349610","58140177"
"78056","58349610","57823712"
"78057","58349610","94195604"
"78058","58349610","58140155"
"78059","58349610","65988695"
"78060","58349610","97747199"
"78061","58349610","58142613"
"78062","58349610","58142612"
"78063","58349610","71484817"
"78064","58349610","97745798"
"78065","58349610","57829203"
"78066","58349610","67697912"
"78067","58349610","94198409"
"78068","58349610","58142302"
"78069","58349610","58349646"
"78070","58349610","69502650"
"78071","58349610","58341238"
"78072","58349610","58341061"
"78073","58349610","61774837"
"78074","58349610","103340937"
"78075","58349610","58349657"
"78076","58349610","61579182"
"78077","58349610","58343221"
"78078","58349610","92443548"
"78079","58349610","58141212"
"78080","58349610","88677056"
"78081","58349610","58344204"
"78082","58349610","67692380"
"78083","58349610","58140168"
"78084","58349610","58344686"
"78085","58349610","59658509"
"78086","58349610","78888282"
"78087","58349610","67690821"
"78088","58349610","58141796"
"78089","58349610","57822327"
"78090","57820423","58140652"
"78091","57820424","57821610"
"78092","58140708","64914064"
"78093","58140709","99975598"
"78094","58341491","96092740"
"78095","58341492","58341393"
"78096","57820058","58142502"
"78097","57820606","57819935"
"78098","57820606","58141406"
"78099","57820606","103085874"
"78100","57820606","58271859"
"78101","57820606","57820363"
"78102","57820774","58349656"
"78103","57821509","62960223"
"78104","57821560","57829184"
"78105","58140343","78888300"
"78106","58140891","97750398"
"78107","58140891","57819948"
"78108","58140891","69502591"
"78109","58140891","57819800"
"78110","58140891","88622297"
"78111","58141059","58151567"
"78112","58141794","57820280"
"78113","58141845","99975482"
"78114","58341132","58341424"
"78115","58341651","92440159"
"78116","58341651","94195673"
"78117","58341820","94202039"
"78118","58342538","99977261"
"78119","58342583","58349631"
"78120","57820382","94197557"
"78121","57820382","92447391"
"78122","57820382","58342708"
"78123","58140667","57820486"
"78124","58140667","58342362"
"78125","58140667","58343327"
"78126","58341451","61578848"
"78127","58341451","103339740"
"78128","58341451","69499942"
"78129","57822659","57819546"
"78130","57822661","62957130"
"78131","58142944","99975625"
"78132","58142946","57822825"
"78133","58343663","57822330"
"78134","58343665","99972388"
"78135","96099245","80129598"
"78136","97745862","59212039"
"78137","99971052","57821362"
"78138","103081854","64977579"
"78139","103081862","58151547"
"78140","103336924","57829204"
"78141","103336932","64910086"
"78142","103492223","58349624"
"78143","103492231","58140671"
"78144","104171998","57819883"
"78145","104172006","58140646"
"78146","57820384","88669883"
"78147","57820425","97747497"
"78148","57821676","103084730"
"78149","57821676","96097530"
"78150","57821676","58342100"
"78151","57821676","67690216"
"78152","57821676","58140572"
"78153","58140669","58341455"
"78154","58140710","96092740"
"78155","58141961","71486256"
"78156","58141961","57822216"
"78157","58141961","58340983"
"78158","58141961","103491840"
"78159","58141961","57820001"
"78160","58272242","57819912"
"78161","58272250","59216295"
"78162","58341453","57823016"
"78163","58341493","78888280"
"78164","58342705","69503596"
"78165","59211844","103080104"
"78166","59211852","57820058"
"78167","59659672","99977439"
"78168","59659693","58344559"
"78169","61579094","78895407"
"78170","61579102","92446155"
"78171","61687312","96097584"
"78172","61687320","57822280"
"78173","61775204","104177137"
"78174","61775212","58141459"
"78175","62955555","58342846"
"78176","62955563","58140767"
"78177","64910329","57820291"
"78178","64910337","103493257"
"78179","64977821","57820423"
"78180","64977829","57819996"
"78181","65797649","99972766"
"78182","65797657","58151560"
"78183","65983224","58142972"
"78184","65983232","57375982"
"78185","67690595","57819935"
"78186","67690603","58340146"
"78187","69500349","62959817"
"78188","69500357","71487490"
"78189","71483014","57829199"
"78190","71483022","65982952"
"78191","78890057","57380155"
"78192","78890065","58343351"
"78193","80127815","69507774"
"78194","80127823","62957958"
"78195","86680186","88673542"
"78196","86680194","58142115"
"78197","88625009","58140329"
"78198","88625017","58343798"
"78199","88671640","58349805"
"78200","88671648","58271968"
"78201","92251936","57829213"
"78202","92251944","69500584"
"78203","92445553","86679886"
"78204","92445561","58143098"
"78205","94197368","88626809"
"78206","94197376","88626814"
"78207","96094763","62957931"
"78208","96094763","58139184"
"78209","96097483","88671590"
"78210","96099238","58143085"
"78211","97745869","58140303"
"78212","97747583","58140408"
"78213","97750302","57819810"
"78214","97750302","59212015"
"78215","99971059","61773782"
"78216","99972773","58141392"
"78217","99975492","65982847"
"78218","99975492","88626794"
"78219","57820004","71482707"
"78220","57820004","92440214"
"78221","57820004","80121707"
"78222","57820298","58141385"
"78223","57820299","58341385"
"78224","57820299","57822570"
"78225","57820313","58341454"
"78226","57820314","69500064"
"78227","57820935","92447327"
"78228","57820941","80127873"
"78229","57820966","80129650"
"78230","58140289","58343571"
"78231","58140289","64916573"
"78232","58140289","67690340"
"78233","58140583","92251890"
"78234","58140584","58151579"
"78235","58140584","59668286"
"78236","58140598","80127136"
"78237","58140599","57822605"
"78238","58141220","58142543"
"78239","58141226","103081774"
"78240","58141251","104177137"
"78241","58341068","92257848"
"78242","58341068","88671557"
"78243","58341068","65988018"
"78244","58341369","103082896"
"78245","58341370","103339740"
"78246","58341370","99975628"
"78247","58341384","58143107"
"78248","58341385","65982820"
"78249","58341982","59668910"
"78250","58341988","58151558"
"78251","58342012","65982820"
"78252","103080053","64977431"
"78253","103080077","57820484"
"78254","103080112","57820786"
"78255","103080128","58342705"
"78256","103335123","71482771"
"78257","103335147","58271932"
"78258","103335182","58143379"
"78259","103335198","96095550"
"78260","103490422","58141591"
"78261","103490446","58342339"
"78262","103490481","58140186"
"78263","103490497","103080046"
"78264","104170197","57829179"
"78265","104170221","71482651"
"78266","104170256","57822959"
"78267","104170272","58341655"
"78268","57375408","67690319"
"78269","57375448","58140085"
"78270","57375523","61768583"
"78271","57375554","58341651"
"78272","57822324","57820235"
"78273","57822324","61578805"
"78274","57822324","103341593"
"78275","57822324","71482715"
"78276","58142609","57822962"
"78277","58142609","92250109"
"78278","58142609","58141232"
"78279","58142609","58140286"
"78280","58271827","96099274"
"78281","58271867","58143104"
"78282","58271940","97745857"
"78283","58271966","57823005"
"78284","59211468","58141964"
"78285","59211507","57821105"
"78286","59211576","67690725"
"78287","59211603","88626809"
"78288","59658471","64910073"
"78289","59658575","104170248"
"78290","59658787","62960309"
"78291","59658873","103494613"
"78292","61578717","58341547"
"78293","61578756","94203675"
"78294","61578825","57821988"
"78295","61578853","58341436"
"78296","61686935","57822656"
"78297","61686974","65986115"
"78298","61687043","64910461"
"78299","61687071","58142890"
"78300","61774827","86678409"
"78301","61774866","58140149"
"78302","61774935","103080053"
"78303","61774963","57819862"
"78304","62955174","58341067"
"78305","62955214","61581071"
"78306","62955281","92445568"
"78307","62955309","57829168"
"78308","64909952","86685326"
"78309","64909992","97745778"
"78310","64910059","65803276"
"78311","64910087","104171613"
"78312","64977444","58341352"
"78313","64977483","88623235"
"78314","64977552","71482714"
"78315","64977580","58342135"
"78316","65797271","78894046"
"78317","65797311","57820384"
"78318","65797379","88623974"
"78319","65797407","57820004"
"78320","65982846","86680137"
"78321","65982886","57821095"
"78322","65982953","57820053"
"78323","65982981","103339670"
"78324","67690219","57820386"
"78325","67690259","97749400"
"78326","67690327","62955743"
"78327","67690355","58341987"
"78328","69499941","80129615"
"78329","69499981","94197318"
"78330","69500050","71482612"
"78331","69500078","103336328"
"78332","71482603","64910051"
"78333","71482645","61768368"
"78334","71482715","58343176"
"78335","71482743","57820037"
"78336","78888214","58344102"
"78337","78888238","64977445"
"78338","78888273","59665179"
"78339","78888289","58344305"
"78340","80129591","58343660"
"78341","80129607","58341989"
"78342","80129642","58139083"
"78343","80129666","94202508"
"78344","86678343","58343351"
"78345","86678367","58343989"
"78346","86678402","58151561"
"78347","86678418","58343428"
"78348","88626785","58341134"
"78349","88626801","58141727"
"78350","88626836","88674715"
"78351","88626860","58143086"
"78352","88669797","80129600"
"78353","88669821","58343950"
"78354","88669856","58271866"
"78355","88669872","67690193"
"78356","92250093","57822878"
"78357","92250117","57821065"
"78358","92250152","61685888"
"78359","92250168","78888215"
"78360","92447329","57818763"
"78361","92447345","57821217"
"78362","92447380","59211469"
"78363","92447404","61586217"
"78364","94195526","62955174"
"78365","94195550","58151577"
"78366","94195585","58142151"
"78367","94195601","61578825"
"78368","96099250","58343967"
"78369","96099266","58343535"
"78370","96099301","97750413"
"78371","96099325","86678434"
"78372","97745782","58349639"
"78373","97745806","103503445"
"78374","97745841","99974554"
"78375","97745857","78892809"
"78376","99970972","58140215"
"78377","99970996","65797245"
"78378","99971031","64911955"
"78379","99971047","58143286"
"78380","57820605","58342583"
"78381","58140890","69502143"
"78382","58341650","57829182"
"78383","103080042","96099178"
"78384","103080042","88669844"
"78385","103080042","58140237"
"78386","103080047","58349634"
"78387","103080060","62955260"
"78388","103080060","99971040"
"78389","103080068","61578722"
"78390","103080068","57820598"
"78391","103080068","58341492"
"78392","103080068","57823713"
"78393","103080070","59658744"
"78394","103080094","61584587"
"78395","103080094","57820361"
"78396","103080094","58151572"
"78397","103080100","71483223"
"78398","103080103","80129580"
"78399","103080103","103493755"
"78400","103080103","57821676"
"78401","103080103","92447411"
"78402","103080105","103080099"
"78403","103080122","57821135"
"78404","103080133","58141408"
"78405","103080138","92447345"
"78406","103080138","99972766"
"78407","103080140","58143302"
"78408","103080143","57820061"
"78409","103080143","88674360"
"78410","103080145","57819939"
"78411","103081925","88669786"
"78412","103081925","97745798"
"78413","103081925","71484863"
"78414","103081925","92447404"
"78415","103081925","94197565"
"78416","103081925","94195519"
"78417","103081925","58140290"
"78418","103081925","88626785"
"78419","103081925","58349621"
"78420","103081925","78889422"
"78421","103081925","58272430"
"78422","103081925","58143417"
"78423","103081925","78892804"
"78424","103081925","65983421"
"78425","103081925","57820540"
"78426","103081925","71482745"
"78427","103081925","86678384"
"78428","103081925","92447403"
"78429","103081925","58342839"
"78430","103081925","69499941"
"78431","103081925","80129672"
"78432","103081925","58349610"
"78433","103081925","62955773"
"78434","103081925","58271966"
"78435","103081925","71482636"
"78436","103081925","71482708"
"78437","103081925","99971059"
"78438","103081925","92255832"
"78439","103081925","94197285"
"78440","103081925","99975044"
"78441","103081925","88626867"
"78442","103081925","58343935"
"78443","103081925","61687428"
"78444","103081925","103335197"
"78445","103081925","67693791"
"78446","103081925","88669887"
"78447","103081925","61772376"
"78448","103081925","92254650"
"78449","103081925","58141129"
"78450","103335112","61681991"
"78451","103335112","61579293"
"78452","103335112","86678433"
"78453","103335117","97753693"
"78454","103335130","57822324"
"78455","103335130","71482586"
"78456","103335138","65982938"
"78457","103335138","64914437"
"78458","103335138","61686918"
"78459","103335138","88619876"
"78460","103335140","58341017"
"78461","103335164","80129642"
"78462","103335164","99972696"
"78463","103335164","57820254"
"78464","103335170","80122681"
"78465","103335173","65797372"
"78466","103335173","58140234"
"78467","103335173","99975648"
"78468","103335173","57822851"
"78469","103335175","61578691"
"78470","103335192","57820012"
"78471","103335203","58340933"
"78472","103335208","57821434"
"78473","103335208","57822280"
"78474","103335210","103492150"
"78475","103335213","103337121"
"78476","103335213","57823084"
"78477","103335215","69499915"
"78478","103336995","64977992"
"78479","103336995","58140667"
"78480","103336995","92251904"
"78481","103336995","103083096"
"78482","103336995","61579265"
"78483","103336995","57375396"
"78484","103336995","103491843"
"78485","103336995","58341306"
"78486","103336995","92254802"
"78487","103336995","99970987"
"78488","103336995","103335147"
"78489","103336995","59211568"
"78490","103336995","58342996"
"78491","103336995","64911971"
"78492","103336995","103341335"
"78493","103336995","58271931"
"78494","103336995","94195676"
"78495","103336995","103490501"
"78496","103336995","59216678"
"78497","103336995","97745872"
"78498","103336995","92447387"
"78499","103336995","57821681"
"78500","103336995","58342120"
"78501","103336995","69500034"
"78502","103336995","94195573"
"78503","103336995","99971023"
"78504","103336995","78891889"
"78505","103336995","64913594"
"78506","103336995","57819791"
"78507","103336995","58139365"
"78508","103336995","58344302"
"78509","103336995","65983419"
"78510","103336995","57375553"
"78511","103336995","78895970"
"78512","103336995","57820241"
"78513","103336995","57823055"
"78514","103336995","58140598"
"78515","103336995","57820051"
"78516","103336995","58140600"
"78517","103490411","58141404"
"78518","103490411","58142849"
"78519","103490411","88671556"
"78520","103490416","61686909"
"78521","103490429","58272407"
"78522","103490429","96095711"
"78523","103490437","61581024"
"78524","103490437","61775320"
"78525","103490437","96099278"
"78526","103490437","58343623"
"78527","103490439","71483252"
"78528","103490463","57820424"
"78529","103490463","58341068"
"78530","103490463","57829191"
"78531","103490469","99972391"
"78532","103490472","88671066"
"78533","103490472","58143882"
"78534","103490472","103083388"
"78535","103490472","58140582"
"78536","103490474","59211568"
"78537","103490491","78889959"
"78538","103490502","88672683"
"78539","103490507","61581063"
"78540","103490507","88625115"
"78541","103490509","57821444"
"78542","103490512","78894650"
"78543","103490512","92447363"
"78544","103490514","96099308"
"78545","103492294","57820937"
"78546","103492294","88677860"
"78547","103492294","58341432"
"78548","103492294","92445645"
"78549","103492294","97748232"
"78550","103492294","96099257"
"78551","103492294","104171948"
"78552","103492294","69499941"
"78553","103492294","58344104"
"78554","103492294","59660147"
"78555","103492294","57377277"
"78556","103492294","67690355"
"78557","103492294","61585462"
"78558","103492294","94195601"
"78559","103492294","71487499"
"78560","103492294","58141751"
"78561","103492294","57819939"
"78562","103492294","58342012"
"78563","103492294","78888304"
"78564","103492294","103492189"
"78565","103492294","58349620"
"78566","103492294","57823729"
"78567","103492294","62960208"
"78568","103492294","69504808"
"78569","103492294","57375408"
"78570","103492294","57822911"
"78571","103492294","67690252"
"78572","103492294","71482604"
"78573","103492294","58140658"
"78574","103492294","58142144"
"78575","103492294","61686940"
"78576","103492294","58271858"
"78577","103492294","103490510"
"78578","103492294","103081806"
"78579","103492294","57819948"
"78580","103492294","58151585"
"78581","103492294","103338703"
"78582","103492294","58342286"
"78583","104170186","97747798"
"78584","104170186","58140471"
"78585","104170186","78892892"
"78586","104170191","92251859"
"78587","104170204","58342497"
"78588","104170204","99972766"
"78589","104170212","57821306"
"78590","104170212","88626802"
"78591","104170212","97745850"
"78592","104170212","58143340"
"78593","104170214","58342151"
"78594","104170238","61686967"
"78595","104170238","57822687"
"78596","104170238","69500552"
"78597","104170244","57829204"
"78598","104170247","103337566"
"78599","104170247","92439681"
"78600","104170247","64977993"
"78601","104170247","59659949"
"78602","104170249","65986850"
"78603","104170266","103491990"
"78604","104170277","57823444"
"78605","104170282","97747485"
"78606","104170282","58271925"
"78607","104170284","92253652"
"78608","104170287","71483153"
"78609","104170287","57822008"
"78610","104170289","58342348"
"78611","104172069","92250100"
"78612","104172069","58349623"
"78613","104172069","58349635"
"78614","104172069","64909984"
"78615","104172069","97745869"
"78616","104172069","57819892"
"78617","104172069","104170291"
"78618","104172069","61687022"
"78619","104172069","80127136"
"78620","104172069","96099331"
"78621","104172069","57375980"
"78622","104172069","61774815"
"78623","104172069","58343626"
"78624","104172069","57821113"
"78625","104172069","103490474"
"78626","104172069","104170186"
"78627","104172069","94195543"
"78628","104172069","58343029"
"78629","104172069","61774927"
"78630","104172069","65982820"
"78631","104172069","58341109"
"78632","104172069","57820253"
"78633","104172069","57821694"
"78634","104172069","61774801"
"78635","104172069","103490429"
"78636","104172069","57375506"
"78637","104172069","61680679"
"78638","104172069","61584713"
"78639","104172069","57829207"
"78640","104172069","103491501"
"78641","104172069","57819890"
"78642","104172069","58141227"
"78643","104172069","58341384"
"78644","104172069","57821765"
"78645","104172069","58340860"
"78646","104172069","67690724"
"78647","104172069","58142646"
"78648","104172069","57378046"
"78649","104172069","78888210"
"78650","57375370","97747806"
"78651","57375370","58143406"
"78652","57375370","96094663"
"78653","57375370","64909935"
"78654","57375370","58341286"
"78655","57375370","103490630"
"78656","57375370","61686965"
"78657","57375370","88669804"
"78658","57375370","67697220"
"78659","57375370","80129649"
"78660","57375370","58349610"
"78661","57375370","58140146"
"78662","57375370","99970985"
"78663","57375391","62955771"
"78664","57375391","86681229"
"78665","57375396","88669872"
"78666","57375414","67695550"
"78667","57375414","80121707"
"78668","57375439","97745799"
"78669","57375439","97747538"
"78670","57375439","94195578"
"78671","57375441","58340869"
"78672","57375500","88620981"
"78673","57375500","67695729"
"78674","57375506","57820382"
"78675","57375514","103492872"
"78676","57375514","61687519"
"78677","57375514","88626775"
"78678","57375516","58341351"
"78679","57375548","57820365"
"78680","57375890","80129659"
"78681","57375955","57819855"
"78682","57375955","58343952"
"78683","57375957","58349634"
"78684","57375978","58272339"
"78685","57375978","92447313"
"78686","57375980","88674391"
"78687","57823460","59211560"
"78688","57823460","58342499"
"78689","57823462","57820009"
"78690","57823462","58143962"
"78691","58143745","58142208"
"78692","58143745","57818848"
"78693","58143747","99970988"
"78694","58143747","103080103"
"78695","58271794","58151585"
"78696","58271794","57820486"
"78697","58271794","58341065"
"78698","58271794","97747481"
"78699","58271794","58349644"
"78700","58271794","58141935"
"78701","58271794","92447404"
"78702","58271794","99972540"
"78703","58271794","57820245"
"78704","58271794","57820940"
"78705","58271794","58343330"
"78706","58271794","61685893"
"78707","58271794","99973815"
"78708","58271794","58343720"
"78709","58271794","61584593"
"78710","58271794","103335210"
"78711","58271794","86682896"
"78712","58271794","58140895"
"78713","58271794","65985323"
"78714","58271794","71486278"
"78715","58271810","57829213"
"78716","58271810","57820515"
"78717","58271815","88626702"
"78718","58271832","80129619"
"78719","58271832","99971119"
"78720","58271858","58140344"
"78721","58271858","59212038"
"78722","58271858","104170288"
"78723","58271860","97752722"
"78724","58271919","58143340"
"78725","58271919","80129587"
"78726","58271925","59658560"
"78727","58271931","88669883"
"78728","58271931","92252979"
"78729","58271931","58341351"
"78730","58271933","57819892"
"78731","58271962","58143212"
"78732","58272341","92447415"
"78733","58272406","80123808"
"78734","58272406","71482638"
"78735","58272408","71489955"
"78736","58272429","67690792"
"78737","58272429","58141258"
"78738","58272431","92250183"
"78739","58344420","88672366"
"78740","58344420","61578700"
"78741","58344422","96099233"
"78742","58344422","58340268"
"78743","59211435","96099305"
"78744","59211435","71489955"
"78745","59211435","57822721"
"78746","59211435","58343525"
"78747","59211435","58344045"
"78748","59211435","58342709"
"78749","59211435","92251852"
"78750","59211435","67695358"
"78751","59211435","61774857"
"78752","59211435","96099251"
"78753","59211435","58142636"
"78754","59211435","58140825"
"78755","59211435","92447343"
"78756","59211435","67690820"
"78757","59211435","99971060"
"78758","59211435","58349654"
"78759","59211435","94197361"
"78760","59211435","86678427"
"78761","59211435","58151557"
"78762","59211435","58342514"
"78763","59211435","88626810"
"78764","59211435","58140088"
"78765","59211435","80129653"
"78766","59211435","88626860"
"78767","59211435","58140155"
"78768","59211435","97745823"
"78769","59211435","104170239"
"78770","59211435","58343966"
"78771","59211435","57829203"
"78772","59211451","86678394"
"78773","59211451","69499946"
"78774","59211456","62955175"
"78775","59211473","61774550"
"78776","59211473","58343791"
"78777","59211498","104171919"
"78778","59211498","58141060"
"78779","59211498","65982846"
"78780","59211498","86678490"
"78781","59211500","58140787"
"78782","59211555","57821680"
"78783","59211555","92251906"
"78784","59211555","103081777"
"78785","59211561","103080144"
"78786","59211567","58343449"
"78787","59211567","57819686"
"78788","59211567","103335198"
"78789","59211569","61578817"
"78790","59211599","58140691"
"78791","59211946","57818897"
"78792","59212012","57823344"
"78793","59212012","64909952"
"78794","59212014","58139001"
"78795","59212036","57829197"
"78796","59212036","94195599"
"78797","59212038","71486054"
"78798","59658353","96091631"
"78799","59658353","58341247"
"78800","59658353","99971013"
"78801","59658353","99971047"
"78802","59658353","58343525"
"78803","59658353","65982953"
"78804","59658353","65982967"
"78805","59658353","97750329"
"78806","59658353","61774962"
"78807","59658353","65799288"
"78808","59658353","97747535"
"78809","59658353","57829197"
"78810","59658353","57821603"
"78811","59658353","57821822"
"78812","59658353","71484841"
"78813","59658353","65797407"
"78814","59658353","80129651"
"78815","59658353","71484860"
"78816","59658353","57821610"
"78817","59658353","88669879"
"78818","59658353","65982829"
"78819","59658353","61578765"
"78820","59658353","78888238"
"78821","59658353","62955157"
"78822","59658353","58151570"
"78823","59658353","58143200"
"78824","59658353","99975488"
"78825","59658353","86684237"
"78826","59658353","57822120"
"78827","59658419","88623974"
"78828","59658419","58140233"
"78829","59658419","57821997"
"78830","59658432","57821852"
"78831","59658487","61581063"
"78832","59658487","58342113"
"78833","59658555","58341456"
"78834","59658555","64914437"
"78835","59658555","57821827"
"78836","59658555","62955265"
"78837","59658560","103080054"
"78838","59658723","88669845"
"78839","59658723","57821090"
"78840","59658723","59211587"
"78841","59658741","103504378"
"78842","59658761","65797370"
"78843","59658761","58341473"
"78844","59658761","65802291"
"78845","59658761","58342344"
"78846","59658765","104170247"
"78847","59658860","65799290"
"78848","59659943","88669848"
"78849","59660145","58151562"
"78850","59660145","67695420"
"78851","59660150","80123844"
"78852","59660217","61578855"
"78853","59660217","59658575"
"78854","59660219","103494953"
"78855","61578684","58141358"
"78856","61578684","92250159"
"78857","61578684","58151752"
"78858","61578684","69500581"
"78859","61578684","78891050"
"78860","61578684","67695550"
"78861","61578684","99971058"
"78862","61578684","65987780"
"78863","61578684","58140890"
"78864","61578684","86678429"
"78865","61578684","57820018"
"78866","61578684","61774801"
"78867","61578684","97748625"
"78868","61578684","88626813"
"78869","61578684","64911963"
"78870","61578684","80129607"
"78871","61578684","104170214"
"78872","61578684","71482619"
"78873","61578684","103490423"
"78874","61578684","88669882"
"78875","61578684","99971016"
"78876","61578684","88669944"
"78877","61578684","58142112"
"78878","61578684","64977537"
"78879","61578684","88675680"
"78880","61578684","58343361"
"78881","61578700","61584572"
"78882","61578700","103502406"
"78883","61578700","58271810"
"78884","61578705","88671415"
"78885","61578722","58340867"
"78886","61578722","69505449"
"78887","61578747","57821174"
"78888","61578747","57818676"
"78889","61578747","80129624"
"78890","61578747","80129576"
"78891","61578749","94195527"
"78892","61578804","88671561"
"78893","61578804","59211499"
"78894","61578804","61687431"
"78895","61578810","99973415"
"78896","61578816","65988043"
"78897","61578816","67690791"
"78898","61578816","80129666"
"78899","61578816","71482619"
"78900","61578818","57820490"
"78901","61578849","58341261"
"78902","61579203","58342129"
"78903","61579264","58151544"
"78904","61579264","88669889"
"78905","61579266","80129575"
"78906","61579293","71482771"
"78907","61579293","88669838"
"78908","61579295","58140175"
"78909","61686902","57823141"
"78910","61686902","57375515"
"78911","61686902","103335147"
"78912","61686902","96096081"
"78913","61686902","78891813"
"78914","61686902","57820426"
"78915","61686902","57818664"
"78916","61686902","58141361"
"78917","61686902","58279518"
"78918","61686902","58140670"
"78919","61686902","69500582"
"78920","61686902","80129615"
"78921","61686902","62960414"
"78922","61686902","62955214"
"78923","61686902","61769956"
"78924","61686902","103081810"
"78925","61686902","58341065"
"78926","61686902","58341484"
"78927","61686902","58151553"
"78928","61686902","94195585"
"78929","61686902","57819811"
"78930","61686902","57829187"
"78931","61686902","58140079"
"78932","61686902","97747499"
"78933","61686902","57821970"
"78934","61686902","99972675"
"78935","61686902","78888215"
"78936","61686902","62955222"
"78937","61686902","78888273"
"78938","61686902","92446157"
"78939","61686902","92251929"
"78940","61686902","71482637"
"78941","61686918","88675638"
"78942","61686918","61768282"
"78943","61686918","57821815"
"78944","61686923","58343967"
"78945","61686940","57829346"
"78946","61686940","99972728"
"78947","61686965","58151570"
"78948","61686965","103087869"
"78949","61686965","59211567"
"78950","61686965","58342158"
"78951","61686967","71482729"
"78952","61687022","57829192"
"78953","61687022","92441546"
"78954","61687022","92250185"
"78955","61687028","57823153"
"78956","61687034","64977475"
"78957","61687034","92447336"
"78958","61687034","103086265"
"78959","61687034","64977436"
"78960","61687036","92257340"
"78961","61687067","92447380"
"78962","61687429","58340199"
"78963","61687490","61579264"
"78964","61687490","61774837"
"78965","61687492","58151559"
"78966","61687519","58349650"
"78967","61687519","88625025"
"78968","61687521","58343036"
"78969","61774794","58344640"
"78970","61774794","92445568"
"78971","61774794","57821181"
"78972","61774794","58141729"
"78973","61774794","78888229"
"78974","61774794","59660145"
"78975","61774794","57820314"
"78976","61774794","58341644"
"78977","61774794","58343574"
"78978","61774794","57820287"
"78979","61774794","88669883"
"78980","61774794","58341073"
"78981","61774794","88669812"
"78982","61774794","57822367"
"78983","61774794","58342426"
"78984","61774794","96094653"
"78985","61774794","58342209"
"78986","61774794","78889980"
"78987","61774794","58341261"
"78988","61774794","64910082"
"78989","61774794","58342724"
"78990","61774794","97745798"
"78991","61774794","99970968"
"78992","61774794","58151556"
"78993","61774794","61687490"
"78994","61774794","65801898"
"78995","61774794","88669821"
"78996","61774794","57375979"
"78997","61774794","69499924"
"78998","61774794","65982973"
"78999","61774794","65801032"
"79000","61774794","58343414"
"79001","61774810","64977991"
"79002","61774810","58141219"
"79003","61774810","58343885"
"79004","61774815","61687029"
"79005","61774832","103087967"
"79006","61774832","58141611"
"79007","61774857","58140122"
"79008","61774857","61686923"
"79009","61774857","58151590"
"79010","61774857","104176490"
"79011","61774859","57818944"
"79012","61774914","58141441"
"79013","61774914","88676232"
"79014","61774914","71482694"
"79015","61774920","64909985"
"79016","61774926","80125071"
"79017","61774926","58140199"
"79018","61774926","58271932"
"79019","61774926","104178108"
"79020","61774928","96097579"
"79021","61774959","80129591"
"79022","61775321","80123878"
"79023","61775382","80127921"
"79024","61775382","103080143"
"79025","61775384","92447389"
"79026","61775411","58142246"
"79027","61775411","59667630"
"79028","61775413","97745782"
"79029","62955141","99975525"
"79030","62955141","58342022"
"79031","62955141","58341460"
"79032","62955141","61579295"
"79033","62955141","103080094"
"79034","62955141","96097576"
"79035","62955141","92255011"
"79036","62955141","64977483"
"79037","62955141","58141059"
"79038","62955141","58349622"
"79039","62955141","99972141"
"79040","62955141","61687036"
"79041","62955141","58272407"
"79042","62955141","57375391"
"79043","62955141","57821306"
"79044","62955141","57820063"
"79045","62955141","88669944"
"79046","62955141","57819794"
"79047","62955141","97745829"
"79048","62955141","59658723"
"79049","62955141","86684206"
"79050","62955141","59211507"
"79051","62955141","57823153"
"79052","62955141","61578717"
"79053","62955141","64977540"
"79054","62955141","58142273"
"79055","62955141","58343035"
"79056","62955141","57820509"
"79057","62955141","57829321"
"79058","62955141","59212014"
"79059","62955141","58342374"
"79060","62955141","97751603"
"79061","62955157","78890011"
"79062","62955157","57822564"
"79063","62955157","58340997"
"79064","62955162","88626836"
"79065","62955179","103084928"
"79066","62955179","86678418"
"79067","62955205","97745797"
"79068","62955205","61774963"
"79069","62955205","58140263"
"79070","62955205","96097490"
"79071","62955207","103335182"
"79072","62955260","57822903"
"79073","62955260","59211564"
"79074","62955260","58143163"
"79075","62955266","64909926"
"79076","62955272","88626774"
"79077","62955272","58143104"
"79078","62955272","103335209"
"79079","62955272","80126328"
"79080","62955274","65801379"
"79081","62955305","88669856"
"79082","62955681","86679470"
"79083","62955742","71482700"
"79084","62955742","58151584"
"79085","62955744","86678434"
"79086","62955771","86684778"
"79087","62955771","96097581"
"79088","62955773","58143408"
"79089","64909919","57822549"
"79090","64909919","67690193"
"79091","64909919","103490473"
"79092","64909919","88619876"
"79093","64909919","58140192"
"79094","64909919","58342139"
"79095","64909919","58271952"
"79096","64909919","58140308"
"79097","64909919","58341491"
"79098","64909919","58151696"
"79099","64909919","58143185"
"79100","64909919","57829187"
"79101","64909919","58341084"
"79102","64909919","96099247"
"79103","64909919","58341068"
"79104","64909919","57818695"
"79105","64909919","67692395"
"79106","64909919","58140771"
"79107","64909919","58342426"
"79108","64909919","104170239"
"79109","64909919","57829178"
"79110","64909919","57820287"
"79111","64909919","59211466"
"79112","64909919","94195592"
"79113","64909919","94195520"
"79114","64909919","92447329"
"79115","64909919","96093471"
"79116","64909919","59669516"
"79117","64909919","103503444"
"79118","64909919","58140672"
"79119","64909919","57375414"
"79120","64909919","96097527"
"79121","64909919","96092801"
"79122","64909935","69500041"
"79123","64909935","58142947"
"79124","64909935","64910087"
"79125","64909940","88626866"
"79126","64909957","71482601"
"79127","64909957","58138629"
"79128","64909983","58141553"
"79129","64909983","104173899"
"79130","64909983","88669944"
"79131","64909983","92251892"
"79132","64909985","99970961"
"79133","64910038","94195585"
"79134","64910038","58141535"
"79135","64910038","88626819"
"79136","64910044","58343815"
"79137","64910050","57818737"
"79138","64910050","92447357"
"79139","64910050","103504414"
"79140","64910050","57820001"
"79141","64910052","64977432"
"79142","64910083","67690202"
"79143","64910459","57823734"
"79144","64910523","61685888"
"79145","64910523","96097571"
"79146","64910525","61687492"
"79147","64910552","96099336"
"79148","64910552","71482728"
"79149","64910554","94199334"
"79150","64977411","61775383"
"79151","64977411","57819876"
"79152","64977411","58151576"
"79153","64977411","58141979"
"79154","64977411","103335213"
"79155","64977411","58342142"
"79156","64977411","92250145"
"79157","64977411","58341368"
"79158","64977411","58341678"
"79159","64977411","65797281"
"79160","64977411","58142866"
"79161","64977411","58143629"
"79162","64977411","57820357"
"79163","64977411","59213442"
"79164","64977411","94196984"
"79165","64977411","58141381"
"79166","64977411","58140009"
"79167","64977411","92254653"
"79168","64977411","57820301"
"79169","64977411","62955162"
"79170","64977411","57829181"
"79171","64977411","57829168"
"79172","64977411","61774915"
"79173","64977411","65797259"
"79174","64977411","58344702"
"79175","64977411","97745789"
"79176","64977427","92447354"
"79177","64977427","57819888"
"79178","64977427","57822801"
"79179","64977432","58344420"
"79180","64977449","96095711"
"79181","64977449","58140347"
"79182","64977474","58140891"
"79183","64977474","57375888"
"79184","64977474","104170198"
"79185","64977474","62955743"
"79186","64977476","97750292"
"79187","64977531","57821041"
"79188","64977531","67690793"
"79189","64977531","61578818"
"79190","64977537","58341404"
"79191","64977543","61768486"
"79192","64977543","58141407"
"79193","64977543","57820774"
"79194","64977543","57819907"
"79195","64977545","58140346"
"79196","64977576","88669863"
"79197","64977930","58143401"
"79198","64977991","67690307"
"79199","64977991","58143343"
"79200","64977993","65987997"
"79201","64978020","58344404"
"79202","64978020","78891824"
"79203","64978022","57821825"
"79204","65797238","69502190"
"79205","65797238","92442725"
"79206","65797238","64977532"
"79207","65797238","97747490"
"79208","65797238","99970966"
"79209","65797238","57829408"
"79210","65797238","61687491"
"79211","65797238","61774827"
"79212","65797238","57829206"
"79213","65797238","57829430"
"79214","65797238","62955266"
"79215","65797238","57819677"
"79216","65797238","67690258"
"79217","65797238","71485294"
"79218","65797238","94195526"
"79219","65797238","103080100"
"79220","65797238","58349652"
"79221","65797238","97752721"
"79222","65797238","86678404"
"79223","65797238","103085882"
"79224","65797238","58341451"
"79225","65797238","57822407"
"79226","65797238","58341132"
"79227","65797238","61680679"
"79228","65797238","92254747"
"79229","65797238","58141888"
"79230","65797238","99972391"
"79231","65797238","57823137"
"79232","65797238","103490497"
"79233","65797238","104173815"
"79234","65797238","103081770"
"79235","65797238","59658765"
"79236","65797254","65982945"
"79237","65797254","58342888"
"79238","65797254","58341107"
"79239","65797259","64978020"
"79240","65797276","57820296"
"79241","65797276","62957186"
"79242","65797302","78889973"
"79243","65797302","57822042"
"79244","65797302","58141388"
"79245","65797302","99972137"
"79246","65797304","62955280"
"79247","65797358","58342134"
"79248","65797358","92447325"
"79249","65797358","61768467"
"79250","65797364","57818676"
"79251","65797370","58344082"
"79252","65797370","65797271"
"79253","65797370","71482729"
"79254","65797370","92447213"
"79255","65797372","57823345"
"79256","65797403","104174718"
"79257","65797779","103085890"
"79258","65797844","57829202"
"79259","65797844","71487378"
"79260","65797846","57829186"
"79261","65797873","61585524"
"79262","65797873","104178210"
"79263","65797875","57821852"
"79264","65982813","67690312"
"79265","65982813","65983420"
"79266","65982813","58151572"
"79267","65982813","57829212"
"79268","65982813","58349657"
"79269","65982813","104170289"
"79270","65982813","58343792"
"79271","65982813","57820606"
"79272","65982813","71485793"
"79273","65982813","58341117"
"79274","65982813","88626853"
"79275","65982813","103342063"
"79276","65982813","58349645"
"79277","65982813","65797844"
"79278","65982813","96099238"
"79279","65982813","57823116"
"79280","65982813","61687057"
"79281","65982813","94195612"
"79282","65982813","67690207"
"79283","65982813","58141600"
"79284","65982813","59658575"
"79285","65982813","57380070"
"79286","65982813","99978254"
"79287","65982813","58271867"
"79288","65982813","103493207"
"79289","65982813","78888306"
"79290","65982813","59211598"
"79291","65982829","58143997"
"79292","65982829","57821923"
"79293","65982829","64977474"
"79294","65982834","58349647"
"79295","65982851","58151565"
"79296","65982851","86678367"
"79297","65982877","103085890"
"79298","65982877","64910554"
"79299","65982877","57820094"
"79300","65982877","58151578"
"79301","65982879","71487490"
"79302","65982932","61585524"
"79303","65982932","58341015"
"79304","65982932","57829177"
"79305","65982938","94201398"
"79306","65982944","58141961"
"79307","65982944","64977483"
"79308","65982944","104170282"
"79309","65982944","97745843"
"79310","65982946","92251300"
"79311","65982977","103080070"
"79312","65983354","58141388"
"79313","65983418","58138650"
"79314","65983418","96099325"
"79315","65983420","64910059"
"79316","65983447","57821305"
"79317","65983447","58271815"
"79318","65983449","58343792"
"79319","67690186","65983449"
"79320","67690186","58140224"
"79321","67690186","58151546"
"79322","67690186","65797875"
"79323","67690186","57823121"
"79324","67690186","58142817"
"79325","67690186","58340869"
"79326","67690186","103335143"
"79327","67690186","58140175"
"79328","67690186","59211498"
"79329","67690186","92444518"
"79330","67690186","58140294"
"79331","67690186","58343989"
"79332","67690186","65802856"
"79333","67690186","99970989"
"79334","67690186","103490508"
"79335","67690186","58140669"
"79336","67690186","97747576"
"79337","67690186","58141768"
"79338","67690186","57822581"
"79339","67690186","65797874"
"79340","67690186","57820775"
"79341","67690186","97748625"
"79342","67690186","58350373"
"79343","67690186","61686974"
"79344","67690186","57821174"
"79345","67690186","58343657"
"79346","67690186","97752721"
"79347","67690186","65802585"
"79348","67690186","57819933"
"79349","67690186","58349624"
"79350","67690186","97749620"
"79351","67690186","58143438"
"79352","67690202","59211451"
"79353","67690202","71483221"
"79354","67690202","78888289"
"79355","67690207","57375957"
"79356","67690224","103080069"
"79357","67690224","92252979"
"79358","67690250","57823143"
"79359","67690250","61684273"
"79360","67690250","57823677"
"79361","67690250","61774935"
"79362","67690252","64916673"
"79363","67690306","57820059"
"79364","67690306","103335123"
"79365","67690306","103490463"
"79366","67690312","57818365"
"79367","67690318","65800647"
"79368","67690318","58141845"
"79369","67690318","88675675"
"79370","67690318","58343796"
"79371","67690320","58143340"
"79372","67690351","92250135"
"79373","67690726","103504261"
"79374","67690791","59660150"
"79375","67690791","58341367"
"79376","67690793","58140199"
"79377","67690820","80129665"
"79378","67690820","65982932"
"79379","67690822","58342062"
"79380","69499908","58340979"
"79381","69499908","58140565"
"79382","69499908","58142966"
"79383","69499908","57821483"
"79384","69499908","57829209"
"79385","69499908","88669790"
"79386","69499908","99971119"
"79387","69499908","58142964"
"79388","69499908","92250087"
"79389","69499908","57822650"
"79390","69499908","80129600"
"79391","69499908","64909962"
"79392","69499908","92250178"
"79393","69499908","62955274"
"79394","69499908","57820186"
"79395","69499908","92447314"
"79396","69499908","58344422"
"79397","69499908","58141251"
"79398","69499908","80125011"
"79399","69499908","97747358"
"79400","69499908","59211507"
"79401","69499908","58349625"
"79402","69499908","58344120"
"79403","69499908","62955179"
"79404","69499908","99974590"
"79405","69499908","61775320"
"79406","69499908","57821102"
"79407","69499908","58341394"
"79408","69499908","57375500"
"79409","69499908","58341457"
"79410","69499908","67693791"
"79411","69499908","92254790"
"79412","69499908","57829198"
"79413","69499908","80129624"
"79414","69499908","103336289"
"79415","69499924","59668286"
"79416","69499924","59658487"
"79417","69499924","94196984"
"79418","69499929","58139314"
"79419","69499946","99971057"
"79420","69499946","103491500"
"79421","69499972","92445610"
"79422","69499972","103080104"
"79423","69499972","62955207"
"79424","69499972","80127136"
"79425","69499974","103086523"
"79426","69500029","64977552"
"79427","69500029","61775382"
"79428","69500029","103490569"
"79429","69500035","57375538"
"79430","69500041","65797358"
"79431","69500041","92447362"
"79432","69500041","61581055"
"79433","69500041","58142609"
"79434","69500043","57820404"
"79435","69500074","61774862"
"79436","69500487","57821069"
"79437","69500552","57375439"
"79438","69500552","61581846"
"79439","69500554","94195613"
"79440","69500581","88671560"
"79441","69500581","97747198"
"79442","69500583","103083755"
"79443","71482570","58140090"
"79444","71482570","97750404"
"79445","71482570","58341575"
"79446","71482570","104170344"
"79447","71482570","71482577"
"79448","71482570","61687064"
"79449","71482570","62957213"
"79450","71482570","57822805"
"79451","71482570","58340861"
"79452","71482570","103080042"
"79453","71482570","103503344"
"79454","71482570","104173815"
"79455","71482570","64916609"
"79456","71482570","96099235"
"79457","71482570","65983418"
"79458","71482570","57829183"
"79459","71482570","58349642"
"79460","71482570","96092972"
"79461","71482570","58139048"
"79462","71482570","58343862"
"79463","71482570","78888265"
"79464","71482570","97752078"
"79465","71482570","57822679"
"79466","71482570","58349626"
"79467","71482570","57819814"
"79468","71482570","64983158"
"79469","71482570","65982851"
"79470","71482570","94195533"
"79471","71482570","57821328"
"79472","71482570","59658471"
"79473","71482570","58143058"
"79474","71482570","94202509"
"79475","71482570","58341584"
"79476","71482570","58141749"
"79477","71482570","88626844"
"79478","71482570","99970972"
"79479","71482570","71482743"
"79480","71482586","65987339"
"79481","71482586","61772376"
"79482","71482586","58141441"
"79483","71482591","64910073"
"79484","71482608","62955261"
"79485","71482608","58140771"
"79486","71482636","92447318"
"79487","71482636","69499974"
"79488","71482636","62955174"
"79489","71482636","58142485"
"79490","71482638","57823139"
"79491","71482694","96099325"
"79492","71482694","58349621"
"79493","71482694","65982953"
"79494","71482700","58142750"
"79495","71482706","61769237"
"79496","71482706","58140648"
"79497","71482706","86679462"
"79498","71482706","59211561"
"79499","71482708","58142717"
"79500","71482739","59669117"
"79501","71483152","80127830"
"79502","71483221","103080105"
"79503","71483221","103502465"
"79504","71483223","65987999"
"79505","71483252","57822581"
"79506","71483252","97747806"
"79507","71483254","65797268"
"79508","78888203","96094650"
"79509","78888203","67690219"
"79510","78888203","104170204"
"79511","78888208","58140608"
"79512","78888221","58344211"
"79513","78888221","86682458"
"79514","78888229","58341658"
"79515","78888229","57821509"
"79516","78888229","97745832"
"79517","78888229","57822900"
"79518","78888231","71482603"
"79519","78888255","58138698"
"79520","78888255","65797845"
"79521","78888255","97747495"
"79522","78888261","58342591"
"79523","78888264","103491840"
"79524","78888264","58281556"
"79525","78888264","57829365"
"79526","78888264","59658432"
"79527","78888266","97745833"
"79528","78888283","103335130"
"79529","78888294","103080077"
"79530","78888299","67695617"
"79531","78888299","71484826"
"79532","78888301","58342538"
"79533","78888304","104170197"
"79534","78888304","57822361"
"79535","78888306","65797276"
"79536","78890128","58341135"
"79537","78890128","69500050"
"79538","78890128","57822570"
"79539","78890128","57829321"
"79540","78890128","65986036"
"79541","78890128","69505357"
"79542","78890128","57819574"
"79543","78890128","103335116"
"79544","78890128","92447352"
"79545","78890128","67690194"
"79546","78890128","57820323"
"79547","78890128","58151543"
"79548","78890128","58140196"
"79549","78890128","86678428"
"79550","78890128","86678430"
"79551","78890128","99975605"
"79552","78890128","69505230"
"79553","78890128","58339845"
"79554","78890128","67690251"
"79555","78890128","58140565"
"79556","78890128","58140698"
"79557","78890128","67695003"
"79558","78890128","58140689"
"79559","78890128","92250088"
"79560","78890128","99971038"
"79561","78890128","57820927"
"79562","78890128","96099266"
"79563","78890128","88626773"
"79564","78890128","92251852"
"79565","78890128","58140607"
"79566","78890128","58342844"
"79567","78890128","57822995"
"79568","78890128","64912810"
"79569","78890128","57821859"
"79570","78890128","103495802"
"79571","78890128","58334506"
"79572","78890128","58341118"
"79573","78890128","64983279"
"79574","78890128","99971058"
"79575","80127752","92255943"
"79576","80127752","58343927"
"79577","80127752","67692395"
"79578","80127752","58151573"
"79579","80127752","88669821"
"79580","80127752","64977992"
"79581","80127752","88669876"
"79582","80127752","86678389"
"79583","80127752","58142282"
"79584","80127752","57820367"
"79585","80127752","71487908"
"79586","80127752","96099250"
"79587","80127752","71487490"
"79588","80127752","61687071"
"79589","80127752","65982967"
"79590","80127752","88675666"
"79591","80127752","58141368"
"79592","80127752","86678393"
"79593","80127752","67690327"
"79594","80127752","64916575"
"79595","80127752","58143302"
"79596","80127752","92441437"
"79597","80127752","99971046"
"79598","80127752","103335215"
"79599","80127752","88622198"
"79600","80127752","64978022"
"79601","80127752","88625063"
"79602","80127752","58272431"
"79603","80127752","97751603"
"79604","80127752","61578752"
"79605","80127752","97747198"
"79606","80127752","92250082"
"79607","80127752","58151566"
"79608","80127752","58143162"
"79609","80127752","65987257"
"79610","80127752","57823122"
"79611","80127752","59215507"
"79612","80127752","58140497"
"79613","80127752","64977450"
"79614","80129574","92447362"
"79615","80129576","58340975"
"79616","80129576","57822854"
"79617","80129579","57829200"
"79618","80129581","58344694"
"79619","80129581","92447397"
"79620","80129586","57822865"
"79621","80129597","58141401"
"79622","80129614","64977543"
"79623","80129616","58143086"
"79624","80129616","65797367"
"79625","80129616","88674715"
"79626","80129616","58271940"
"79627","80129619","88620987"
"79628","80129625","103335170"
"79629","80129625","99977350"
"79630","80129625","58143006"
"79631","80129649","67690268"
"79632","80129651","59659883"
"79633","80129651","88620991"
"79634","80129651","57820315"
"79635","80129651","69499973"
"79636","80129659","64909992"
"79637","80129659","58341316"
"79638","80129672","88623235"
"79639","80129677","103082846"
"79640","80129677","61686935"
"79641","80129677","94195577"
"79642","86678332","103336328"
"79643","86678332","58143745"
"79644","86678332","64910051"
"79645","86678337","67690326"
"79646","86678350","67695613"
"79647","86678350","99970988"
"79648","86678358","64910044"
"79649","86678358","99972388"
"79650","86678358","92251550"
"79651","86678358","67690327"
"79652","86678360","57375538"
"79653","86678384","57823244"
"79654","86678384","57822800"
"79655","86678384","57820315"
"79656","86678390","92447388"
"79657","86678393","57821862"
"79658","86678393","58344020"
"79659","86678393","92444518"
"79660","86678393","57820937"
"79661","86678395","96093471"
"79662","86678412","96095546"
"79663","86678423","57820042"
"79664","86678428","96097746"
"79665","86678428","59212036"
"79666","86678430","59211556"
"79667","86678433","86678332"
"79668","86678433","78888299"
"79669","86678435","71486278"
"79670","86680257","58342209"
"79671","86680257","103342063"
"79672","86680257","88669791"
"79673","86680257","62960420"
"79674","86680257","80129572"
"79675","86680257","97747499"
"79676","86680257","57375516"
"79677","86680257","58349654"
"79678","86680257","58140623"
"79679","86680257","103490469"
"79680","86680257","99975490"
"79681","86680257","58151568"
"79682","86680257","71482703"
"79683","86680257","59669117"
"79684","86680257","58340969"
"79685","86680257","59660147"
"79686","86680257","94195605"
"79687","86680257","92250240"
"79688","86680257","64977480"
"79689","86680257","58143092"
"79690","86680257","57822819"
"79691","86680257","57820297"
"79692","86680257","58343719"
"79693","86680257","65797846"
"79694","86680257","57823123"
"79695","86680257","94195541"
"79696","86680257","58140765"
"79697","86680257","71488041"
"79698","86680257","86678394"
"79699","86680257","96099264"
"79700","86680257","61686945"
"79701","86680257","61774801"
"79702","86680257","64910061"
"79703","86680257","96099284"
"79704","86680257","61686935"
"79705","86680257","62955309"
"79706","86680257","103080145"
"79707","86680257","69500078"
"79708","86680257","97745783"
"79709","88624946","61774801"
"79710","88624946","104171903"
"79711","88624946","99977393"
"79712","88624946","96099273"
"79713","88624946","88671633"
"79714","88624946","64977418"
"79715","88624946","58140343"
"79716","88624946","58143110"
"79717","88624946","104170288"
"79718","88624946","57819829"
"79719","88624946","103087257"
"79720","88624946","57820024"
"79721","88624946","61774810"
"79722","88624946","58151590"
"79723","88624946","65800212"
"79724","88624946","103490473"
"79725","88624946","57822519"
"79726","88624946","58151566"
"79727","88624946","58341820"
"79728","88624946","71488220"
"79729","88624946","57823597"
"79730","88624946","57823131"
"79731","88624946","57375955"
"79732","88624946","58341555"
"79733","88624946","78894080"
"79734","88624946","78888292"
"79735","88624946","57820672"
"79736","88624946","58342155"
"79737","88624946","88626770"
"79738","88624946","80129581"
"79739","88624946","58140709"
"79740","88624946","58341565"
"79741","88624946","57820280"
"79742","88624946","78888361"
"79743","88624946","58340869"
"79744","88624946","99970996"
"79745","88624946","67690822"
"79746","88624946","65987997"
"79747","88624946","80129615"
"79748","88626768","61687491"
"79749","88626770","57821174"
"79750","88626770","57823123"
"79751","88626773","104170276"
"79752","88626775","64912784"
"79753","88626775","65982885"
"79754","88626780","65802548"
"79755","88626791","58341069"
"79756","88626808","58341543"
"79757","88626810","61581092"
"79758","88626810","96099259"
"79759","88626810","57821603"
"79760","88626810","92447317"
"79761","88626813","58341650"
"79762","88626819","58341016"
"79763","88626819","57823443"
"79764","88626819","57829205"
"79765","88626843","67690306"
"79766","88626845","58340879"
"79767","88626845","64914976"
"79768","88626845","58343046"
"79769","88626845","57829193"
"79770","88626853","103502465"
"79771","88626853","99972390"
"79772","88626866","65799754"
"79773","88626871","88669848"
"79774","88626871","97745874"
"79775","88626871","97745873"
"79776","88669786","57822656"
"79777","88669786","61774858"
"79778","88669786","59211456"
"79779","88669791","58151588"
"79780","88669804","86682458"
"79781","88669804","58143411"
"79782","88669812","94202774"
"79783","88669812","64909983"
"79784","88669812","86678402"
"79785","88669812","92250108"
"79786","88669814","99971024"
"79787","88669838","96099309"
"79788","88669838","103490514"
"79789","88669838","58142610"
"79790","88669844","92447257"
"79791","88669847","58340686"
"79792","88669847","57377277"
"79793","88669847","57375554"
"79794","88669847","58343536"
"79795","88669849","58140289"
"79796","88669866","103080112"
"79797","88669877","71482577"
"79798","88669882","61579202"
"79799","88669882","86685734"
"79800","88669884","58141069"
"79801","88669887","103081474"
"79802","88669887","58140566"
"79803","88669889","64909938"
"79804","88671711","61686966"
"79805","88671711","58341565"
"79806","88671711","58340956"
"79807","88671711","59213443"
"79808","88671711","58142137"
"79809","88671711","64977992"
"79810","88671711","57822328"
"79811","88671711","96093474"
"79812","88671711","58143747"
"79813","88671711","96097567"
"79814","88671711","96099177"
"79815","88671711","103491838"
"79816","88671711","62955680"
"79817","88671711","103490472"
"79818","88671711","61578853"
"79819","88671711","94195567"
"79820","88671711","58340908"
"79821","88671711","69505359"
"79822","88671711","58141225"
"79823","88671711","58342391"
"79824","88671711","103490411"
"79825","88671711","69502652"
"79826","88671711","57375978"
"79827","88671711","103080068"
"79828","88671711","62961218"
"79829","88671711","58142883"
"79830","88671711","94195526"
"79831","88671711","58141221"
"79832","88671711","96099309"
"79833","88671711","71488041"
"79834","88671711","58141238"
"79835","88671711","71485285"
"79836","88671711","67693332"
"79837","88671711","88623627"
"79838","88671711","58143424"
"79839","88671711","61579202"
"79840","88671711","58342376"
"79841","88671711","58271932"
"79842","88671711","61578839"
"79843","88671711","64977441"
"79844","88671711","92250144"
"79845","92250082","57829185"
"79846","92250082","58141220"
"79847","92250082","65797364"
"79848","92250087","69499928"
"79849","92250100","97747203"
"79850","92250100","94195616"
"79851","92250108","69500554"
"79852","92250108","69500050"
"79853","92250108","64910552"
"79854","92250108","103490509"
"79855","92250110","88619876"
"79856","92250134","58342479"
"79857","92250134","64977449"
"79858","92250134","58142100"
"79859","92250140","58139844"
"79860","92250143","99972685"
"79861","92250143","58343839"
"79862","92250143","58344557"
"79863","92250143","99972540"
"79864","92250145","88626768"
"79865","92250162","58342400"
"79866","92250173","58344654"
"79867","92250178","67690318"
"79868","92250178","58342722"
"79869","92250180","92447410"
"79870","92250183","65801801"
"79871","92250183","67693791"
"79872","92250185","65982944"
"79873","92252007","67694147"
"79874","92252007","103490464"
"79875","92252007","64910059"
"79876","92252007","71489779"
"79877","92252007","99976810"
"79878","92252007","97745868"
"79879","92252007","57820934"
"79880","92252007","57822662"
"79881","92252007","58140079"
"79882","92252007","58142282"
"79883","92252007","58349628"
"79884","92252007","71484855"
"79885","92252007","103335173"
"79886","92252007","59665216"
"79887","92252007","57829215"
"79888","92252007","59211562"
"79889","92252007","64979742"
"79890","92252007","92256350"
"79891","92252007","57829198"
"79892","92252007","80128107"
"79893","92252007","80129579"
"79894","92252007","103490507"
"79895","92252007","96099301"
"79896","92252007","67695999"
"79897","92252007","78889973"
"79898","92252007","64977418"
"79899","92252007","57375514"
"79900","92252007","58140127"
"79901","92252007","80129625"
"79902","92252007","64914976"
"79903","92252007","61774832"
"79904","92252007","78888261"
"79905","92252007","58341076"
"79906","92252007","65982878"
"79907","92252007","58142636"
"79908","92252007","88626860"
"79909","92252007","103335208"
"79910","92252007","58342426"
"79911","92252007","80129677"
"79912","92445490","57821326"
"79913","92445490","92444518"
"79914","92445490","57821511"
"79915","92445490","64977444"
"79916","92445490","69505359"
"79917","92445490","58340903"
"79918","92445490","57821095"
"79919","92445490","64910050"
"79920","92445490","59211468"
"79921","92445490","57822995"
"79922","92445490","61687064"
"79923","92445490","78888207"
"79924","92445490","58349640"
"79925","92445490","80126041"
"79926","92445490","58344080"
"79927","92445490","69500042"
"79928","92445490","57820391"
"79929","92445490","57829215"
"79930","92445490","97750406"
"79931","92445490","58139083"
"79932","92445490","58343324"
"79933","92445490","67694623"
"79934","92445490","58342354"
"79935","92445490","57820281"
"79936","92445490","103080060"
"79937","92445490","64984019"
"79938","92445490","58343536"
"79939","92445490","58142274"
"79940","92445490","61774920"
"79941","92445490","57820966"
"79942","92445490","96092069"
"79943","92445490","61686945"
"79944","92445490","64910523"
"79945","92445490","61774801"
"79946","92445490","58343588"
"79947","92445490","78892882"
"79948","92445490","61581071"
"79949","92445490","104174027"
"79950","92445490","57821339"
"79951","92447312","99972540"
"79952","92447314","67693324"
"79953","92447314","59660217"
"79954","92447317","71482637"
"79955","92447319","80123815"
"79956","92447319","65797363"
"79957","92447324","58342116"
"79958","92447335","58272430"
"79959","92447352","58272429"
"79960","92447354","57829189"
"79961","92447354","88626871"
"79962","92447354","67690259"
"79963","92447354","58140127"
"79964","92447357","78892880"
"79965","92447363","96093444"
"79966","92447363","80129519"
"79967","92447363","64909957"
"79968","92447387","61773781"
"79969","92447389","103490439"
"79970","92447389","104178700"
"79971","92447389","97745771"
"79972","92447389","57820062"
"79973","92447397","78888265"
"79974","92447397","58139022"
"79975","92447410","94196984"
"79976","92447415","58140397"
"79977","92447415","58143162"
"79978","92447415","58344020"
"79979","94195515","58140883"
"79980","94195515","61686936"
"79981","94195515","58342752"
"79982","94195520","103337649"
"79983","94195533","92250171"
"79984","94195533","57822616"
"79985","94195541","59658471"
"79986","94195541","103336840"
"79987","94195541","103490490"
"79988","94195541","69505359"
"79989","94195543","96099283"
"79990","94195567","57820004"
"79991","94195567","58343944"
"79992","94195567","58143416"
"79993","94195573","61775411"
"79994","94195576","58142166"
"79995","94195576","69499942"
"79996","94195576","64910052"
"79997","94195576","94195599"
"79998","94195578","57821888"
"79999","94195595","58151580"
"80000","94195606","58142817"
"80001","94195611","64909992"
"80002","94195611","67693791"
"80003","94195613","78888276"
"80004","94195616","65982981"
"80005","94195616","58141600"
"80006","94195618","57822982"
"80007","94197439","103082846"
"80008","94197439","69500486"
"80009","94197439","61687043"
"80010","94197439","86678359"
"80011","94197439","103490446"
"80012","94197439","61774928"
"80013","94197439","62960510"
"80014","94197439","62960293"
"80015","94197439","57820976"
"80016","94197439","99971046"
"80017","94197439","94197361"
"80018","94197439","61775412"
"80019","94197439","57819883"
"80020","94197439","65982945"
"80021","94197439","58142935"
"80022","94197439","94196737"
"80023","94197439","58151571"
"80024","94197439","96093471"
"80025","94197439","103082044"
"80026","94197439","57820934"
"80027","94197439","86678395"
"80028","94197439","103491960"
"80029","94197439","97745841"
"80030","94197439","103335181"
"80031","94197439","58151582"
"80032","94197439","69502174"
"80033","94197439","58142107"
"80034","94197439","65800225"
"80035","94197439","58342129"
"80036","94197439","103335202"
"80037","94197439","67695721"
"80038","94197439","65983447"
"80039","94197439","64977445"
"80040","94197439","61578747"
"80041","94197439","57821119"
"80042","94197439","58271827"
"80043","94197439","58349644"
"80044","94197439","57820391"
"80045","94197439","99976797"
"80046","96099233","99977912"
"80047","96099235","57821822"
"80048","96099235","57829185"
"80049","96099240","62955680"
"80050","96099240","57821817"
"80051","96099256","99975492"
"80052","96099273","58349629"
"80053","96099275","103080048"
"80054","96099275","78891614"
"80055","96099275","58343666"
"80056","96099275","80129666"
"80057","96099278","96093456"
"80058","96099284","96091368"
"80059","96099284","80128107"
"80060","96099284","58341307"
"80061","96099308","92447402"
"80062","96099310","57829216"
"80063","96099310","57375408"
"80064","96099310","59211603"
"80065","96099310","86678435"
"80066","96099318","57829194"
"80067","96099318","69499981"
"80068","96099331","64909950"
"80069","96099336","58334499"
"80070","96099336","78888300"
"80071","96099336","57818695"
"80072","97745771","86678490"
"80073","97745771","80123230"
"80074","97745771","88623976"
"80075","97745776","99972780"
"80076","97745789","58143341"
"80077","97745789","58142500"
"80078","97745797","59658873"
"80079","97745797","65982820"
"80080","97745797","71482645"
"80081","97745797","58141768"
"80082","97745799","94202509"
"80083","97745823","58344084"
"80084","97745823","97745873"
"80085","97745823","61768488"
"80086","97745829","58340842"
"80087","97745832","88669797"
"80088","97745832","104170191"
"80089","97745832","86680104"
"80090","97745832","103493754"
"80091","97745834","58141794"
"80092","97745851","57822881"
"80093","97745867","58341828"
"80094","97745867","58343682"
"80095","97745872","71488041"
"80096","97745872","103080104"
"80097","97745874","99978164"
"80098","99970961","59667499"
"80099","99970961","58341000"
"80100","99970961","61686966"
"80101","99970966","99972677"
"80102","99970979","103080138"
"80103","99970979","92447380"
"80104","99970987","58142941"
"80105","99970987","58144006"
"80106","99970987","88671596"
"80107","99970987","57821088"
"80108","99970989","78888361"
"80109","99971013","57829180"
"80110","99971013","103342325"
"80111","99971013","71483222"
"80112","99971019","58340149"
"80113","99971022","61775413"
"80114","99971022","65797873"
"80115","99971022","69500029"
"80116","99971022","58140471"
"80117","99971024","99973459"
"80118","99971041","58341125"
"80119","99971057","96093513"
"80120","99971057","103490416"
"80121","99971062","58340954"
"80122","99971062","57829216"
"80123","99971064","99970996"
"80124","96094764","94202509"
"80125","96094766","86678360"
"80126","96094768","58340954"
"80127","96094770","64977552"
"80128","96094772","65802436"
"80129","96094774","62960510"
"80130","97750291","104170197"
"80131","97750293","86678343"
"80132","97750295","58341308"
"80133","97750297","61774914"
"80134","97750299","88671833"
"80135","97750301","99971022"
"80136","99975481","58280789"
"80137","99975483","61687428"
"80138","99975485","64977491"
"80139","99975487","64983140"
"80140","99975489","67696417"
"80141","99975491","61578825"
"80142","57821979","57822792"
"80143","57822032","59211500"
"80144","57822032","80129642"
"80145","57822051","61680341"
"80146","58142264","58349641"
"80147","58142317","64910525"
"80148","58142317","65982886"
"80149","58142336","57822200"
"80150","58343076","59211576"
"80151","57822920","69504828"
"80152","58143205","58341015"
"80153","58343899","94195576"
"80154","57820312","65982847"
"80155","57820312","71488105"
"80156","57820965","103080128"
"80157","57821675","58140104"
"80158","57821816","58141380"
"80159","57821826","58340674"
"80160","57822323","57821852"
"80161","57823014","78895198"
"80162","57823383","94195577"
"80163","57823383","69500035"
"80164","57823601","92250152"
"80165","57823601","58141796"
"80166","58140597","58340903"
"80167","58140597","57822807"
"80168","58141250","92250134"
"80169","58141960","61579265"
"80170","58142101","67695419"
"80171","58142111","61687035"
"80172","58142608","58340956"
"80173","58143299","58141250"
"80174","58143668","58140350"
"80175","58143668","64977545"
"80176","58143886","99971062"
"80177","58143886","64977450"
"80178","58341383","94195676"
"80179","58341383","103080140"
"80180","58342011","104170256"
"80181","58342704","57821483"
"80182","58342845","58141749"
"80183","58342855","88669884"
"80184","58343323","65800213"
"80185","58343986","58140150"
"80186","58344343","104170287"
"80187","58344343","58140679"
"80188","58344561","61774927"
"80189","58344561","58342348"
"80190","57822820","96097294"
"80191","57822821","57819958"
"80192","57823013","57822679"
"80193","57823013","78891839"
"80194","57823013","64915775"
"80195","57823015","58272406"
"80196","57823015","58340165"
"80197","57823200","80129519"
"80198","57823327","57822329"
"80199","57823384","57819950"
"80200","58143105","57820610"
"80201","58143106","67690259"
"80202","58143298","59211555"
"80203","58143298","65797371"
"80204","58143298","71484928"
"80205","58143300","97751615"
"80206","58143300","59659940"
"80207","58143485","61686974"
"80208","58143612","57820942"
"80209","58143669","96091571"
"80210","58343810","97745867"
"80211","58343811","59669596"
"80212","58343985","78888266"
"80213","58343985","78895199"
"80214","58343985","80123082"
"80215","58343987","59211499"
"80216","58343987","57820001"
"80217","58344160","64909940"
"80218","58344287","104170249"
"80219","58344344","58342144"
"80220","57819569","58140095"
"80221","58139854","96097561"
"80222","58340681","103490446"
"80223","57820211","61578717"
"80224","57820211","58151553"
"80225","57820211","67690250"
"80226","57822999","94199359"
"80227","57823000","65797379"
"80228","57823000","57822200"
"80229","58140496","57829377"
"80230","58140496","58139083"
"80231","58140496","69504808"
"80232","58143284","103490422"
"80233","58143285","58142455"
"80234","58143285","57822960"
"80235","58341284","57823383"
"80236","58341284","94195618"
"80237","58341284","103085882"
"80238","58343971","58343029"
"80239","58343972","103080200"
"80240","58343972","61774866"
"80241","57818818","103336876"
"80242","57819826","64909952"
"80243","58139103","57829208"
"80244","58140111","86678490"
"80245","58340895","86678366"
"80246","57818671","58336023"
"80247","57818819","58344092"
"80248","57818820","58140679"
"80249","57818821","58140233"
"80250","57818824","97750302"
"80251","58138956","103490512"
"80252","58139104","88669870"
"80253","58139105","103082896"
"80254","58139106","103340934"
"80255","58139109","58143443"
"80256","57820496","62955206"
"80257","57820604","99978883"
"80258","58140781","69499915"
"80259","58140889","92257848"
"80260","58341561","58141683"
"80261","58341649","58342482"
"80262","57820320","69505349"
"80263","57820415","58341652"
"80264","57820477","64984030"
"80265","57821585","58141679"
"80266","57822958","58142292"
"80267","57822958","59658509"
"80268","58140605","58140618"
"80269","58140700","58143244"
"80270","58140762","58142166"
"80271","58141870","57818737"
"80272","58143243","58342426"
"80273","58143243","59660147"
"80274","58341391","58140599"
"80275","58341483","103083605"
"80276","58341542","92255943"
"80277","58343934","80129616"
"80278","58343934","58143340"
"80279","57820057","103336622"
"80280","57820311","58143340"
"80281","57820773","58343326"
"80282","57821674","71488105"
"80283","57822723","59659940"
"80284","58140342","58344286"
"80285","58140596","61578804"
"80286","58141058","99972391"
"80287","58141959","58151558"
"80288","58143008","61774935"
"80289","58341131","58141959"
"80290","58341382","86682121"
"80291","58341819","59658555"
"80292","58342703","99972671"
"80293","57821829","62959346"
"80294","57822214","58342851"
"80295","58142114","61685895"
"80296","58142499","58141246"
"80297","58342858","57822483"
"80298","58343220","57820474"
"80299","57821990","86682004"
"80300","57821990","58143975"
"80301","57824026","58141358"
"80302","57824026","103335175"
"80303","58142275","96099275"
"80304","58142275","57821693"
"80305","58144311","57829513"
"80306","58144311","61578810"
"80307","58343022","59658787"
"80308","58343022","58343036"
"80309","57823364","67690224"
"80310","57823369","58342856"
"80311","58143649","103490481"
"80312","58143654","57822958"
"80313","58344324","61774926"
"80314","58344329","99972137"
"80315","57819825","57821318"
"80316","57822799","99973495"
"80317","57823115","86686301"
"80318","57823731","62955272"
"80319","58140110","61774827"
"80320","58143084","58343250"
"80321","58143400","86686301"
"80322","58144016","58142565"
"80323","58340894","57820937"
"80324","58343790","58341462"
"80325","58344076","103081770"
"80326","58344704","58143400"
"80327","57821898","92250094"
"80328","58142183","58341403"
"80329","58342927","88620987"
"80330","57819676","58342339"
"80331","57819684","58342444"
"80332","57819688","69499929"
"80333","58139961","96091916"
"80334","58139969","58340998"
"80335","58139973","58343022"
"80336","58340747","57823198"
"80337","58340755","57821305"
"80338","57818673","57829214"
"80339","57820933","78892882"
"80340","57822880","58342426"
"80341","57822880","69500583"
"80342","57822880","64977434"
"80343","57822880","58140922"
"80344","57822880","57821391"
"80345","57823357","61687042"
"80346","58138958","58143254"
"80347","58141218","94195527"
"80348","58143165","62955281"
"80349","58143165","57821878"
"80350","58143165","99975480"
"80351","58143165","58142533"
"80352","58143165","67689943"
"80353","58143642","92250139"
"80354","58341980","57823445"
"80355","58343865","58272408"
"80356","58343865","57823462"
"80357","58343865","57820321"
"80358","58343865","61774866"
"80359","58344317","58151581"
"80360","57820355","80129607"
"80361","57820355","96095665"
"80362","57820843","65797245"
"80363","57821446","57822969"
"80364","57822875","57822633"
"80365","57822876","57823363"
"80366","57823358","62955742"
"80367","58140640","58143640"
"80368","58140640","58342209"
"80369","58141128","57818823"
"80370","58141731","61687028"
"80371","58143160","64912418"
"80372","58143161","58140596"
"80373","58143643","67690219"
"80374","58341422","58341158"
"80375","58341422","57822258"
"80376","58342481","58143949"
"80377","58343860","57821364"
"80378","58343861","103081469"
"80379","58344318","58340951"
"80380","57820075","58342903"
"80381","57820104","88626713"
"80382","57820122","58342909"
"80383","57820133","58343972"
"80384","57820639","103080053"
"80385","57820657","58141515"
"80386","57820679","58341684"
"80387","57820792","58343252"
"80388","57820810","58141394"
"80389","57820828","58141916"
"80390","57820832","59659940"
"80391","57821215","57820122"
"80392","57821215","64977442"
"80393","57821215","103080139"
"80394","57821232","61686909"
"80395","57821232","58140617"
"80396","57821232","57823119"
"80397","57821232","57820163"
"80398","57821285","57821088"
"80399","57821285","57819800"
"80400","57821285","58343927"
"80401","57821285","96091368"
"80402","57821591","99972689"
"80403","57821602","58139953"
"80404","57821620","57820810"
"80405","57821649","58344343"
"80406","57821851","103080066"
"80407","57821876","61772376"
"80408","57821880","71482715"
"80409","57822221","67690319"
"80410","57822250","99979680"
"80411","57822268","58342320"
"80412","57822279","58143136"
"80413","57822722","58141118"
"80414","58140360","57819656"
"80415","58140389","58341160"
"80416","58140407","58341876"
"80417","58140418","88669849"
"80418","58140924","58349646"
"80419","58140942","58141876"
"80420","58140964","59658419"
"80421","58141077","58151787"
"80422","58141095","61685849"
"80423","58141113","99970972"
"80424","58141117","58341284"
"80425","58141500","103335202"
"80426","58141500","92445568"
"80427","58141500","80129574"
"80428","58141517","86678343"
"80429","58141517","65797254"
"80430","58141517","58142107"
"80431","58141517","86678367"
"80432","58141570","58343322"
"80433","58141570","78888221"
"80434","58141570","96099301"
"80435","58141570","58343986"
"80436","58141876","67690337"
"80437","58141887","58341856"
"80438","58141905","57821311"
"80439","58141934","67693323"
"80440","58142136","58342623"
"80441","58142161","58141359"
"80442","58142165","58140889"
"80443","58142506","57822856"
"80444","58142535","88622271"
"80445","58142553","64977427"
"80446","58142564","64977444"
"80447","58143007","58342562"
"80448","58342250","58349642"
"80449","58342250","64912781"
"80450","58342250","57822874"
"80451","58342267","57818870"
"80452","58342267","103501902"
"80453","58342267","58139173"
"80454","58342267","58138889"
"80455","58342320","57829195"
"80456","58342320","57821446"
"80457","58342320","96094763"
"80458","58342320","57823376"
"80459","58343721","57822396"
"80460","57819894","88625067"
"80461","57821897","58140407"
"80462","58140179","58141093"
"80463","58142182","58340176"
"80464","58340962","57822258"
"80465","58342926","58139121"
"80466","57819929","69504828"
"80467","57819929","103490438"
"80468","57819929","57823445"
"80469","58140214","58139941"
"80470","58140214","57822827"
"80471","58140214","58140575"
"80472","58340996","96097567"
"80473","58340996","67692392"
"80474","58340996","65982966"
"80475","57819790","64915083"
"80476","57819790","58143158"
"80477","57819790","57819664"
"80478","57822873","88626774"
"80479","57822873","57829169"
"80480","57822926","58341178"
"80481","57823012","58341889"
"80482","57823012","59658557"
"80483","57823012","61774858"
"80484","57823166","69500036"
"80485","57823296","58271919"
"80486","57823298","88671633"
"80487","57823315","58143284"
"80488","57823317","67695550"
"80489","57823317","58341037"
"80490","58140075","58142183"
"80491","58140075","58139951"
"80492","58140075","61578748"
"80493","58143158","92250110"
"80494","58143158","58343934"
"80495","58143211","59658741"
"80496","58143297","103336917"
"80497","58143297","65797781"
"80498","58143297","58349635"
"80499","58143451","58349638"
"80500","58143581","58140342"
"80501","58143583","57823340"
"80502","58143600","58140289"
"80503","58143602","61774958"
"80504","58143602","58142163"
"80505","58340859","58142159"
"80506","58340859","58143507"
"80507","58340859","57823221"
"80508","58343858","58141935"
"80509","58343858","58342612"
"80510","58343905","88626844"
"80511","58343984","78892767"
"80512","58343984","97751603"
"80513","58343984","58140542"
"80514","58344126","57820773"
"80515","58344256","57820657"
"80516","58344258","57823407"
"80517","58344275","58142165"
"80518","58344277","58342267"
"80519","58344277","58343859"
"80520","57818350","57818798"
"80521","57818350","58143638"
"80522","57818350","58344285"
"80523","57818350","58343651"
"80524","57818350","58141498"
"80525","57818350","57820832"
"80526","57818350","57820131"
"80527","57818350","58343273"
"80528","57818350","57823685"
"80529","57818350","58142983"
"80530","57818350","86678344"
"80531","57818350","57823435"
"80532","57818350","58143483"
"80533","57818350","58343285"
"80534","57818350","94196983"
"80535","57818350","58271832"
"80536","57818350","99977356"
"80537","57818350","57821840"
"80538","57818350","58140169"
"80539","57818350","103494670"
"80540","57818350","58140117"
"80541","57818350","58143298"
"80542","57818350","58341131"
"80543","57818350","58141769"
"80544","57818350","61579202"
"80545","57818350","61687065"
"80546","57818350","58140654"
"80547","57818350","58343899"
"80548","57818350","57823538"
"80549","57818350","57821877"
"80550","57818350","59669117"
"80551","57818350","57822443"
"80552","57818350","58151543"
"80553","57818350","88674393"
"80554","57818350","58143668"
"80555","57818350","58140405"
"80556","57818350","57819800"
"80557","57818350","59658761"
"80558","57818350","58342426"
"80559","57818350","67697220"
"80560","57818350","88619876"
"80561","57818350","61578705"
"80562","57818875","58151568"
"80563","57818886","57819824"
"80564","57818887","58342641"
"80565","57819824","58142124"
"80566","57820074","58344702"
"80567","57820083","103335205"
"80568","57820085","65797371"
"80569","57820103","58140416"
"80570","57820119","57821874"
"80571","57820121","58349641"
"80572","57820132","57822279"
"80573","57820234","58138938"
"80574","57820234","64909984"
"80575","57820234","92250159"
"80576","57820495","57375448"
"80577","57820620","57822962"
"80578","57820638","71483254"
"80579","57820654","94200229"
"80580","57820656","57822920"
"80581","57820660","58142506"
"80582","57820678","58151586"
"80583","57820791","103080047"
"80584","57820807","57822880"
"80585","57820809","57821508"
"80586","57820825","58349655"
"80587","57820827","58342029"
"80588","57820829","67690354"
"80589","57820831","71485337"
"80590","57821212","92447345"
"80591","57821214","58344474"
"80592","57821229","58343790"
"80593","57821231","58141730"
"80594","57821284","88669847"
"80595","57821465","57822248"
"80596","57821508","57823353"
"80597","57821559","57823000"
"80598","57821588","57823540"
"80599","57821590","58342134"
"80600","57821599","58140946"
"80601","57821601","57821232"
"80602","57821619","61772376"
"80603","57821630","58344158"
"80604","57821646","69499972"
"80605","57821648","58341649"
"80606","57821839","65797778"
"80607","57821850","58140075"
"80608","57821873","57821535"
"80609","57821875","59217289"
"80610","57821877","58142188"
"80611","57821879","58341453"
"80612","57822220","94195676"
"80613","57822243","58141058"
"80614","57822245","58140109"
"80615","57822247","103490437"
"80616","57822249","58340962"
"80617","57822267","69499981"
"80618","57822276","58342141"
"80619","57822278","58342497"
"80620","57822366","57821511"
"80621","57822464","57823420"
"80622","57822464","58340174"
"80623","57822578","99972695"
"80624","57822578","58341677"
"80625","57822591","58140496"
"80626","57822613","104171613"
"80627","57822630","58141115"
"80628","57822647","57822577"
"80629","57822697","64977532"
"80630","57822849","103335117"
"80631","57822957","58141497"
"80632","57822957","65982834"
"80633","57822957","58344459"
"80634","57823274","96098207"
"80635","57823276","58141459"
"80636","57823286","58140297"
"80637","57823287","58342481"
"80638","57823299","58141118"
"80639","57823304","58143758"
"80640","57823304","57375523"
"80641","57823304","58342905"
"80642","57823305","58340905"
"80643","57823305","58342011"
"80644","57823305","58143825"
"80645","57823318","61775384"
"80646","57823380","58342162"
"80647","57823394","58342317"
"80648","57823396","58342150"
"80649","57823420","58341261"
"80650","57823422","58141077"
"80651","57823435","61687057"
"80652","57823447","103491990"
"80653","57823475","58143243"
"80654","57823488","92250140"
"80655","57823499","96099259"
"80656","57823501","58343617"
"80657","57823512","58341980"
"80658","57823514","103335138"
"80659","57823525","57821111"
"80660","57823527","61686657"
"80661","57823538","57822519"
"80662","57823538","57821466"
"80663","57823540","58343591"
"80664","57823540","58140226"
"80665","57823551","57819790"
"80666","57823553","58151563"
"80667","57823684","58340893"
"80668","57823689","57823325"
"80669","57823730","65982877"
"80670","57823730","58141885"
"80671","57823733","58341543"
"80672","58138635","88676055"
"80673","58138635","57822219"
"80674","58138635","92251929"
"80675","58138635","57823551"
"80676","58138635","61578749"
"80677","58138635","58139947"
"80678","58138635","97753693"
"80679","58138635","103087267"
"80680","58138635","58141873"
"80681","58138635","78888214"
"80682","58138635","69504828"
"80683","58138635","97748997"
"80684","58138635","58140519"
"80685","58138635","57822244"
"80686","58138635","94196652"
"80687","58138635","58142529"
"80688","58138635","57829513"
"80689","58138635","61680582"
"80690","58138635","58342205"
"80691","58138635","58342866"
"80692","58138635","57820104"
"80693","58138635","58341207"
"80694","58138635","104170263"
"80695","58138635","58143679"
"80696","58138635","58271827"
"80697","58138635","62955206"
"80698","58138635","58344236"
"80699","58138635","58143974"
"80700","58138635","58143836"
"80701","58138635","58344258"
"80702","58138635","58342879"
"80703","58138635","58140357"
"80704","58138635","57821599"
"80705","58138635","58342026"
"80706","58138635","92250251"
"80707","58138635","57823514"
"80708","58138635","57822247"
"80709","58138635","58344247"
"80710","58138635","58143244"
"80711","58138635","65982820"
"80712","58138635","58143006"
"80713","58138635","58340958"
"80714","58139160","57820619"
"80715","58139171","78888203"
"80716","58139172","58343661"
"80717","58140109","57823115"
"80718","58140359","58343455"
"80719","58140368","58341157"
"80720","58140370","58344300"
"80721","58140388","94195674"
"80722","58140404","58140940"
"80723","58140406","57823366"
"80724","58140417","57822246"
"80725","58140519","58344076"
"80726","58140519","58344317"
"80727","58140519","64913785"
"80728","58140780","58138635"
"80729","58140905","57823166"
"80730","58140923","58343594"
"80731","58140939","58271940"
"80732","58140941","57819929"
"80733","58140945","58339984"
"80734","58140963","58140906"
"80735","58141076","58341878"
"80736","58141092","58340686"
"80737","58141094","61774927"
"80738","58141110","67695617"
"80739","58141112","58343682"
"80740","58141114","80129614"
"80741","58141116","103335197"
"80742","58141497","58142102"
"80743","58141499","58143451"
"80744","58141514","58344706"
"80745","58141516","58344433"
"80746","58141569","67695721"
"80747","58141750","57820075"
"80748","58141793","58343283"
"80749","58141844","58344312"
"80750","58141873","57823012"
"80751","58141875","58343565"
"80752","58141884","71482717"
"80753","58141886","58141874"
"80754","58141904","58141092"
"80755","58141915","58344080"
"80756","58141931","57821880"
"80757","58141933","78889421"
"80758","58142124","57820605"
"80759","58142135","103086313"
"80760","58142158","58140397"
"80761","58142160","104170221"
"80762","58142162","62955577"
"80763","58142164","57821123"
"80764","58142505","58271859"
"80765","58142528","58342704"
"80766","58142530","57820057"
"80767","58142532","71487510"
"80768","58142534","58340731"
"80769","58142552","57819933"
"80770","58142561","57822801"
"80771","58142563","57819822"
"80772","58142651","57823365"
"80773","58142749","58342851"
"80774","58142749","58340863"
"80775","58142863","58142501"
"80776","58142863","92250180"
"80777","58142876","58344485"
"80778","58142898","58343022"
"80779","58142915","57822629"
"80780","58142932","57819078"
"80781","58142982","57821318"
"80782","58143134","99978883"
"80783","58143242","58141113"
"80784","58143242","58344367"
"80785","58143242","65982879"
"80786","58143559","58342319"
"80787","58143561","62955744"
"80788","58143571","65982946"
"80789","58143572","71483151"
"80790","58143584","57818798"
"80791","58143589","58151888"
"80792","58143589","58141110"
"80793","58143589","58140448"
"80794","58143590","61579266"
"80795","58143590","58350171"
"80796","58143590","58143705"
"80797","58143603","86684206"
"80798","58143665","61578816"
"80799","58143679","58341305"
"80800","58143681","104171692"
"80801","58143705","65797847"
"80802","58143707","61578811"
"80803","58143720","58140945"
"80804","58143732","61583850"
"80805","58143760","58343328"
"80806","58143773","58341000"
"80807","58143784","57821649"
"80808","58143786","58340907"
"80809","58143797","65988760"
"80810","58143799","58344246"
"80811","58143810","58344382"
"80812","58143812","88620987"
"80813","58143823","58139172"
"80814","58143823","57819662"
"80815","58143825","58141569"
"80816","58143825","57823475"
"80817","58143836","57821213"
"80818","58143838","58140606"
"80819","58143969","57820825"
"80820","58143974","57820792"
"80821","58144015","59658787"
"80822","58144015","58342640"
"80823","58144018","58344160"
"80824","58339772","57818836"
"80825","58339772","88669839"
"80826","58339772","57823689"
"80827","58339772","69500071"
"80828","58339772","58143681"
"80829","58339772","58349626"
"80830","58339772","92443548"
"80831","58339772","71487103"
"80832","58339772","94196986"
"80833","58339772","57820474"
"80834","58339772","64915034"
"80835","58339772","94195592"
"80836","58339772","58343274"
"80837","58339772","58349649"
"80838","58339772","58342247"
"80839","58339772","58143297"
"80840","58339772","62955205"
"80841","58339772","92250135"
"80842","58339772","67690319"
"80843","58339772","58349650"
"80844","58339772","57823276"
"80845","58339772","58342667"
"80846","58339772","97747576"
"80847","58339772","57823447"
"80848","58339772","57823655"
"80849","58339772","58344313"
"80850","58339772","88672683"
"80851","58339772","58143210"
"80852","58339772","58344171"
"80853","58339772","62957130"
"80854","58339772","59211499"
"80855","58339772","58341196"
"80856","58339772","58344323"
"80857","58339772","58342426"
"80858","58339772","58142181"
"80859","58339772","58140570"
"80860","58339772","57820186"
"80861","58339772","58343256"
"80862","58339772","58340007"
"80863","58339772","104170245"
"80864","58339772","57822911"
"80865","58340164","57823384"
"80866","58340174","58141870"
"80867","58340175","103080132"
"80868","58341148","99972391"
"80869","58341157","58340895"
"80870","58341159","58341193"
"80871","58341177","57819658"
"80872","58341193","103335182"
"80873","58341195","58141870"
"80874","58341206","94195611"
"80875","58341305","69499973"
"80876","58341305","58342250"
"80877","58341305","57820234"
"80878","58341560","57823396"
"80879","58341665","57829188"
"80880","58341683","64977476"
"80881","58341699","57820083"
"80882","58341701","58142136"
"80883","58341705","67690253"
"80884","58341723","99978620"
"80885","58341837","58340737"
"80886","58341853","57821631"
"80887","58341855","57821484"
"80888","58341871","58340733"
"80889","58341873","58143062"
"80890","58341875","58349643"
"80891","58341877","58143970"
"80892","58342247","103335800"
"80893","58342249","58142914"
"80894","58342264","58140369"
"80895","58342266","58344702"
"80896","58342319","61579265"
"80897","58342498","92250240"
"80898","58342537","58340018"
"80899","58342582","92250143"
"80900","58342609","58143005"
"80901","58342611","57818653"
"80902","58342620","58342426"
"80903","58342622","80129587"
"80904","58342640","57821898"
"80905","58342651","58271860"
"80906","58342667","64910038"
"80907","58342669","58341853"
"80908","58342868","57819875"
"80909","58342879","58140780"
"80910","58342902","65983584"
"80911","58342904","57823014"
"80912","58342906","57821591"
"80913","58342908","57821873"
"80914","58343226","57823012"
"80915","58343249","58343216"
"80916","58343251","58342098"
"80917","58343253","64977566"
"80918","58343255","99971064"
"80919","58343273","103504378"
"80920","58343282","58340907"
"80921","58343284","103086965"
"80922","58343364","58343227"
"80923","58343474","104170284"
"80924","58343474","96094767"
"80925","58343595","58139943"
"80926","58343618","58151696"
"80927","58343635","58341854"
"80928","58343652","57823394"
"80929","58343698","92250109"
"80930","58343837","57820830"
"80931","58343933","57821229"
"80932","58343933","58143252"
"80933","58343933","62955743"
"80934","58344234","58340891"
"80935","58344236","69500582"
"80936","58344246","103491960"
"80937","58344247","58341328"
"80938","58344259","61680590"
"80939","58344264","58142565"
"80940","58344264","57820163"
"80941","58344264","57822959"
"80942","58344265","57819653"
"80943","58344265","57819930"
"80944","58344265","99974590"
"80945","58344278","78892882"
"80946","58344340","58143205"
"80947","58344354","57821646"
"80948","58344356","80122681"
"80949","58344380","57822951"
"80950","58344382","57820935"
"80951","58344395","57822698"
"80952","58344407","57820367"
"80953","58344435","58341008"
"80954","58344448","57818886"
"80955","58344459","57819894"
"80956","58344461","94195539"
"80957","58344472","58140650"
"80958","58344474","58139938"
"80959","58344485","57823015"
"80960","58344487","58342610"
"80961","58344498","80126041"
"80962","58344498","57820662"
"80963","58344500","57823222"
"80964","58344500","61768543"
"80965","58344511","57821989"
"80966","58344513","57823119"
"80967","58344647","97745776"
"80968","58344653","57822432"
"80969","58344703","57820679"
"80970","58344703","58342650"
"80971","58344706","58344627"
"80972","57823220","58343699"
"80973","57823225","58140578"
"80974","57823272","103337649"
"80975","57823272","58343282"
"80976","57823278","58143589"
"80977","58143505","57823363"
"80978","58143510","58142531"
"80979","58143557","61586183"
"80980","58143557","99980169"
"80981","58143563","57820655"
"80982","58344180","58344513"
"80983","58344185","58143603"
"80984","58344232","59658834"
"80985","58344232","64909962"
"80986","58344238","92445824"
"80987","57818679","57820495"
"80988","57818679","58342265"
"80989","57820073","97751814"
"80990","57820102","57821115"
"80991","57820659","59658557"
"80992","57820790","58344265"
"80993","57820842","86682004"
"80994","57821283","58340996"
"80995","57821618","57820018"
"80996","57821838","99971031"
"80997","57821849","58140389"
"80998","57822266","78889422"
"80999","58138964","88626808"
"81000","58138964","57821588"
"81001","58140358","61578756"
"81002","58140387","64909962"
"81003","58140944","58140471"
"81004","58141075","58339772"
"81005","58141127","58143669"
"81006","58141568","57823318"
"81007","58141903","58140111"
"81008","58142123","96094648"
"81009","58142134","99972680"
"81010","58142551","92447310"
"81011","58340033","57823119"
"81012","58341147","58151587"
"81013","58341176","97751615"
"81014","58341704","103337649"
"81015","58341836","58342426"
"81016","58341888","58344336"
"81017","58342318","57823286"
"81018","58342639","103081174"
"81019","58342867","57819822"
"81020","58342878","92442845"
"81021","58343272","57821465"
"81022","57820476","61686966"
"81023","57820476","57821284"
"81024","57823113","58143572"
"81025","57823113","58140095"
"81026","58140761","57820828"
"81027","58140761","58342902"
"81028","58143398","57821619"
"81029","58143398","57822799"
"81030","58341541","65799754"
"81031","58341541","80122402"
"81032","58344074","57823315"
"81033","58344074","59669117"
"81034","57821099","58342609"
"81035","57821099","57822267"
"81036","57821099","58141932"
"81037","58141384","58143102"
"81038","58141384","58341821"
"81039","58141384","99977350"
"81040","58342138","58141500"
"81041","58342138","58341887"
"81042","58342138","58344446"
"81043","57819947","57823525"
"81044","58140232","92250093"
"81045","58341014","58141591"
"81046","57819642","58341872"
"81047","57819646","57821559"
"81048","57819655","97745841"
"81049","57819882","57821629"
"81050","57819882","57819802"
"81051","57819882","57822587"
"81052","57820130","58140371"
"81053","57820618","103490499"
"81054","57820840","57820497"
"81055","57821628","57820211"
"81056","57821895","57821215"
"81057","57822218","58143506"
"81058","57822997","96092049"
"81059","57822998","59658834"
"81060","57822998","57818875"
"81061","57823285","58343858"
"81062","57823303","96099266"
"81063","58139927","57821061"
"81064","58139931","57820829"
"81065","58139940","97745834"
"81066","58140167","67695718"
"81067","58140167","58343809"
"81068","58140167","58140904"
"81069","58140415","65982976"
"81070","58140903","99972688"
"81071","58141125","99971063"
"81072","58141913","92254655"
"81073","58142180","57821674"
"81074","58142503","57821628"
"81075","58143282","57820604"
"81076","58143283","58349630"
"81077","58143283","58143773"
"81078","58143570","58141934"
"81079","58143588","58143485"
"81080","58340713","58144016"
"81081","58340717","57820120"
"81082","58340726","58151561"
"81083","58340950","104170245"
"81084","58340950","58141174"
"81085","58340950","58341076"
"81086","58341204","57823363"
"81087","58341663","57823422"
"81088","58341886","58140386"
"81089","58342649","92251210"
"81090","58342924","58151557"
"81091","58343224","57822877"
"81092","58343969","57821074"
"81093","58343970","58144311"
"81094","58344245","96095731"
"81095","58344263","58143242"
"81096","57818682","57375523"
"81097","57818846","57822975"
"81098","57821996","58341871"
"81099","57821996","58140781"
"81100","57822404","58344356"
"81101","58138967","58342925"
"81102","58139131","57821445"
"81103","58142281","58341835"
"81104","58142281","57822532"
"81105","58142689","58343971"
"81106","58343028","57822951"
"81107","58343423","58140415"
"81108","57821072","86678350"
"81109","57821072","59214207"
"81110","57821093","57820618"
"81111","57821094","78888208"
"81112","57822695","58143159"
"81113","58141357","58142252"
"81114","58141357","58138964"
"81115","58141378","58343690"
"81116","58141379","58143823"
"81117","58142980","58143588"
"81118","58342111","57823219"
"81119","58342111","57821848"
"81120","58342132","58143590"
"81121","58342133","58344498"
"81122","58343696","58344238"
"81123","57823397","58141346"
"81124","57823423","97748625"
"81125","57823436","58139945"
"81126","57823489","58144018"
"81127","57823502","58340716"
"81128","57823515","92447312"
"81129","57823528","57375956"
"81130","57823541","57819660"
"81131","57823554","58344315"
"81132","58143682","71484928"
"81133","58143708","57375956"
"81134","58143721","57821391"
"81135","58143774","58140218"
"81136","58143787","58143410"
"81137","58143800","58342668"
"81138","58143813","71482654"
"81139","58143826","58340865"
"81140","58143839","58142931"
"81141","58344357","58143642"
"81142","58344383","58140297"
"81143","58344396","58344648"
"81144","58344449","86682004"
"81145","58344462","58344278"
"81146","58344475","58142180"
"81147","58344488","58140081"
"81148","58344501","67695718"
"81149","58344514","57822404"
"81150","57822604","57820119"
"81151","57822621","58143165"
"81152","57822638","58340735"
"81153","57822797","58342927"
"81154","57822797","57822689"
"81155","58142889","57823125"
"81156","58142906","65797778"
"81157","58142923","58342138"
"81158","58143082","58342907"
"81159","58143082","58141128"
"81160","58343608","58143650"
"81161","58343625","97745806"
"81162","58343642","104171920"
"81163","58343788","67695542"
"81164","58343788","58343696"
"81165","57823409","58341541"
"81166","57823409","61687428"
"81167","58143694","57818899"
"81168","58143694","57821391"
"81169","58344369","58341703"
"81170","58344369","58141095"
"81171","57822380","58344336"
"81172","57823227","69499973"
"81173","58142665","61774915"
"81174","58143512","58140761"
"81175","58344187","58139850"
"81176","57823410","57822951"
"81177","58143695","69500030"
"81178","58344370","61686909"
"81179","57819945","97748625"
"81180","58140230","58140404"
"81181","58341012","57822366"
"81182","57818669","58143637"
"81183","57820636","58151589"
"81184","57820676","58342480"
"81185","57823201","58344511"
"81186","57823213","58141750"
"81187","57823264","58139940"
"81188","57823264","58344074"
"81189","57823463","57818876"
"81190","58138954","58142292"
"81191","58140921","57820636"
"81192","58140961","71482591"
"81193","58143486","58344514"
"81194","58143498","57818350"
"81195","58143549","88669871"
"81196","58143549","96092069"
"81197","58143748","78895199"
"81198","58340023","58141114"
"81199","58341681","57822322"
"81200","58341721","58341666"
"81201","58344161","58344245"
"81202","58344173","58142166"
"81203","58344224","58343225"
"81204","58344224","58140640"
"81205","58344423","58341148"
"81206","57818683","58343865"
"81207","57818832","58342902"
"81208","57818864","58340739"
"81209","57818865","58143578"
"81210","57818885","57819945"
"81211","57820056","57822348"
"81212","57820185","57818776"
"81213","57820185","57823549"
"81214","57820603","78889421"
"81215","57820772","99971034"
"81216","57821359","58140701"
"81217","57821673","88671633"
"81218","57821814","57819882"
"81219","57821824","58141076"
"81220","57821966","94201251"
"81221","57821991","58344173"
"81222","57822013","58141262"
"81223","57822013","58340713"
"81224","57822038","58344126"
"81225","57822321","58142528"
"81226","57822348","103501774"
"81227","57823214","57820661"
"81228","57823314","57818846"
"81229","57823329","80123808"
"81230","57823441","57820495"
"81231","57823688","57823293"
"81232","57823703","58344500"
"81233","57823703","58341706"
"81234","57823703","57823273"
"81235","58138968","57823304"
"81236","58139117","57820257"
"81237","58139149","88626845"
"81238","58139150","58143598"
"81239","58139170","103080127"
"81240","58140341","57823179"
"81241","58140470","94195577"
"81242","58140470","58340036"
"81243","58140888","58343608"
"81244","58141057","57823484"
"81245","58141644","57822221"
"81246","58141958","59212012"
"81247","58142099","58340714"
"81248","58142109","58143561"
"81249","58142251","99971063"
"81250","58142276","58143557"
"81251","58142298","65797245"
"81252","58142298","103335112"
"81253","58142323","58140496"
"81254","58142606","57823729"
"81255","58142633","58342854"
"81256","58143499","58344289"
"81257","58143599","57823486"
"81258","58143614","58143826"
"81259","58143726","58140179"
"81260","58143973","57820677"
"81261","58143988","58340715"
"81262","58143988","58151562"
"81263","58143988","57821560"
"81264","58340120","57821585"
"81265","58340173","57819645"
"81266","58341130","103081138"
"81267","58341260","58344273"
"81268","58341260","58342649"
"81269","58341648","57820791"
"81270","58341818","57819574"
"81271","58342394","58143695"
"81272","58342702","78888238"
"81273","58342843","57820933"
"81274","58342853","58143808"
"81275","58343001","57829210"
"81276","58343023","57823441"
"81277","58343042","103491514"
"81278","58343042","58344652"
"81279","58343063","58139131"
"81280","58343321","57820965"
"81281","58343348","58142553"
"81282","58344174","78888255"
"81283","58344274","65801032"
"81284","58344289","92250251"
"81285","58344401","57818662"
"81286","58344652","57822880"
"81287","58344676","57823553"
"81288","58344676","57820133"
"81289","58344676","57819804"
"81290","57819771","61578718"
"81291","57819771","71482577"
"81292","57819771","58140917"
"81293","57819899","58344407"
"81294","57819900","59211473"
"81295","57823224","58344077"
"81296","57823323","97750409"
"81297","57823323","57821675"
"81298","57823324","58142855"
"81299","57823370","57822218"
"81300","57823442","58342880"
"81301","58140056","58139160"
"81302","58140056","57819668"
"81303","58140056","65982892"
"81304","58140184","103080127"
"81305","58140185","58142564"
"81306","58143509","57823352"
"81307","58143608","58140379"
"81308","58143608","58143716"
"81309","58143609","88669871"
"81310","58143655","69499951"
"81311","58143727","59211569"
"81312","58340841","58344393"
"81313","58340841","58143282"
"81314","58340841","58344487"
"81315","58340967","57821966"
"81316","58340968","58141793"
"81317","58344283","57820540"
"81318","58344283","94196983"
"81319","58344284","96091368"
"81320","58344330","58140448"
"81321","58344402","58343348"
"81322","57819807","58140185"
"81323","57819807","58141375"
"81324","57819807","99972170"
"81325","57819808","57821600"
"81326","57819809","69502182"
"81327","57820931","57819810"
"81328","57820931","69500042"
"81329","57820931","99973459"
"81330","57821092","58141844"
"81331","57821092","69504828"
"81332","57821092","58142161"
"81333","58140092","57818775"
"81334","58140092","57821099"
"81335","58140092","58143707"
"81336","58140093","94195542"
"81337","58140094","57818669"
"81338","58141216","58340877"
"81339","58141216","103336917"
"81340","58141216","58143608"
"81341","58141377","99974015"
"81342","58141377","58343249"
"81343","58141377","58344254"
"81344","58340876","103081138"
"81345","58340876","58141931"
"81346","58340876","58142651"
"81347","58340877","58139949"
"81348","58340878","58342394"
"81349","58341978","58142110"
"81350","58341978","58341722"
"81351","58341978","58143797"
"81352","58342131","58139850"
"81353","58342131","57819644"
"81354","58342131","58344449"
"81355","57818665","58142552"
"81356","57818668","96094623"
"81357","57822694","58144302"
"81358","57822694","58342582"
"81359","57822694","58143692"
"81360","57823373","65797271"
"81361","57823373","58141384"
"81362","57823374","58342620"
"81363","57823386","58143581"
"81364","57823662","88676781"
"81365","57823736","58344328"
"81366","57823740","58344457"
"81367","57823740","58142981"
"81368","58138950","58143774"
"81369","58138953","58143498"
"81370","58142979","58140087"
"81371","58142979","104170221"
"81372","58142979","58142276"
"81373","58143658","58140081"
"81374","58143658","67695550"
"81375","58143659","61687043"
"81376","58143671","58271933"
"81377","58143947","58143599"
"81378","58144021","57819901"
"81379","58144025","78889421"
"81380","58144025","57818888"
"81381","58340019","58142504"
"81382","58340022","58344423"
"81383","58343695","57821074"
"81384","58343695","58344396"
"81385","58343695","65982886"
"81386","58344333","103080112"
"81387","58344333","57823460"
"81388","58344334","69504828"
"81389","58344346","67695003"
"81390","58344625","94202509"
"81391","58344709","88671633"
"81392","58344713","58342670"
"81393","58344713","58141960"
"81394","57818869","58141396"
"81395","57818874","58143062"
"81396","57822431","58344344"
"81397","57823406","58140158"
"81398","58139154","58140640"
"81399","58139159","57820186"
"81400","58142716","58344714"
"81401","58143691","58138953"
"81402","58343448","57822957"
"81403","58344366","58143242"
"81404","57823266","58344369"
"81405","57823266","58140286"
"81406","58143551","57823731"
"81407","58143551","57822250"
"81408","58344226","58343448"
"81409","58344226","99971031"
"81410","57821114","58343987"
"81411","57823267","57822697"
"81412","58141399","58341486"
"81413","58143552","78888237"
"81414","58342153","57820005"
"81415","58344227","58340717"
"81416","57819910","92447319"
"81417","57819910","58143609"
"81418","57819910","58344488"
"81419","57819946","58138951"
"81420","57822441","58138954"
"81421","58140195","58140903"
"81422","58140195","58343002"
"81423","58140195","67690320"
"81424","58140231","58343788"
"81425","58142726","58342162"
"81426","58340978","58143284"
"81427","58340978","58143504"
"81428","58340978","58143769"
"81429","58341013","57823433"
"81430","58343453","65799288"
"81431","57818663","57823404"
"81432","57818667","58342540"
"81433","57820967","103082896"
"81434","57821537","57820072"
"81435","57823403","64977580"
"81436","57823408","57821851"
"81437","58138948","58343969"
"81438","58138952","88619876"
"81439","58141252","58344645"
"81440","58141822","57820789"
"81441","58143688","58140939"
"81442","58143693","103504378"
"81443","58340017","96097580"
"81444","58340021","57823278"
"81445","58342013","58143810"
"81446","58342564","103080156"
"81447","58344363","61769962"
"81448","58344368","103085861"
"81449","96097412","57823436"
"81450","96097412","58344378"
"81451","96097412","58142324"
"81452","96097412","64910458"
"81453","96097412","58143398"
"81454","96097412","58143655"
"81455","96097412","58341700"
"81456","96097412","78895198"
"81457","96097412","58341561"
"81458","96097412","96092769"
"81459","96097412","71482608"
"81460","96097412","57823305"
"81461","96097412","58344401"
"81462","96097412","58344126"
"81463","96097412","58344627"
"81464","96097412","58143614"
"81465","96097412","58342877"
"81466","96097412","58344383"
"81467","96097412","57822925"
"81468","96097412","57375441"
"81469","96097412","57823200"
"81470","96097412","58142980"
"81471","96097412","58349631"
"81472","96097412","58143570"
"81473","96097412","96099178"
"81474","96097412","62955214"
"81475","96097412","58142897"
"81476","96097412","58143090"
"81477","96097412","58341422"
"81478","96097412","58143549"
"81479","96097412","58139155"
"81480","96097412","58342621"
"81481","96097412","58142158"
"81482","96097412","104170256"
"81483","96097412","78891839"
"81484","96097412","57822638"
"81485","96097412","58349653"
"81486","96097412","104170244"
"81487","96097412","61686909"
"81488","97747654","58349653"
"81489","97747654","58143242"
"81490","97747654","57821230"
"81491","97747654","58340134"
"81492","97747654","58344435"
"81493","97747654","57822797"
"81494","97747654","92250093"
"81495","97747654","57821391"
"81496","97747654","58151569"
"81497","97747654","57823317"
"81498","97747654","57821967"
"81499","97747654","58343933"
"81500","97747654","57821339"
"81501","97747654","58142561"
"81502","97747654","58344354"
"81503","97747654","57824026"
"81504","97747654","58343582"
"81505","97747654","58343063"
"81506","97747654","78888264"
"81507","97747654","103490438"
"81508","97747654","58340056"
"81509","97747654","58342540"
"81510","97747654","58142281"
"81511","97747654","58340173"
"81512","97747654","58341382"
"81513","97747654","92445568"
"81514","97747654","58143732"
"81515","97747654","58344370"
"81516","97747654","64977531"
"81517","97747654","58344430"
"81518","97747654","58142749"
"81519","97747654","88669856"
"81520","97747654","58342868"
"81521","97747654","57820186"
"81522","97747654","99972170"
"81523","97747654","57823055"
"81524","97747654","58142855"
"81525","97747654","103490422"
"81526","97747654","99975480"
"81527","99972844","57820130"
"81528","99972844","96095731"
"81529","99972844","58143748"
"81530","99972844","58142979"
"81531","99972844","58341874"
"81532","99972844","57818678"
"81533","99972844","58141126"
"81534","99972844","57822696"
"81535","99972844","58142532"
"81536","99972844","58344126"
"81537","99972844","58344334"
"81538","99972844","57823294"
"81539","99972844","64977929"
"81540","99972844","57829189"
"81541","99972844","59211945"
"81542","99972844","65797311"
"81543","99972844","58141644"
"81544","99972844","94196986"
"81545","99972844","99973815"
"81546","99972844","61687034"
"81547","99972844","57820841"
"81548","99972844","58141914"
"81549","99972844","58140886"
"81550","99972844","58142562"
"81551","99972844","58140471"
"81552","99972844","61687521"
"81553","99972844","58344364"
"81554","99972844","57823501"
"81555","99972844","58140780"
"81556","99972844","67695718"
"81557","99972844","57820488"
"81558","99972844","58340891"
"81559","99972844","58340023"
"81560","99972844","58140418"
"81561","99972844","64977418"
"81562","99972844","57823329"
"81563","99972844","57823499"
"81564","99972844","58143464"
"81565","99972844","99971119"
"81566","57818691","58140232"
"81567","57819649","57820926"
"81568","57819652","58141904"
"81569","57819806","58344444"
"81570","57819806","57823410"
"81571","57819909","103336289"
"81572","57819944","58343946"
"81573","57819944","78888273"
"81574","57819970","58343271"
"81575","57820002","57819900"
"81576","57820309","94195605"
"81577","57820381","58142135"
"81578","57820492","57823355"
"81579","57820492","57819771"
"81580","57820492","58340073"
"81581","57820493","58343904"
"81582","57820494","58344677"
"81583","57820494","58140359"
"81584","57820517","57822877"
"81585","57820517","57820429"
"81586","57820517","58142122"
"81587","57820926","58341175"
"81588","57821022","57818864"
"81589","57821098","69500049"
"81590","57821152","97745782"
"81591","57822009","58342189"
"81592","57822173","57823485"
"81593","57822403","64915034"
"81594","57822898","88625024"
"81595","57822922","57821156"
"81596","57822922","57823405"
"81597","57822922","57818665"
"81598","57822923","58342375"
"81599","57822924","57821123"
"81600","57822924","57820492"
"81601","57822928","88622306"
"81602","57822928","58141211"
"81603","57822928","58341982"
"81604","57822996","58143504"
"81605","57822996","58344020"
"81606","57822996","94202508"
"81607","57823010","58142974"
"81608","57823150","58143834"
"81609","57823150","57822277"
"81610","57823150","58143838"
"81611","57823151","57821339"
"81612","57823152","58344484"
"81613","57823152","58340977"
"81614","57823156","58151696"
"81615","57823156","58141822"
"81616","57823156","58344330"
"81617","57823334","103335164"
"81618","57823419","58344283"
"81619","57823432","57822265"
"81620","57823452","88669814"
"81621","57823476","57822998"
"81622","57823485","57818846"
"81623","57823498","58344326"
"81624","57823511","58340933"
"81625","57823524","58340017"
"81626","57823537","58141517"
"81627","57823550","57820211"
"81628","57823579","58344126"
"81629","57823586","58344472"
"81630","57823588","59211576"
"81631","57824025","58151586"
"81632","57824025","57821282"
"81633","58138976","58143694"
"81634","58139934","58140214"
"81635","58139937","58340895"
"81636","58140091","58342137"
"81637","58140091","92250168"
"81638","58140194","58140779"
"81639","58140229","58344365"
"81640","58140229","97753693"
"81641","58140255","94195542"
"81642","58140287","58143285"
"81643","58140594","57822873"
"81644","58140666","59660219"
"81645","58140777","58139928"
"81646","58140777","57823511"
"81647","58140777","58339889"
"81648","58140778","71488078"
"81649","58140779","58344548"
"81650","58140779","58342498"
"81651","58140802","58140961"
"81652","58140802","58141570"
"81653","58140802","57822418"
"81654","58141211","58143822"
"81655","58141307","58342703"
"81656","58141383","57823313"
"81657","58141437","58342264"
"81658","58142294","58344336"
"81659","58142458","58143687"
"81660","58142688","58341537"
"81661","58143183","58343364"
"81662","58143207","97750409"
"81663","58143207","58340074"
"81664","58143207","57821156"
"81665","58143208","86678358"
"81666","58143209","58143297"
"81667","58143209","57822326"
"81668","58143213","57822590"
"81669","58143213","96093456"
"81670","58143213","57821123"
"81671","58143281","57823470"
"81672","58143281","58142941"
"81673","58143281","92447338"
"81674","58143295","58143821"
"81675","58143435","67690792"
"81676","58143435","58344685"
"81677","58143435","58341559"
"81678","58143436","57820637"
"81679","58143437","94202509"
"81680","58143437","57823579"
"81681","58143441","58143864"
"81682","58143441","58140107"
"81683","58143441","57823376"
"81684","58143619","58343879"
"81685","58143704","58143499"
"81686","58143717","58341422"
"81687","58143737","57380048"
"81688","58143761","103342063"
"81689","58143770","58143131"
"81690","58143783","99978680"
"81691","58143796","58349633"
"81692","58143809","58344126"
"81693","58143822","57821537"
"81694","58143835","99971119"
"81695","58143864","57822924"
"81696","58143871","103501774"
"81697","58143873","58343809"
"81698","58144310","58143873"
"81699","58144310","58139150"
"81700","58340045","57822638"
"81701","58340720","58141379"
"81702","58340723","57823370"
"81703","58340875","58143813"
"81704","58340875","57822173"
"81705","58340977","57819836"
"81706","58341011","58341838"
"81707","58341011","57819910"
"81708","58341035","58344277"
"81709","58341066","58143416"
"81710","58341380","57820313"
"81711","58341450","57823524"
"81712","58341557","86678490"
"81713","58341557","57821896"
"81714","58341557","57823510"
"81715","58341558","58143496"
"81716","58341559","58340871"
"81717","58341559","57823489"
"81718","58341582","58349658"
"81719","58341582","57821212"
"81720","58341582","99971051"
"81721","58342065","58142634"
"81722","58342137","58340021"
"81723","58342189","58143207"
"81724","58343038","58143441"
"81725","58343422","57822403"
"81726","58343879","58142607"
"81727","58343901","58143608"
"81728","58343901","58143165"
"81729","58343901","58342353"
"81730","58343902","64977457"
"81731","58343903","58343423"
"81732","58343903","58341663"
"81733","58343907","57823264"
"81734","58343907","58142982"
"81735","58343907","58341582"
"81736","58343968","58142125"
"81737","58343968","57823541"
"81738","58343968","88625024"
"81739","58343982","58143755"
"81740","58344110","58143295"
"81741","58344110","58342869"
"81742","58344110","58343064"
"81743","58344111","61687064"
"81744","58344112","58344284"
"81745","58344112","58349636"
"81746","58344116","58343858"
"81747","58344116","57822349"
"81748","58344116","58141514"
"81749","58344294","58340878"
"81750","58344379","58344380"
"81751","58344392","57823536"
"81752","58344412","58141125"
"81753","58344436","57822604"
"81754","58344445","58143551"
"81755","58344458","96093456"
"81756","58344471","58141437"
"81757","58344484","58344263"
"81758","58344497","58141218"
"81759","58344510","58142294"
"81760","58344539","57822880"
"81761","58344546","58140962"
"81762","58344548","57822621"
"81763","57823387","58340016"
"81764","58143672","65801032"
"81765","58344347","58144026"
"81766","57822552","58143760"
"81767","57822569","58343590"
"81768","57822586","57823397"
"81769","58142837","69500073"
"81770","58142854","58143653"
"81771","58142871","58143283"
"81772","58343556","64916575"
"81773","58343573","58143552"
"81774","58343590","58340729"
"81775","57818884","99978184"
"81776","57819571","58143661"
"81777","57819571","58342162"
"81778","57819571","58340859"
"81779","57819571","58343985"
"81780","57820617","58138963"
"81781","57820617","58344186"
"81782","57820617","58340686"
"81783","57820617","58143209"
"81784","57820617","58344412"
"81785","57820617","61774859"
"81786","57820780","57821537"
"81787","57820780","58343404"
"81788","57821195","78888301"
"81789","57821686","58143558"
"81790","57821686","58343984"
"81791","57821686","58140714"
"81792","57821821","57821873"
"81793","57821821","58342065"
"81794","57821821","57822243"
"81795","57821821","97748625"
"81796","57821821","58343695"
"81797","57821821","58344510"
"81798","57821821","58143800"
"81799","57821821","58342652"
"81800","57821821","58342248"
"81801","57821821","58143782"
"81802","57821821","103342063"
"81803","57821821","58140778"
"81804","57821821","58143647"
"81805","57821821","65797379"
"81806","57821821","58143494"
"81807","57821821","58140107"
"81808","57821821","67694147"
"81809","57821821","57823298"
"81810","57821821","57823376"
"81811","57821821","57818468"
"81812","57821821","57822319"
"81813","57821821","57820086"
"81814","57821821","58140360"
"81815","57821821","58140594"
"81816","57821821","58140121"
"81817","57821821","58341553"
"81818","57821821","58143967"
"81819","57821821","58139060"
"81820","57821821","58140943"
"81821","57821821","57820639"
"81822","57821821","58139169"
"81823","57821821","58142906"
"81824","57821821","58341699"
"81825","57821821","88626818"
"81826","57821821","57819666"
"81827","57821821","57820381"
"81828","57821821","58343865"
"81829","57821821","58142871"
"81830","57821821","57820929"
"81831","57821821","58341724"
"81832","57822319","57823452"
"81833","57822319","58344646"
"81834","57822693","58344174"
"81835","57822693","58342029"
"81836","57822739","58343625"
"81837","57822739","58143608"
"81838","57822949","57822928"
"81839","57823335","58344256"
"81840","57823362","58143721"
"81841","57823362","58143094"
"81842","57823375","57820771"
"81843","57823375","58141373"
"81844","58139169","58344253"
"81845","58139856","58341662"
"81846","58139856","58340726"
"81847","58139856","58344023"
"81848","58139856","58139140"
"81849","58140902","58340969"
"81850","58140902","58341721"
"81851","58140902","57818885"
"81852","58140902","57823166"
"81853","58140902","58340883"
"81854","58140902","57821339"
"81855","58141065","58143799"
"81856","58141065","69500030"
"81857","58141480","92445568"
"81858","58141971","57822999"
"81859","58141971","58143949"
"81860","58141971","58142716"
"81861","58142106","57819947"
"81862","58142106","57822922"
"81863","58142106","58344458"
"81864","58142106","58142604"
"81865","58142106","58336021"
"81866","58142106","58143784"
"81867","58142106","58143703"
"81868","58142106","58340724"
"81869","58142106","58139170"
"81870","58142106","57822621"
"81871","58142106","58140229"
"81872","58142106","58343320"
"81873","58142106","57823523"
"81874","58142106","58140388"
"81875","58142106","103080132"
"81876","58142106","80122681"
"81877","58142106","58341537"
"81878","58142106","58341990"
"81879","58142106","57821123"
"81880","58142106","65797304"
"81881","58142106","58341177"
"81882","58142106","57822532"
"81883","58142106","58343982"
"81884","58142106","96099240"
"81885","58142106","58341012"
"81886","58142106","57818663"
"81887","58142106","57822898"
"81888","58142106","58341976"
"81889","58142106","71482706"
"81890","58142106","58343038"
"81891","58142106","62955148"
"81892","58142106","57823266"
"81893","58142106","92447388"
"81894","58142106","58341547"
"81895","58142106","78888230"
"81896","58142106","103335270"
"81897","58142106","57822569"
"81898","58142106","58341065"
"81899","58142106","57822694"
"81900","58142106","58143210"
"81901","58142604","58141676"
"81902","58142604","57823357"
"81903","58142978","86678490"
"81904","58142978","57818668"
"81905","58143024","57820103"
"81906","58143024","58344295"
"81907","58143234","57819571"
"81908","58143620","58143648"
"81909","58143647","57821359"
"81910","58143647","99972689"
"81911","58143660","94195674"
"81912","58143660","86678402"
"81913","58340172","65982878"
"81914","58341662","92255934"
"81915","58341662","58343422"
"81916","58341662","57823237"
"81917","58341662","58343319"
"81918","58341662","86678422"
"81919","58341826","57823586"
"81920","58341826","57822999"
"81921","58342230","58140773"
"81922","58342715","58140777"
"81923","58342715","58340172"
"81924","58342715","58139171"
"81925","58342850","58143796"
"81926","58342850","58141824"
"81927","58342850","57822009"
"81928","58342850","58340020"
"81929","58342850","58140708"
"81930","58342850","58344139"
"81931","58342850","58344554"
"81932","58342850","58141117"
"81933","58342850","58340144"
"81934","58342850","57822604"
"81935","58342850","57823423"
"81936","58342850","58143726"
"81937","58342850","103335189"
"81938","58342850","58143704"
"81939","58342850","57820843"
"81940","58342850","57822013"
"81941","58342850","58343984"
"81942","58342850","58341204"
"81943","58342850","57823335"
"81944","58342850","58344169"
"81945","58342850","57822646"
"81946","58342850","58344483"
"81947","58342850","58341973"
"81948","58342850","58343001"
"81949","58342850","58344126"
"81950","58342850","57818666"
"81951","58342850","57820493"
"81952","58342850","58344211"
"81953","58342850","58341066"
"81954","58342850","58141056"
"81955","58342850","57820074"
"81956","58342850","64909984"
"81957","58342850","58344461"
"81958","58342850","58143770"
"81959","58342850","58344264"
"81960","58342850","58141111"
"81961","58342850","58140111"
"81962","58342850","58141567"
"81963","58343319","58341194"
"81964","58343319","96097490"
"81965","58343694","57819771"
"81966","58343694","57821093"
"81967","58343735","58141216"
"81968","58343925","58341582"
"81969","58344295","58143737"
"81970","58344322","58341560"
"81971","58344322","57823488"
"81972","58344335","58143718"
"81973","58344335","94199150"
"81974","57820070","88669797"
"81975","57820070","57821539"
"81976","57823261","58344357"
"81977","57823262","58271867"
"81978","57823263","57822949"
"81979","58140355","58340683"
"81980","58140355","58139149"
"81981","58143546","58341547"
"81982","58143547","71484928"
"81983","58143548","57822846"
"81984","58341144","58342715"
"81985","58341144","103335140"
"81986","58344221","57823272"
"81987","58344222","69500071"
"81988","58344223","96099178"
"81989","57819820","58341144"
"81990","57819821","57822819"
"81991","57819860","58342132"
"81992","57819860","58343634"
"81993","57819860","61578756"
"81994","57821443","58143165"
"81995","57821532","58343329"
"81996","58140105","57829182"
"81997","58140106","62955148"
"81998","58140145","58344222"
"81999","58140145","58142837"
"82000","58140145","58140188"
"82001","58141728","58343800"
"82002","58141817","88669863"
"82003","58340889","58344161"
"82004","58340890","57820840"
"82005","58340926","57822694"
"82006","58340926","58340875"
"82007","58340926","58140355"
"82008","58342478","58143548"
"82009","58342559","58342906"
"82010","57820049","58142323"
"82011","57822395","58343901"
"82012","58140334","58143708"
"82013","58142680","58140145"
"82014","58341123","58143280"
"82015","58343413","58341205"
"82016","57819898","99972678"
"82017","57819898","57821617"
"82018","57823229","58343573"
"82019","57823229","58138952"
"82020","57823230","58141624"
"82021","57823282","58140194"
"82022","57823282","58341035"
"82023","57823283","58140666"
"82024","58140183","57818682"
"82025","58140183","58143783"
"82026","58143514","58142854"
"82027","58143514","57823373"
"82028","58143515","58343438"
"82029","58143567","65797311"
"82030","58143567","58140287"
"82031","58143568","57820049"
"82032","58340966","57823219"
"82033","58340966","58343023"
"82034","58344189","58344710"
"82035","58344189","57820385"
"82036","58344190","57818679"
"82037","58344242","57823282"
"82038","58344242","88671633"
"82039","58344243","58142275"
"82040","57820069","57822173"
"82041","57820616","58142862"
"82042","57820779","58140640"
"82043","57821194","58143183"
"82044","57821685","58341826"
"82045","57821820","58341661"
"82046","57822318","58344436"
"82047","57823289","58139936"
"82048","57823308","58141228"
"82049","57823351","57819909"
"82050","57823356","58341664"
"82051","57823598","58140081"
"82052","57823598","58138967"
"82053","57823656","57823151"
"82054","57823656","58342566"
"82055","57823656","58142680"
"82056","57823656","58143689"
"82057","57823656","69499915"
"82058","57823656","57820602"
"82059","57823656","57823261"
"82060","57823656","58143648"
"82061","57823656","58341705"
"82062","58140354","58143442"
"82063","58140901","58344249"
"82064","58141064","57823441"
"82065","58141479","88626801"
"82066","58141970","58342111"
"82067","58142105","64914067"
"82068","58142603","58140094"
"82069","58143574","92250152"
"82070","58143593","58342515"
"82071","58143636","64909962"
"82072","58143641","57822569"
"82073","58143883","58143989"
"82074","58143883","80129600"
"82075","58143941","69499915"
"82076","58143941","57823113"
"82077","58143941","57819649"
"82078","58143941","88674532"
"82079","58143941","88626792"
"82080","58143941","58143563"
"82081","58143941","64914223"
"82082","58143941","58141905"
"82083","58143941","57820332"
"82084","58341143","57823324"
"82085","58341661","58344539"
"82086","58341825","92445568"
"82087","58342229","58141479"
"82088","58342714","96094775"
"82089","58342849","57821391"
"82090","58343318","58141676"
"82091","58344249","57822552"
"82092","58344268","58340727"
"82093","58344311","58142137"
"82094","58344316","58142871"
"82095","58344558","57818855"
"82096","58344558","58341392"
"82097","58344619","58142458"
"82098","58344619","61774858"
"82099","58344619","58141676"
"82100","58344619","58340722"
"82101","58344619","103080077"
"82102","58344619","58141624"
"82103","58344619","57829210"
"82104","58344619","57820496"
"82105","58344619","57819571"
"82106","57820491","88626781"
"82107","57820491","58143548"
"82108","57820491","67690193"
"82109","57822921","57823554"
"82110","57822921","57819899"
"82111","57822921","58341430"
"82112","57823149","58344391"
"82113","57823149","57819655"
"82114","57823149","57823515"
"82115","57823239","57822039"
"82116","57823239","58143671"
"82117","58140776","58344501"
"82118","58140776","57821996"
"82119","58140776","58143504"
"82120","58143206","57823263"
"82121","58143206","57823550"
"82122","58143206","58341647"
"82123","58143434","58344224"
"82124","58143434","94195550"
"82125","58143434","57823476"
"82126","58143524","57818667"
"82127","58143524","57820494"
"82128","58341556","58140145"
"82129","58341556","57820084"
"82130","58341556","65802436"
"82131","58343900","57819651"
"82132","58343900","58343573"
"82133","58343900","58349638"
"82134","58344109","58142688"
"82135","58344109","59658737"
"82136","58344109","65802856"
"82137","58344199","58344558"
"82138","58344199","58142133"
"82139","57823240","58142854"
"82140","57823371","80122681"
"82141","58143525","92250240"
"82142","58143656","58142105"
"82143","58344200","57821152"
"82144","58344331","58340723"
"82145","57819816","58342564"
"82146","57820048","58143574"
"82147","57823596","58139061"
"82148","57823661","57821876"
"82149","58140101","57819816"
"82150","58140333","58343253"
"82151","58143881","58143690"
"82152","58143946","88626836"
"82153","58340885","58143524"
"82154","58341122","58344221"
"82155","58344556","99971019"
"82156","58344624","57819944"
"82157","57819904","57821123"
"82158","57819904","58340968"
"82159","57819904","57821391"
"82160","57820068","58344333"
"82161","57820615","57823013"
"82162","57820778","58341065"
"82163","57821193","58342606"
"82164","57821684","58143441"
"82165","57821819","58140230"
"82166","57822317","58142889"
"82167","58140189","57820394"
"82168","58140189","61578723"
"82169","58140189","58343970"
"82170","58140353","57822478"
"82171","58140900","58139043"
"82172","58141063","61680590"
"82173","58141478","58142703"
"82174","58141969","58342849"
"82175","58142104","94195550"
"82176","58142602","57823588"
"82177","58340972","58343907"
"82178","58340972","58344110"
"82179","58340972","58143660"
"82180","58341142","58141307"
"82181","58341660","58343042"
"82182","58341824","58140955"
"82183","58342228","61775383"
"82184","58342713","58343642"
"82185","58342848","58344233"
"82186","58343317","58143515"
"82187","57823564","57822380"
"82188","57823593","58344223"
"82189","58143849","57820050"
"82190","58143878","57819970"
"82191","58344524","57821821"
"82192","58344553","57821585"
"82193","57819818","58143451"
"82194","57819818","58143878"
"82195","57819818","58140368"
"82196","57822463","57819860"
"82197","57823566","96096440"
"82198","57823566","58142665"
"82199","58140103","57820186"
"82200","58140103","58140776"
"82201","58140103","57823537"
"82202","58142748","58143892"
"82203","58143851","58340124"
"82204","58143851","58140145"
"82205","58340887","57820211"
"82206","58340887","58344524"
"82207","58340887","58344275"
"82208","58343473","58141478"
"82209","58344526","58344086"
"82210","58344526","57823267"
"82211","57823459","67695003"
"82212","57823567","57823209"
"82213","58143744","58143436"
"82214","58143852","58343608"
"82215","58344419","57823704"
"82216","58344527","104170238"
"82217","57823218","97745806"
"82218","57823218","57822276"
"82219","57823271","58344526"
"82220","57823271","64910056"
"82221","58143503","57820780"
"82222","58143503","58344471"
"82223","58143556","58141902"
"82224","58143556","99970979"
"82225","58344178","58138948"
"82226","58344178","58143525"
"82227","58344231","58141971"
"82228","58344231","57823362"
"82229","57821091","57823459"
"82230","57821091","58344283"
"82231","57821091","57819941"
"82232","57823234","57823374"
"82233","57823235","58143521"
"82234","57823236","57823596"
"82235","57823288","57819860"
"82236","57823288","57823599"
"82237","57823307","58141957"
"82238","57823307","57823211"
"82239","57823453","57820517"
"82240","58141376","88626843"
"82241","58141376","58139131"
"82242","58141376","58141969"
"82243","58143519","58343224"
"82244","58143520","58143847"
"82245","58143521","59217289"
"82246","58143573","58343453"
"82247","58143573","58342924"
"82248","58143592","58142906"
"82249","58143592","58341133"
"82250","58143738","58344181"
"82251","58342130","88625024"
"82252","58342130","99972678"
"82253","58342130","57829190"
"82254","58344194","57821098"
"82255","58344195","58140186"
"82256","58344196","58341011"
"82257","58344248","58141377"
"82258","58344248","57822925"
"82259","58344267","58143573"
"82260","58344267","58143787"
"82261","58344413","57823528"
"82262","57820925","57821391"
"82263","57821965","58340972"
"82264","57821969","58142633"
"82265","57821969","58343317"
"82266","57822022","58344412"
"82267","57822022","58340950"
"82268","57822037","71482603"
"82269","57822041","96096440"
"82270","57822041","57821602"
"82271","57823312","58343904"
"82272","57823417","58142923"
"82273","57823430","58342850"
"82274","57823483","58143671"
"82275","57823496","58143968"
"82276","57823509","58344624"
"82277","57823522","59211945"
"82278","57823535","99975624"
"82279","57823548","57819903"
"82280","58141210","103080200"
"82281","58142250","58344707"
"82282","58142254","58142603"
"82283","58142254","58340175"
"82284","58142307","78895199"
"82285","58142307","58140167"
"82286","58142322","57821685"
"82287","58142326","57820311"
"82288","58142326","58340867"
"82289","58143597","58139930"
"82290","58143702","58340978"
"82291","58143715","57818695"
"82292","58143768","58344190"
"82293","58143781","57823527"
"82294","58143794","58344392"
"82295","58143807","58143851"
"82296","58143820","57822441"
"82297","58143833","58341129"
"82298","58341972","57820925"
"82299","58343000","58344111"
"82300","58343062","97752722"
"82301","58343066","58343698"
"82302","58343066","58142326"
"82303","58344272","57823152"
"82304","58344377","71487510"
"82305","58344390","57822463"
"82306","58344443","57820491"
"82307","58344456","58341875"
"82308","58344469","57823285"
"82309","58344482","58342209"
"82310","58344495","58143892"
"82311","58344508","58344413"
"82312","57818680","58143619"
"82313","57818774","58344333"
"82314","57818774","58344470"
"82315","57819636","57821690"
"82316","57819637","58140887"
"82317","57819638","57823166"
"82318","57819639","58143435"
"82319","57819640","57823593"
"82320","57819641","58151584"
"82321","57819648","58344390"
"82322","57819650","57820069"
"82323","57819672","57823143"
"82324","57820047","57821990"
"82325","57820184","58139957"
"82326","57820232","58142884"
"82327","57820260","57822395"
"82328","57820516","57823272"
"82329","57820928","58342606"
"82330","57821017","80127830"
"82331","57821118","58344377"
"82332","57821968","58340710"
"82333","57821980","57821684"
"82334","57822003","58140942"
"82335","57822003","58141065"
"82336","57822018","88626801"
"82337","57822033","58139955"
"82338","57822040","58340034"
"82339","57822052","58144310"
"82340","57822347","57822957"
"82341","57822350","57823473"
"82342","57822364","58344283"
"82343","57822364","58341886"
"82344","57822408","58143807"
"82345","57822412","58344232"
"82346","57822565","86682004"
"82347","57822582","58143234"
"82348","57822599","58344116"
"82349","57822617","57822003"
"82350","57822634","58141731"
"82351","57822651","57822612"
"82352","57823002","58142251"
"82353","57823147","57823010"
"82354","57823660","57823441"
"82355","57823660","57820931"
"82356","57824015","57821194"
"82357","57824015","58341817"
"82358","58138965","88625024"
"82359","58139059","58151580"
"82360","58139059","58349629"
"82361","58139921","58344497"
"82362","58139922","58340686"
"82363","58139923","58143768"
"82364","58139924","92250179"
"82365","58139925","58142919"
"82366","58139926","57822431"
"82367","58139933","58143486"
"82368","58139935","58344469"
"82369","58139957","58344109"
"82370","58140332","58141064"
"82371","58140469","58342719"
"82372","58140517","58344178"
"82373","58140545","58341143"
"82374","58140801","58142326"
"82375","58141213","86678344"
"82376","58141302","57823235"
"82377","58141403","58143158"
"82378","58142253","58141210"
"82379","58142265","58139856"
"82380","58142288","58344200"
"82381","58142288","58139856"
"82382","58142303","61578752"
"82383","58142318","58143786"
"82384","58142325","58140101"
"82385","58142337","58139960"
"82386","58142632","57819670"
"82387","58142635","58142602"
"82388","58142649","58139926"
"82389","58142649","58140802"
"82390","58142693","57820068"
"82391","58142697","58340033"
"82392","58142850","58143434"
"82393","58142867","58138753"
"82394","58142884","103335139"
"82395","58142902","58139933"
"82396","58142919","58142845"
"82397","58142936","58344232"
"82398","58143287","57822350"
"82399","58143432","57823391"
"82400","58143945","58143579"
"82401","58143945","58342130"
"82402","58144300","57823156"
"82403","58144300","57823535"
"82404","58340034","58143567"
"82405","58340072","57823240"
"82406","58340072","57819650"
"82407","58340707","57823496"
"82408","58340708","57823688"
"82409","58340709","58344553"
"82410","58340710","58343625"
"82411","58340711","57823282"
"82412","58340712","57823262"
"82413","58340719","58143941"
"82414","58340721","92447342"
"82415","58340743","94202508"
"82416","58341121","57821174"
"82417","58341259","57823218"
"82418","58341303","58344704"
"82419","58341332","58140183"
"82420","58341581","57822003"
"82421","58341975","57818887"
"82422","58342060","58139932"
"82423","58342157","57822617"
"82424","58343003","57821589"
"82425","58343015","59669207"
"82426","58343032","58143213"
"82427","58343032","57818680"
"82428","58343047","78888231"
"82429","58343060","58143619"
"82430","58343065","57819646"
"82431","58343077","58344232"
"82432","58343347","58343974"
"82433","58343350","58143881"
"82434","58343362","57823166"
"82435","58343394","58342111"
"82436","58343429","67690193"
"82437","58343430","58143208"
"82438","58343572","96097490"
"82439","58343589","57821998"
"82440","58343606","58341422"
"82441","58343624","58143610"
"82442","58343641","71482577"
"82443","58343658","58143761"
"82444","58343974","57819901"
"82445","58344107","58343028"
"82446","58344623","58343362"
"82447","58344623","58344248"
"82448","57819897","58341824"
"82449","57819897","58344231"
"82450","57819897","71483502"
"82451","57819897","58141210"
"82452","58140182","99972764"
"82453","58140182","58143835"
"82454","58140182","58143737"
"82455","58140182","58341660"
"82456","58340965","64909962"
"82457","58340965","58143648"
"82458","58340965","58343903"
"82459","58340965","58141383"
"82460","57818790","103492418"
"82461","57820450","96097490"
"82462","57820450","57823563"
"82463","57820450","61578691"
"82464","57820450","103335139"
"82465","57820450","58143437"
"82466","57820930","57821091"
"82467","57820930","58142322"
"82468","57820930","57823594"
"82469","57823595","57823502"
"82470","58139075","58143206"
"82471","58140735","57822380"
"82472","58140735","57823323"
"82473","58140735","96093474"
"82474","58140735","58343624"
"82475","58140735","58344362"
"82476","58141215","58344182"
"82477","58141215","57820476"
"82478","58141215","57821990"
"82479","58143880","58343077"
"82480","58341515","58142649"
"82481","58341515","58142763"
"82482","58341977","58138778"
"82483","58341977","57823690"
"82484","58341977","57821823"
"82485","58344555","57823386"
"82486","57822430","58143687"
"82487","57823561","58143687"
"82488","58142715","57823239"
"82489","58143846","57821647"
"82490","58343447","57823296"
"82491","58344521","57821022"
"82492","57823197","58344475"
"82493","57823210","58339914"
"82494","57823341","57823373"
"82495","57823393","57820048"
"82496","57823472","57822347"
"82497","57823590","58143849"
"82498","58143482","57821968"
"82499","58143495","58139924"
"82500","58143626","58342230"
"82501","58143678","58341977"
"82502","58143757","86678429"
"82503","58143875","58343474"
"82504","58344157","57821532"
"82505","58344170","61687035"
"82506","58344301","57821837"
"82507","58344353","58142680"
"82508","58344432","58340873"
"82509","58344550","57823334"
"82510","57820596","57823522"
"82511","57820880","58344322"
"82512","57821835","57823375"
"82513","57823565","58142108"
"82514","57823589","57821072"
"82515","57823589","58143084"
"82516","57823589","58143583"
"82517","57823589","58143941"
"82518","58140881","58344294"
"82519","58141165","57819642"
"82520","58142120","57818737"
"82521","58143850","58342228"
"82522","58143874","58142936"
"82523","58143874","58344622"
"82524","58143874","58343060"
"82525","58143874","103080200"
"82526","58341641","58138947"
"82527","58341927","58138965"
"82528","58342864","57375448"
"82529","58344525","57822018"
"82530","58344549","58344223"
"82531","58344549","58340741"
"82532","58344549","58143738"
"82533","58344549","58143620"
"82534","57822334","58143812"
"82535","58142619","57818758"
"82536","58343334","58344556"
"82537","57822847","58143820"
"82538","57822847","57822412"
"82539","57822847","58342229"
"82540","58143132","99978883"
"82541","58143132","58141913"
"82542","58143132","58343556"
"82543","58343835","58344379"
"82544","58343835","57818737"
"82545","58343835","58142254"
"82546","57821689","58140581"
"82547","57822169","57820596"
"82548","58141974","65982846"
"82549","58142454","58141480"
"82550","58342718","58141970"
"82551","58343175","58340719"
"82552","57823292","57823607"
"82553","57823297","58140471"
"82554","57823434","58143880"
"82555","57823495","58142605"
"82556","57823500","57818471"
"82557","57823547","57818471"
"82558","58143577","57822430"
"82559","58143582","58141376"
"82560","58143719","58138750"
"82561","58143780","58343902"
"82562","58143785","58341681"
"82563","58143832","58343179"
"82564","58344252","104170212"
"82565","58344257","71487510"
"82566","58344394","58344267"
"82567","58344455","57821195"
"82568","58344460","57822041"
"82569","58344507","58344272"
"82570","57820595","58343350"
"82571","57820883","58143514"
"82572","57821834","58141052"
"82573","57823521","57823471"
"82574","57823526","58341014"
"82575","57823600","58341819"
"82576","58140880","58142726"
"82577","58141168","58342865"
"82578","58142119","57822022"
"82579","58143806","57823548"
"82580","58143811","58341146"
"82581","58143885","57819637"
"82582","58341640","57823590"
"82583","58341930","58138753"
"82584","58342863","58143743"
"82585","58344481","58341149"
"82586","58344486","58140056"
"82587","58344560","94195515"
"82588","57820422","57823214"
"82589","57820422","58340034"
"82590","57820964","58142620"
"82591","57820964","58140189"
"82592","57820964","57823600"
"82593","57822333","57823590"
"82594","58140707","58142325"
"82595","58140707","57823432"
"82596","58141249","58140103"
"82597","58141249","58340885"
"82598","58141249","58343047"
"82599","58142618","58341837"
"82600","58341490","58142902"
"82601","58341490","58141168"
"82602","58342010","58142850"
"82603","58342010","58344310"
"82604","58342010","57822318"
"82605","58343333","57823234"
"82606","57821688","58341682"
"82607","57823428","58342717"
"82608","58141973","58140882"
"82609","58143713","103336826"
"82610","58342717","58339883"
"82611","58344388","58142113"
"82612","57821507","99976797"
"82613","57821507","58342718"
"82614","57821558","57820309"
"82615","57821558","58344509"
"82616","57821692","58142104"
"82617","57821986","57820597"
"82618","57821986","58342701"
"82619","57822338","57823201"
"82620","57822476","57823150"
"82621","57823207","58142265"
"82622","57823212","69499951"
"82623","57823311","58139921"
"82624","57823316","57819818"
"82625","57823338","58143280"
"82626","57823343","57822040"
"82627","57823390","58144022"
"82628","57823395","57821689"
"82629","57823416","57823737"
"82630","57823421","57821836"
"82631","57823429","58142715"
"82632","57823469","58139929"
"82633","57823474","57823566"
"82634","57823482","58344189"
"82635","57823487","57819647"
"82636","57823508","58140900"
"82637","57823513","57820930"
"82638","57823534","65802856"
"82639","57823539","103335139"
"82640","57823552","104170272"
"82641","58141792","57821094"
"82642","58141792","58344116"
"82643","58141843","96099239"
"82644","58141843","58139161"
"82645","58141977","58143940"
"82646","58142271","57824015"
"82647","58142271","58143600"
"82648","58142623","61583876"
"82649","58142761","58142689"
"82650","58143492","58143676"
"82651","58143497","57823334"
"82652","58143596","58142205"
"82653","58143601","58143885"
"82654","58143623","65982820"
"82655","58143628","58340708"
"82656","58143675","58141357"
"82657","58143680","58143556"
"82658","58143701","58342111"
"82659","58143706","58142623"
"82660","58143714","57823213"
"82661","58143754","57819652"
"82662","58143759","58143677"
"82663","58143767","58340971"
"82664","58143772","58344092"
"82665","58143793","57820616"
"82666","58143798","57822464"
"82667","58143819","78888230"
"82668","58143824","57823149"
"82669","58143837","57822430"
"82670","58342536","58143844"
"82671","58342536","58343347"
"82672","58342581","58339885"
"82673","58342581","58341284"
"82674","58342721","58143514"
"82675","58343018","58343658"
"82676","58343018","58143511"
"82677","58343338","71485792"
"82678","58343484","57821688"
"82679","58344167","57821820"
"82680","58344172","57823368"
"82681","58344271","58340087"
"82682","58344276","58339886"
"82683","58344298","86678337"
"82684","58344303","58143779"
"82685","58344350","58344227"
"82686","58344355","58342721"
"82687","58344376","58344310"
"82688","58344381","58143944"
"82689","58344389","57823512"
"82690","58344429","58143624"
"82691","58344434","57820807"
"82692","58344442","57821092"
"82693","58344447","58344496"
"82694","58344468","58343865"
"82695","58344473","57823431"
"82696","58344494","96091368"
"82697","58344499","58341380"
"82698","58344512","57823664"
"82699","57821448","58141063"
"82700","57821467","58344179"
"82701","57821486","58142715"
"82702","57821510","57822997"
"82703","57821526","96099239"
"82704","57821526","58140353"
"82705","57821526","58143715"
"82706","57821541","58140286"
"82707","57821561","58141380"
"82708","57821562","57823520"
"82709","57821562","58344441"
"82710","57821691","92250179"
"82711","57822172","58138756"
"82712","57822172","58142945"
"82713","57822172","92440421"
"82714","57822172","80122681"
"82715","57822368","58143844"
"82716","57822423","58342010"
"82717","57822433","58339885"
"82718","57822445","58140880"
"82719","57822466","58340022"
"82720","57822480","57823308"
"82721","57822536","57818774"
"82722","57822660","64910051"
"82723","57824031","58343641"
"82724","58141733","57823428"
"82725","58141752","104170276"
"82726","58141771","58141817"
"82727","58141795","57819636"
"82728","58141811","58141676"
"82729","58141811","58344153"
"82730","58141811","58344550"
"82731","58141826","58143794"
"82732","58141846","57822445"
"82733","58141847","58141074"
"82734","58141847","57822480"
"82735","58141976","58141215"
"82736","58142457","58141733"
"82737","58142457","58142503"
"82738","58142457","94196986"
"82739","58142457","58139925"
"82740","58142653","58343590"
"82741","58142708","58343018"
"82742","58142718","58343556"
"82743","58142730","58140881"
"82744","58142751","58140209"
"82745","58142765","59658762"
"82746","58142821","57821193"
"82747","58142945","58342864"
"82748","58144316","58142298"
"82749","58342483","57820943"
"82750","58342500","58342720"
"82751","58342517","58343178"
"82752","58342539","58343447"
"82753","58342568","58140496"
"82754","58342584","58341123"
"82755","58342585","57823430"
"82756","58342720","58340926"
"82757","58343178","58341558"
"82758","58343178","58344199"
"82759","58343178","57821448"
"82760","58343178","57822347"
"82761","58343366","57818463"
"82762","58343410","92447353"
"82763","58343443","58139934"
"82764","58343450","57820826"
"82765","58343457","62955281"
"82766","58343476","57821156"
"82767","58343488","58143874"
"82768","58343540","58342568"
"82769","58343664","57822172"
"82770","57822337","58341124"
"82771","57822818","58143522"
"82772","57822850","57822660"
"82773","58142622","57823607"
"82774","58143103","58344519"
"82775","58143135","57822695"
"82776","58343337","57820355"
"82777","58343808","57820925"
"82778","58343838","58344441"
"82779","57818488","104170213"
"82780","58138773","58143658"
"82781","57823232","58342517"
"82782","57823232","58343065"
"82783","57823233","57823166"
"82784","57823238","58344401"
"82785","57823259","59217289"
"82786","57823259","58343413"
"82787","57823260","103490481"
"82788","57823265","58140333"
"82789","58143517","58344195"
"82790","58143517","58143503"
"82791","58143518","57822408"
"82792","58143523","58343900"
"82793","58143544","58343015"
"82794","58143544","88675666"
"82795","58143545","58143103"
"82796","58143550","58340787"
"82797","58344192","58140340"
"82798","58344192","58344448"
"82799","58344193","67695420"
"82800","58344198","58140707"
"82801","58344219","59211468"
"82802","58344219","57823339"
"82803","58344220","58340887"
"82804","58344225","57822038"
"82805","57819654","57819809"
"82806","57819657","57822957"
"82807","57819657","58342712"
"82808","57819659","57823303"
"82809","57819661","103335800"
"82810","57819663","58343337"
"82811","57819665","58343362"
"82812","57819667","57822599"
"82813","57819669","58139956"
"82814","57819673","58340967"
"82815","57819674","58340707"
"82816","57820067","57823193"
"82817","57820594","58141977"
"82818","57820614","57823307"
"82819","57820777","58141164"
"82820","57820879","57819657"
"82821","57820879","58142619"
"82822","57821192","57822441"
"82823","57821538","58344020"
"82824","57821683","57821686"
"82825","57821687","58142253"
"82826","57821687","58341825"
"82827","57821818","57823606"
"82828","57821833","57823415"
"82829","57822316","58139944"
"82830","57822332","58341122"
"82831","57822336","58341642"
"82832","57822365","58143720"
"82833","57822365","57819860"
"82834","57822477","57823197"
"82835","57823687","57822336"
"82836","57823687","58141214"
"82837","57823687","57823418"
"82838","57823687","58143567"
"82839","57823687","57823559"
"82840","57823687","80125759"
"82841","57823687","58143287"
"82842","57823687","96097490"
"82843","57823687","58344443"
"82844","57823687","58143611"
"82845","57823687","58143622"
"82846","57823687","58343004"
"82847","57823687","58344456"
"82848","57823687","58340072"
"82849","57823687","58142978"
"82850","57823687","58344153"
"82851","57823687","58343473"
"82852","57823687","58342714"
"82853","57823687","69499915"
"82854","57823687","58343453"
"82855","57823687","58142103"
"82856","57823687","58143545"
"82857","57823687","58340743"
"82858","57823687","96099318"
"82859","57823687","57818464"
"82860","57823687","57818465"
"82861","57823687","58343450"
"82862","57823687","58141249"
"82863","57823687","58142889"
"82864","57823687","92447353"
"82865","57823687","57820422"
"82866","57823687","57823219"
"82867","57823687","57823434"
"82868","57823687","58139948"
"82869","57823687","58143518"
"82870","57823687","57823415"
"82871","57823687","58344555"
"82872","57823687","57823312"
"82873","57823687","58341659"
"82874","57823687","58142535"
"82875","57823687","57823656"
"82876","57823687","58143242"
"82877","57823687","80127830"
"82878","57823687","58141976"
"82879","57823687","57821965"
"82880","57823687","58141166"
"82881","57823687","57821561"
"82882","57823687","58143871"
"82883","57823687","58143848"
"82884","57823687","58143726"
"82885","57823687","58340711"
"82886","57823687","58143602"
"82887","57823687","57821850"
"82888","57823687","58143702"
"82889","57823687","58141887"
"82890","57823687","58142106"
"82891","57823687","57823260"
"82892","57823687","57819654"
"82893","57823687","57823208"
"82894","57823687","58344401"
"82895","57823687","58143700"
"82896","57823687","58340744"
"82897","57823687","58344445"
"82898","57823687","57823058"
"82899","57823687","57822957"
"82900","57823687","58343694"
"82901","57823687","58138744"
"82902","57823687","58143659"
"82903","57823687","58344431"
"82904","57823687","57819717"
"82905","57823687","57823389"
"82906","57823687","58344112"
"82907","57823687","58344642"
"82908","57823687","58343664"
"82909","57823687","57823598"
"82910","57823687","58343572"
"82911","57823687","58143568"
"82912","57823687","57822334"
"82913","57823687","58142804"
"82914","57823687","67690193"
"82915","57823687","58340734"
"82916","57823687","58143744"
"82917","57823687","58142665"
"82918","57823687","57823679"
"82919","57823687","57820594"
"82920","57823687","57823402"
"82921","57823687","58140902"
"82922","57823687","58341141"
"82923","57823687","57822317"
"82924","57823687","57820617"
"82925","57823687","57820964"
"82926","57823687","57823682"
"82927","57823687","57820880"
"82928","57823687","58143771"
"82929","57823687","57818865"
"82930","57823687","57819638"
"82931","57823687","58344116"
"82932","57823687","58341927"
"82933","57823687","58143519"
"82934","57823687","58138632"
"82935","57823687","57821991"
"82936","57823687","58340141"
"82937","57823687","57820614"
"82938","57823687","71483151"
"82939","57823687","58344546"
"82940","57823687","58339880"
"82941","57823687","57823494"
"82942","57823687","57822809"
"82943","57823687","57823326"
"82944","57823687","58141820"
"82945","57823687","57821687"
"82946","57823687","57821980"
"82947","57823687","58344567"
"82948","57823687","57822477"
"82949","57823687","58343316"
"82950","57823687","57823229"
"82951","57823687","58343484"
"82952","57823687","58143441"
"82953","57823687","57823226"
"82954","57823687","57821620"
"82955","57823687","58342537"
"82956","57823687","58340720"
"82957","57823687","58141974"
"82958","57823687","58342500"
"82959","57823687","103080200"
"82960","57823687","58344299"
"82961","57823687","58143635"
"82962","57823687","58141843"
"82963","57823687","58139950"
"82964","57823687","58139922"
"82965","57823687","58344194"
"82966","57823687","57820517"
"82967","57823687","57822466"
"82968","57823687","57823564"
"82969","57823687","58339889"
"82970","57823687","58140924"
"82971","57823687","58142728"
"82972","57823687","58344242"
"82973","57823687","58143682"
"82974","57823687","58340721"
"82975","57823687","57823230"
"82976","57823687","57823310"
"82977","57823687","92440421"
"82978","57823687","58143571"
"82979","57823687","58142632"
"82980","57823687","58143213"
"82981","57823687","57818680"
"82982","57823687","78888214"
"82983","57823687","58140879"
"82984","57823687","58340926"
"82985","57823687","58344523"
"82986","57823687","58343003"
"82987","57823687","58341142"
"82988","58139939","78888293"
"82989","58139942","58138756"
"82990","58139942","58139939"
"82991","58139944","58142118"
"82992","58139946","58344020"
"82993","58139948","57821920"
"82994","58139950","57823409"
"82995","58139952","57820808"
"82996","58139954","58343660"
"82997","58139958","57818884"
"82998","58139959","58343318"
"82999","58140352","57820880"
"83000","58140879","58343332"
"83001","58140899","58151888"
"83002","58141062","58142457"
"83003","58141164","57820777"
"83004","58141164","57820621"
"83005","58141477","57819643"
"83006","58141823","58344251"
"83007","58141968","57829195"
"83008","58141972","57823289"
"83009","58141972","58143300"
"83010","58142103","58343697"
"83011","58142118","58343363"
"83012","58142601","58140255"
"83013","58142617","58142765"
"83014","58142621","57821834"
"83015","58142650","57823291"
"83016","58142650","57818463"
"83017","58142762","58342060"
"83018","58143972","58344462"
"83019","58143972","58340745"
"83020","58143972","57819565"
"83021","58143972","57823272"
"83022","58143972","57821017"
"83023","58143972","58344493"
"83024","58143972","58139923"
"83025","58143972","58142649"
"83026","58143972","58140093"
"83027","58143972","58340718"
"83028","58143972","58141826"
"83029","58143972","58141823"
"83030","58143972","103335202"
"83031","58143972","58344653"
"83032","58143972","57823392"
"83033","58143972","58138747"
"83034","58143972","58343366"
"83035","58143972","57823310"
"83036","58143972","58143831"
"83037","58143972","57823509"
"83038","58143972","58344325"
"83039","58143972","57823494"
"83040","58143972","57823458"
"83041","58143972","88625024"
"83042","58143972","57820067"
"83043","58143972","58142718"
"83044","58143972","58344179"
"83045","58143972","57823415"
"83046","58143972","58143658"
"83047","58143972","57819659"
"83048","58143972","58142118"
"83049","58143972","62955148"
"83050","58143972","58139075"
"83051","58143972","58340730"
"83052","58143972","57819669"
"83053","58143972","58343808"
"83054","58143972","57820676"
"83055","58143972","58140184"
"83056","58143972","58341928"
"83057","58143972","57820517"
"83058","58143972","58342957"
"83059","58143972","58143482"
"83060","58143972","57823156"
"83061","58143972","57823291"
"83062","58143972","58339883"
"83063","58143972","58151563"
"83064","58143972","96099239"
"83065","58143972","58140759"
"83066","58143972","57823402"
"83067","58143972","58343933"
"83068","58143972","58343473"
"83069","58143972","58143451"
"83070","58143972","58340742"
"83071","58143972","57823419"
"83072","58143972","57821969"
"83073","58143972","57823546"
"83074","58143972","57821314"
"83075","58143972","57823520"
"83076","58143972","57820182"
"83077","58143972","57819860"
"83078","58143972","58340728"
"83079","58143972","58343925"
"83080","58143972","58343336"
"83081","58143972","57823350"
"83082","58143972","57820047"
"83083","58143972","57819661"
"83084","58143972","57823589"
"83085","58143972","58142121"
"83086","58143972","58141795"
"83087","58143972","61578691"
"83088","58143972","58339784"
"83089","58143972","57822365"
"83090","58143972","58341975"
"83091","58143972","57821538"
"83092","58143972","58340736"
"83093","58143972","86678390"
"83094","58143972","58138750"
"83095","58143972","58141676"
"83096","58143972","58143478"
"83097","58143972","58344618"
"83098","58143972","58344197"
"83099","58143972","58142621"
"83100","58143972","58141968"
"83101","58143972","58142761"
"83102","58143972","58139958"
"83103","58143972","58143779"
"83104","58143972","58343834"
"83105","58143972","58142821"
"83106","58143972","58340709"
"83107","58143972","57819641"
"83108","58143972","58139059"
"83109","58143972","58343349"
"83110","58143972","58140901"
"83111","58143972","92250117"
"83112","58143972","58143547"
"83113","58143972","58143891"
"83114","58143972","58343447"
"83115","58143972","58344454"
"83116","58143972","58138748"
"83117","58143972","58140145"
"83118","58143972","58142303"
"83119","58143972","58344189"
"83120","58143972","58344642"
"83121","58143972","58340032"
"83122","58143972","58344550"
"83123","58143972","58143726"
"83124","58143972","57823232"
"83125","58143972","104170213"
"83126","58143972","65803267"
"83127","58143972","58343430"
"83128","58143972","57823428"
"83129","58143972","57821233"
"83130","58143972","103335123"
"83131","58143972","58344508"
"83132","58143972","58142119"
"83133","58143972","58342862"
"83134","58143972","58140899"
"83135","58143972","58341639"
"83136","58143972","58344566"
"83137","58143972","58344495"
"83138","58143972","58341121"
"83139","58143972","58143520"
"83140","58143972","58142650"
"83141","58143972","57822338"
"83142","58143972","58143576"
"83143","58143972","58141624"
"83144","58143972","58143756"
"83145","58143972","103080069"
"83146","58143972","58343335"
"83147","58143972","58142653"
"83148","58143972","58342847"
"83149","58143972","57821391"
"83150","58143972","58343338"
"83151","58143972","58344168"
"83152","58143972","58341640"
"83153","58143972","57819663"
"83154","58143972","57820881"
"83155","58143972","58139954"
"83156","58143972","58140354"
"83157","58143972","58141973"
"83158","58143972","58142804"
"83159","58143972","57823497"
"83160","58143972","58344549"
"83161","58143972","58342638"
"83162","58143972","58341119"
"83163","58143972","58140056"
"83164","58143972","57823733"
"83165","58143972","58342584"
"83166","58143972","58342717"
"83167","58143972","58341641"
"83168","58143972","58142726"
"83169","58143972","57823595"
"83170","58143972","58138965"
"83171","58340725","57818464"
"83172","58340728","58143661"
"83173","58340728","58140091"
"83174","58340730","57823481"
"83175","58340732","58143451"
"83176","58340734","71487510"
"83177","58340736","58342539"
"83178","58340738","58143719"
"83179","58340740","58344388"
"83180","58340744","58143546"
"83181","58340745","88626766"
"83182","58341141","57823389"
"83183","58341639","58142632"
"83184","58341659","57823055"
"83185","58341823","58344480"
"83186","58341926","57823386"
"83187","58341926","57823741"
"83188","58342227","58340965"
"83189","58342565","58344153"
"83190","58342712","58141843"
"83191","58342716","58340087"
"83192","58342716","57823197"
"83193","58342847","96091368"
"83194","58342862","57820883"
"83195","58343316","58344166"
"83196","58343332","57822316"
"83197","58343336","57822693"
"83198","58343363","57819648"
"83199","58343485","57823232"
"83200","58344650","57824025"
"83201","58344650","86678422"
"83202","58344650","58141820"
"83203","58344650","58143833"
"83204","58344650","92250117"
"83205","58344650","57819673"
"83206","58344650","58343486"
"83207","58344650","58142271"
"83208","58344650","57819665"
"83209","58344650","57820070"
"83210","58344650","58140286"
"83211","58344650","57821969"
"83212","58344650","57819640"
"83213","58344650","57820660"
"83214","58344650","58142622"
"83215","58344650","58343485"
"83216","58344650","58341450"
"83217","58344650","58142837"
"83218","58344650","57823533"
"83219","58344650","80129516"
"83220","58344650","57822337"
"83221","58344650","58141062"
"83222","58344650","58340746"
"83223","58344650","58140091"
"83224","58344650","69500043"
"83225","58344650","97752722"
"83226","58344650","57822268"
"83227","58344650","57818790"
"83228","58344650","58342863"
"83229","58344650","57821819"
"83230","58344650","58139075"
"83231","58344650","58344274"
"83232","58344650","57823389"
"83233","58344650","57820779"
"83234","58344650","92440421"
"83235","58344650","58142761"
"83236","58344650","58143879"
"83237","58344650","57818488"
"83238","58344650","58343413"
"83239","58344650","96099310"
"83240","58344650","58344335"
"83241","58344650","57823498"
"83242","58344650","58142275"
"83243","58344650","58142307"
"83244","58344650","57819898"
"83245","58344650","57821691"
"83246","58344650","94195605"
"83247","58344650","57823265"
"83248","58344650","57822560"
"83249","58344650","58143885"
"83250","58344650","57823232"
"83251","58344650","99975624"
"83252","58344650","58343429"
"83253","58344650","57823314"
"83254","58344650","57819806"
"83255","58344650","58141972"
"83256","58344650","71483151"
"83257","58344650","58143753"
"83258","58344650","57819808"
"83259","58344650","58143717"
"83260","58344650","57821683"
"83261","58344650","57823546"
"83262","58344650","57821672"
"83263","58344650","58140352"
"83264","58344650","57819675"
"83265","58344650","78895198"
"83266","58344650","58143482"
"83267","58344650","58343004"
"83268","58344650","58344179"
"83269","58344650","58141975"
"83270","58344650","71483222"
"83271","58344650","57823166"
"83272","58344650","58340875"
"83273","58344650","57822928"
"83274","58344650","57823002"
"83275","58344650","57822433"
"83276","58344650","58343347"
"83277","58344650","58344157"
"83278","58344650","58344251"
"83279","58344650","58141973"
"83280","58344650","58142618"
"83281","58344650","58344107"
"83282","58344650","57821833"
"83283","58344650","58342536"
"83284","58344650","58142458"
"83285","58344650","69499951"
"83286","58344650","58140334"
"83287","58344650","57823233"
"83288","58344650","58142708"
"83289","58344650","57822651"
"83290","58344650","58143625"
"83291","58344650","58141822"
"83292","58344650","57823606"
"83293","58344650","58143795"
"83294","58344650","92250159"
"83295","58344650","57819897"
"83296","58344650","67695003"
"83297","58344650","58143766"
"83298","58344650","57823453"
"83299","58344650","57823206"
"83300","58344650","58143597"
"83301","58344650","58341927"
"83302","58344650","57821839"
"83303","58344650","57822033"
"83304","58344650","57823656"
"83305","58344650","58143557"
"83306","58344650","58143973"
"83307","58344650","57823288"
"83308","58344650","58139952"
"83309","58344650","58341972"
"83310","58344650","57820482"
"83311","58344650","65802436"
"83312","58344650","58143844"
"83313","58344650","57820654"
"83314","58344650","61774921"
"83315","58344650","58143451"
"83316","58344650","58343589"
"83317","58344650","58142875"
"83318","58344650","92447353"
"83319","58344650","57823236"
"83320","58344650","58141792"
"83321","58344650","58344441"
"83322","58344650","58344352"
"83323","58344650","57823687"
"83324","58344650","58143818"
"83325","58344650","58142283"
"83326","58344650","58138747"
"83327","58344650","103080069"
"83328","58344650","57822041"
"83329","58344650","57819565"
"83330","58344650","58140759"
"83331","58344650","57819672"
"83332","58344650","58343907"
"83333","58344650","57820055"
"83334","58344650","58344310"
"83335","58344650","57823283"
"83336","58344650","58143972"
"83337","58344650","57822364"
"83338","58344650","58344242"
"83339","58344650","58344506"
"83340","58344650","104170213"
"83341","58344650","88619876"
"83342","58344650","57823263"
"83343","58344650","58339769"
"83344","58344650","58344418"
"83345","58344650","64910458"
"83346","58344650","57823055"
"83347","58344650","58343333"
"83348","58344650","58341557"
"83349","58344650","57821467"
"83350","58344650","58139137"
"83351","58344650","58139959"
"83352","58344650","57820615"
"83353","58344650","57819639"
"83354","58344650","57819904"
"83355","58344650","58340732"
"83356","58344650","57822921"
"83357","57823628","57820778"
"83358","58143913","58340134"
"83359","58344591","57823559"
"83360","57823195","57821507"
"83361","57823196","58143674"
"83362","58143480","58142762"
"83363","58143481","58142318"
"83364","58344155","58344482"
"83365","58344156","58140195"
"83366","57823187","58340738"
"83367","57823188","57818790"
"83368","57823189","57822335"
"83369","57823652","58141213"
"83370","57823652","58344567"
"83371","57823653","58142751"
"83372","57823658","64916575"
"83373","58143472","57823402"
"83374","58143473","57821558"
"83375","58143474","57821285"
"83376","58143937","92440421"
"83377","58143937","57822634"
"83378","58143938","58344349"
"83379","58143943","57823661"
"83380","58344147","58343430"
"83381","58344148","58139937"
"83382","58344149","57822007"
"83383","58344615","58343488"
"83384","58344615","58340725"
"83385","58344616","57821486"
"83386","58344621","58343476"
"83387","57823572","58143883"
"83388","57823604","58344225"
"83389","57823634","57823664"
"83390","58143857","58143700"
"83391","58143889","58143550"
"83392","58143919","58143818"
"83393","58344532","58344616"
"83394","58344564","57821895"
"83395","57823194","58339909"
"83396","57823199","58143595"
"83397","58143479","58344323"
"83398","58143484","58141302"
"83399","58344154","57821541"
"83400","58344159","58142601"
"83401","57818483","57823603"
"83402","57818483","58344219"
"83403","58138768","58344220"
"83404","58138768","58339886"
"83405","58339904","58143831"
"83406","57823360","58344219"
"83407","57823360","65797302"
"83408","57823361","57818465"
"83409","58143645","58143544"
"83410","58143645","58139931"
"83411","58143646","58342131"
"83412","58344320","58143517"
"83413","58344320","58343049"
"83414","58344321","58143674"
"83415","57823191","58343394"
"83416","57823191","57823166"
"83417","57823191","57818347"
"83418","57823569","57823428"
"83419","57823569","57823481"
"83420","57823570","58141752"
"83421","58143476","57820355"
"83422","58143476","57822463"
"83423","58143476","92440421"
"83424","58143854","58143753"
"83425","58143854","58138768"
"83426","58143855","58142158"
"83427","58344151","58143478"
"83428","58344151","57823600"
"83429","58344151","58344148"
"83430","58344529","58344564"
"83431","58344529","57822565"
"83432","58344530","58344351"
"83433","57823571","88626781"
"83434","57823573","58341930"
"83435","57823574","57823679"
"83436","57823576","96099178"
"83437","57823578","58344530"
"83438","57823578","57818790"
"83439","57823578","57823652"
"83440","57823578","58344522"
"83441","58143856","58143805"
"83442","58143858","58344375"
"83443","58143859","57823196"
"83444","58143861","58140964"
"83445","58143863","58142337"
"83446","58143863","57823653"
"83447","58143863","58344519"
"83448","58143863","58143646"
"83449","58344531","57823337"
"83450","58344533","58143781"
"83451","58344534","58143451"
"83452","58344536","57818459"
"83453","58344538","58142307"
"83454","58344538","64909938"
"83455","58344538","57820879"
"83456","58344538","58143889"
"83457","57823269","57823580"
"83458","57823301","58343443"
"83459","57823301","57823177"
"83460","57823302","57821072"
"83461","57823333","58340198"
"83462","57823333","58341284"
"83463","57823412","58143724"
"83464","57823412","58341702"
"83465","57823413","57823259"
"83466","57823438","57822332"
"83467","57823438","58340712"
"83468","57823439","58143842"
"83469","57823504","58342565"
"83470","57823556","58143593"
"83471","57823556","58343971"
"83472","57823557","57821688"
"83473","58143554","58344538"
"83474","58143586","78888230"
"83475","58143586","57823577"
"83476","58143587","57820658"
"83477","58143618","58142250"
"83478","58143618","58143299"
"83479","58143697","58143474"
"83480","58143697","58344467"
"83481","58143698","57819667"
"83482","58143723","57823573"
"83483","58143723","57823569"
"83484","58143724","58140335"
"83485","58143789","58343334"
"83486","58143841","58342564"
"83487","58143841","57819674"
"83488","58143842","58140182"
"83489","58344229","58344506"
"83490","58344261","64910458"
"83491","58344261","58344536"
"83492","58344262","58344157"
"83493","58344293","58344506"
"83494","58344293","58138748"
"83495","58344372","58344320"
"83496","58344372","58143964"
"83497","58344373","57823361"
"83498","58344398","57822582"
"83499","58344398","57818371"
"83500","58344399","58344137"
"83501","58344464","58344532"
"83502","58344516","58344373"
"83503","58344516","58344428"
"83504","58344517","58344196"
"83505","57818660","97752722"
"83506","57823530","57823166"
"83507","57823530","57822552"
"83508","57823531","58143462"
"83509","57823650","58344193"
"83510","57823651","58344294"
"83511","57823651","58344617"
"83512","57823651","58143818"
"83513","57823651","58140921"
"83514","57823654","57823301"
"83515","57823654","58143698"
"83516","57823654","57823658"
"83517","57823654","58138656"
"83518","58138945","58344321"
"83519","58143815","58143831"
"83520","58143815","57818852"
"83521","58143816","57822476"
"83522","58143935","58143964"
"83523","58143936","57818483"
"83524","58143936","57822022"
"83525","58143936","57819671"
"83526","58143936","57820482"
"83527","58143939","58344149"
"83528","58143939","58344349"
"83529","58143939","57823557"
"83530","58143939","57823238"
"83531","58340014","58143493"
"83532","58344490","58342852"
"83533","58344490","58344155"
"83534","58344491","58143635"
"83535","58344613","57823468"
"83536","58344614","57823604"
"83537","58344614","58143792"
"83538","58344614","58143432"
"83539","58344614","57823520"
"83540","58344617","58344621"
"83541","58344617","58341823"
"83542","58344617","58344398"
"83543","57823633","58143891"
"83544","58143918","58344608"
"83545","58344596","57822320"
"83546","57818482","58343606"
"83547","57818490","58143857"
"83548","57818491","57823291"
"83549","57818491","57823463"
"83550","58138767","58344126"
"83551","58138775","58142617"
"83552","58138776","58341490"
"83553","58138776","58143930"
"83554","58339903","71482645"
"83555","58339911","58143674"
"83556","58339912","57823333"
"83557","58339912","57823269"
"83558","57823172","57823229"
"83559","57823203","57821818"
"83560","57823203","57823426"
"83561","57823204","58143622"
"83562","57823216","58141792"
"83563","57823216","58344251"
"83564","57823217","57823483"
"83565","57823320","57822333"
"83566","57823320","58344166"
"83567","57823321","58344346"
"83568","57823347","57823645"
"83569","57823347","58344388"
"83570","57823348","58143713"
"83571","57823399","58343179"
"83572","57823399","57823269"
"83573","57823400","58143632"
"83574","57823425","58143863"
"83575","57823425","57823195"
"83576","57823426","58143489"
"83577","57823457","58138662"
"83578","57823478","57822395"
"83579","57823478","58344614"
"83580","57823479","58344192"
"83581","57823491","58344540"
"83582","57823491","58344388"
"83583","57823492","57819571"
"83584","57823505","58343642"
"83585","57823517","80127830"
"83586","57823517","58344534"
"83587","57823518","57823457"
"83588","57823543","58143855"
"83589","57823543","57823659"
"83590","57823544","58344349"
"83591","58143457","57823634"
"83592","58143488","58143474"
"83593","58143488","58143885"
"83594","58143489","57823517"
"83595","58143501","58343540"
"83596","58143501","58344307"
"83597","58143502","58344399"
"83598","58143605","58143472"
"83599","58143605","57829190"
"83600","58143606","58344620"
"83601","58143632","57818660"
"83602","58143632","57823413"
"83603","58143633","58141624"
"83604","58143684","58341972"
"83605","58143684","57821833"
"83606","58143685","57823348"
"83607","58143710","58142254"
"83608","58143710","58344359"
"83609","58143711","58344196"
"83610","58143742","58344491"
"83611","58143763","57823166"
"83612","58143763","80129516"
"83613","58143764","57820002"
"83614","58143776","58143685"
"83615","58143776","58344226"
"83616","58143777","58344385"
"83617","58143790","58344372"
"83618","58143802","103342063"
"83619","58143802","57823173"
"83620","58143803","58143742"
"83621","58143828","58143839"
"83622","58143828","58143972"
"83623","58143829","58343062"
"83624","58344132","57823310"
"83625","58344163","58342374"
"83626","58344163","58142162"
"83627","58344164","58340966"
"83628","58344176","58344650"
"83629","58344176","58143622"
"83630","58344177","58344148"
"83631","58344280","58344268"
"83632","58344280","58143861"
"83633","58344281","57822476"
"83634","58344307","61578691"
"83635","58344307","58344385"
"83636","58344308","58143854"
"83637","58344359","58344533"
"83638","58344359","58143651"
"83639","58344360","58344614"
"83640","58344385","58143766"
"83641","58344385","57823543"
"83642","58344386","58143854"
"83643","58344417","58343333"
"83644","58344438","58344451"
"83645","58344438","58344307"
"83646","58344439","58344323"
"83647","58344451","94202508"
"83648","58344451","57823569"
"83649","58344452","58143557"
"83650","58344465","57823287"
"83651","58344477","58143713"
"83652","58344477","61578691"
"83653","58344478","58143779"
"83654","58344503","57823481"
"83655","58344503","58344452"
"83656","58344504","58344177"
"83657","57823180","57823147"
"83658","57823180","57818490"
"83659","57823180","58349636"
"83660","57823185","58143544"
"83661","57823558","58339901"
"83662","57823558","69499915"
"83663","57823629","57819826"
"83664","57823632","58143815"
"83665","57823663","58344493"
"83666","57823663","58344320"
"83667","57823675","58138749"
"83668","57823675","57823556"
"83669","57823680","58140089"
"83670","57823680","58344137"
"83671","57823681","57823347"
"83672","58143465","58151888"
"83673","58143465","57822364"
"83674","58143465","58344478"
"83675","58143470","58143816"
"83676","58143843","57823439"
"83677","58143843","58343066"
"83678","58143914","58344519"
"83679","58143917","58343030"
"83680","58143948","58344644"
"83681","58143948","57823628"
"83682","58143960","58138950"
"83683","58143960","58344270"
"83684","58143965","58142693"
"83685","58143965","57818485"
"83686","58143966","58344280"
"83687","58344140","58344490"
"83688","58344140","58142923"
"83689","58344140","58139927"
"83690","58344145","58140158"
"83691","58344518","57820928"
"83692","58344518","58143723"
"83693","58344592","58339911"
"83694","58344595","58143472"
"83695","58344626","57823507"
"83696","58344626","58344477"
"83697","58344638","57823301"
"83698","58344638","58343695"
"83699","58344643","58143587"
"83700","58344643","57823492"
"83701","58344644","57823615"
"83702","57823630","57823360"
"83703","57823631","58139075"
"83704","58143915","57821510"
"83705","58143916","58344643"
"83706","58344593","58344597"
"83707","58344594","58344133"
"83708","57823583","58143523"
"83709","57823605","58143915"
"83710","57823605","57822536"
"83711","57823605","58344438"
"83712","58143868","58343484"
"83713","58143890","58344451"
"83714","58143890","58342862"
"83715","58143890","57823531"
"83716","58344543","57823562"
"83717","58344565","58138770"
"83718","58344565","57818485"
"83719","58344565","58143938"
"83720","57823231","58143841"
"83721","57823242","58344359"
"83722","57823242","57818485"
"83723","57823243","57823347"
"83724","57823258","58143488"
"83725","57823258","57823271"
"83726","57823270","58344563"
"83727","57823290","57820101"
"83728","57823290","58341926"
"83729","57823322","57823507"
"83730","57823322","57820595"
"83731","57823349","57821535"
"83732","57823349","58143918"
"83733","57823401","58139935"
"83734","57823401","58140332"
"83735","57823427","58140802"
"83736","57823427","58340087"
"83737","57823440","58340014"
"83738","57823451","57823493"
"83739","57823451","58143516"
"83740","57823493","58143937"
"83741","57823493","57823681"
"83742","57823545","58344505"
"83743","57823545","62955148"
"83744","57823568","58143900"
"83745","57823568","58138765"
"83746","58143516","58143465"
"83747","58143527","57823333"
"83748","58143527","58143476"
"83749","58143528","58344594"
"83750","58143543","58143753"
"83751","58143543","57823568"
"83752","58143555","58143501"
"83753","58143575","58141676"
"83754","58143575","57822928"
"83755","58143607","58140802"
"83756","58143607","58143470"
"83757","58143634","58143544"
"83758","58143634","58344428"
"83759","58143686","57823603"
"83760","58143686","58143543"
"83761","58143712","57818482"
"83762","58143712","58344362"
"83763","58143725","57822052"
"83764","58143736","57818377"
"83765","58143736","58344516"
"83766","58143778","57823302"
"83767","58143778","58143586"
"83768","58143830","58344453"
"83769","58143830","58344454"
"83770","58143853","58142979"
"83771","58143853","57823217"
"83772","58344191","58143517"
"83773","58344202","57823187"
"83774","58344202","88619876"
"83775","58344203","58340740"
"83776","58344218","58342483"
"83777","58344218","57821558"
"83778","58344230","57822586"
"83779","58344250","58343000"
"83780","58344250","58343457"
"83781","58344282","58344361"
"83782","58344282","57823290"
"83783","58344309","57823574"
"83784","58344309","58143803"
"83785","58344361","57821986"
"83786","58344361","57823206"
"83787","58344387","58143700"
"83788","58344387","58143605"
"83789","58344400","58138767"
"83790","58344411","57823544"
"83791","58344411","58143946"
"83792","58344453","57823468"
"83793","58344453","58143776"
"83794","58344505","58143480"
"83795","58344505","58141357"
"83796","58344528","58143736"
"83797","58344528","58143455"
"83798","57823519","58344417"
"83799","57823519","58343254"
"83800","57823591","65797845"
"83801","58143804","58143815"
"83802","58143804","58344517"
"83803","58143876","57819571"
"83804","58344479","58344578"
"83805","58344479","57823258"
"83806","58344551","58143478"
"83807","57823186","58344203"
"83808","57823186","58344151"
"83809","58143471","58344398"
"83810","58143471","57823170"
"83811","58344146","58143804"
"83812","58344146","58340841"
"83813","57823192","58344269"
"83814","57823192","58344296"
"83815","57823205","57823491"
"83816","57823205","58143817"
"83817","57823309","58344165"
"83818","57823309","96095665"
"83819","57823336","58143527"
"83820","57823336","58143829"
"83821","57823388","58143686"
"83822","57823388","57823427"
"83823","57823414","58344615"
"83824","57823414","58342713"
"83825","57823467","58143862"
"83826","57823467","58141165"
"83827","57823480","57823189"
"83828","57823480","58344394"
"83829","57823506","57823478"
"83830","57823506","58344395"
"83831","57823532","58143457"
"83832","57823532","57821692"
"83833","57823672","58141676"
"83834","57823672","58344439"
"83835","58143477","58138749"
"83836","58143477","57823417"
"83837","58143490","58344528"
"83838","58143490","58141676"
"83839","58143594","58143576"
"83840","58143594","57823672"
"83841","58143621","58138672"
"83842","58143621","58143458"
"83843","58143673","58143789"
"83844","58143673","57819826"
"83845","58143699","57818480"
"83846","58143699","58141378"
"83847","58143752","58143957"
"83848","58143752","58344427"
"83849","58143765","58143766"
"83850","58143765","103080200"
"83851","58143791","58341978"
"83852","58143791","57823687"
"83853","58143817","62955148"
"83854","58143817","58143605"
"83855","58143957","69505357"
"83856","58143957","57823519"
"83857","58344152","58344262"
"83858","58344152","58143943"
"83859","58344165","57823630"
"83860","58344165","58143462"
"83861","58344269","58143936"
"83862","58344269","58143865"
"83863","58344296","57818493"
"83864","58344296","58344374"
"83865","58344348","58344163"
"83866","58344348","57823322"
"83867","58344374","57823172"
"83868","58344374","58142618"
"83869","58344427","58343907"
"83870","58344427","57823259"
"83871","58344440","57823412"
"83872","58344440","57822873"
"83873","58344466","58143791"
"83874","58344466","57823675"
"83875","58344492","58143082"
"83876","58344492","58344543"
"83877","58344635","58344297"
"83878","58344635","58143914"
"83879","57823184","57823468"
"83880","57823184","58142748"
"83881","57823456","58344415"
"83882","57823461","57823680"
"83883","57823671","57823337"
"83884","57823671","58143621"
"83885","57823671","58143713"
"83886","57823671","58138773"
"83887","58143469","99976797"
"83888","58143469","58138736"
"83889","58143741","58344164"
"83890","58143746","58143853"
"83891","58143956","58143868"
"83892","58143956","57823451"
"83893","58143956","96095665"
"83894","58143956","58143916"
"83895","58344144","58344282"
"83896","58344144","57823177"
"83897","58344416","58344563"
"83898","58344421","57823336"
"83899","58344634","58344346"
"83900","58344634","58342133"
"83901","58344634","58342716"
"83902","58344634","58340019"
"83903","57823202","58143606"
"83904","57823268","57823490"
"83905","57823268","58344626"
"83906","57823268","57823571"
"83907","57823490","58344132"
"83908","58143487","58344372"
"83909","58143553","57823506"
"83910","58143553","58143752"
"83911","58143553","57823605"
"83912","58143775","57820355"
"83913","58344162","58344198"
"83914","58344228","57823479"
"83915","58344228","58138655"
"83916","58344228","58143697"
"83917","58344450","58143471"
"83918","57823592","57823350"
"83919","58143877","58143841"
"83920","58344552","58143939"
"83921","57818486","58143491"
"83922","57818489","58143645"
"83923","57818489","57818492"
"83924","57823665","57823399"
"83925","57823666","58143913"
"83926","57823667","58344632"
"83927","57823668","57818370"
"83928","57823669","58344504"
"83929","57823674","58143948"
"83930","58138771","57823518"
"83931","58138774","58143869"
"83932","58138774","58143763"
"83933","58143950","57821507"
"83934","58143951","103082896"
"83935","58143952","58143554"
"83936","58143953","58344592"
"83937","58143954","57823188"
"83938","58143959","58143877"
"83939","58339907","58141676"
"83940","58339910","58143711"
"83941","58339910","58143764"
"83942","58344628","57823570"
"83943","58344629","58340841"
"83944","58344630","57823671"
"83945","58344631","58344218"
"83946","58344632","58339913"
"83947","58344637","57823202"
"83948","57823183","58143473"
"83949","57823183","58343933"
"83950","58143468","58344156"
"83951","58143468","58141165"
"83952","58344143","58142120"
"83953","58344143","58143856"
"83954","57823465","58143586"
"83955","57823465","58344309"
"83956","57823466","57823401"
"83957","58143750","58344619"
"83958","58143750","58342581"
"83959","58143751","69505504"
"83960","58344425","58344146"
"83961","58344425","57823166"
"83962","58344426","58139946"
"83963","57818388","58344650"
"83964","57818388","57823188"
"83965","57818388","57823581"
"83966","57818388","57823186"
"83967","57818388","58344438"
"83968","57818388","58151660"
"83969","57818475","58344362"
"83970","57818479","57823665"
"83971","57818487","58143859"
"83972","57818883","58151623"
"83973","57823171","57823321"
"83974","57823175","57823185"
"83975","57823575","57823440"
"83976","57823582","58143451"
"83977","57823585","58142288"
"83978","57823587","58344633"
"83979","57823587","58143951"
"83980","57823602","57823504"
"83981","57823602","58143213"
"83982","57823670","58344411"
"83983","57823670","57822412"
"83984","57823670","80127830"
"83985","57823670","58143460"
"83986","57823670","57829241"
"83987","57823670","58344629"
"83988","57823673","58344144"
"83989","57823686","58143517"
"83990","57823686","58143913"
"83991","57823686","58344493"
"83992","57823686","58143213"
"83993","57823686","58143576"
"83994","57823686","57829255"
"83995","57823686","58143475"
"83996","57823686","58143872"
"83997","57823686","57823425"
"83998","57823686","58143751"
"83999","57823686","58344551"
"84000","57823686","58143501"
"84001","57823686","58143789"
"84002","57823686","57818468"
"84003","57823686","57823631"
"84004","57823686","58143645"
"84005","57823686","58344566"
"84006","57823686","57823494"
"84007","57823686","58343049"
"84008","57823686","62955148"
"84009","57823686","58143618"
"84010","57823686","57823478"
"84011","57823686","58340014"
"84012","57823686","58143956"
"84013","57823686","58349661"
"84014","57823686","58339807"
"84015","57823686","57823546"
"84016","57823686","57823543"
"84017","57823686","57823600"
"84018","57823686","57823617"
"84019","57823686","57823243"
"84020","57823686","58344565"
"84021","57823686","57823687"
"84022","57829219","58144300"
"84023","57829237","57823183"
"84024","57829237","57818660"
"84025","57829241","58344229"
"84026","57829241","57823583"
"84027","57829244","58339789"
"84028","57829244","57823175"
"84029","57829244","58143554"
"84030","57829244","58143890"
"84031","57829244","58344614"
"84032","57829244","57818489"
"84033","57829244","58143888"
"84034","57829244","58138775"
"84035","57829244","58341560"
"84036","57829244","57823323"
"84037","57829244","58344628"
"84038","57829244","57823600"
"84039","57829244","57823687"
"84040","57829244","57822423"
"84041","57829244","58344280"
"84042","57829248","57818387"
"84043","57829248","57823350"
"84044","57829251","58143595"
"84045","57829251","58344428"
"84046","57829255","58344147"
"84047","57829255","57823530"
"84048","57829259","57819806"
"84049","57829276","58151612"
"84050","57829280","58344535"
"84051","57829285","58344228"
"84052","58138673","58344308"
"84053","58138673","58344426"
"84054","58138673","57823388"
"84055","58138673","58344146"
"84056","58138673","58141676"
"84057","58138673","58341497"
"84058","58138760","58349683"
"84059","58138764","80129516"
"84060","58138772","58143792"
"84061","58139168","58344415"
"84062","58143456","58138774"
"84063","58143460","58344537"
"84064","58143860","58344229"
"84065","58143867","58143828"
"84066","58143870","57823259"
"84067","58143872","58138673"
"84068","58143872","58344281"
"84069","58143887","57823193"
"84070","58143887","58143919"
"84071","58143955","57823642"
"84072","58143955","58141357"
"84073","58143955","58349686"
"84074","58143955","58143830"
"84075","58143955","57823667"
"84076","58143955","57823231"
"84077","58143958","58143475"
"84078","58143971","58138772"
"84079","58143971","58344638"
"84080","58143971","64909926"
"84081","58143971","58143723"
"84082","58143971","57823657"
"84083","58143971","58151626"
"84084","58143971","57818456"
"84085","58143971","57823182"
"84086","58143971","58339807"
"84087","58143971","57819571"
"84088","58143971","58143475"
"84089","58143971","58143633"
"84090","58143971","58343410"
"84091","58143971","58143712"
"84092","58143971","58143778"
"84093","58143971","57822007"
"84094","58143971","58344454"
"84095","58143971","58143870"
"84096","58143971","57823582"
"84097","58143971","58344375"
"84098","58143971","58143959"
"84099","58143971","57823556"
"84100","58143971","58344636"
"84101","58143971","58340171"
"84102","58143971","58142550"
"84103","58143971","58143673"
"84104","58143971","58151655"
"84105","58143971","57823628"
"84106","58143971","57823602"
"84107","58143971","57823532"
"84108","58143971","58343032"
"84109","58143971","57823189"
"84110","58143971","57829285"
"84111","58151594","58143763"
"84112","58151612","58339892"
"84113","58151612","58143809"
"84114","58151616","58344547"
"84115","58151616","57823673"
"84116","58151619","58138770"
"84117","58151619","58143618"
"84118","58151619","58143528"
"84119","58151619","58143632"
"84120","58151619","58142288"
"84121","58151619","58349679"
"84122","58151619","58339903"
"84123","58151619","58143487"
"84124","58151619","103342063"
"84125","58151619","58143750"
"84126","58151619","58139942"
"84127","58151619","57823242"
"84128","58151619","57823530"
"84129","58151619","57818479"
"84130","58151619","58143776"
"84131","58151623","58339907"
"84132","58151623","58344541"
"84133","58151626","58344466"
"84134","58151626","57823414"
"84135","58151630","57823438"
"84136","58151630","58344631"
"84137","58151634","57823206"
"84138","58151651","57822333"
"84139","58151655","57823610"
"84140","58151660","58151616"
"84141","58339807","58349701"
"84142","58339807","58342581"
"84143","58339807","58138770"
"84144","58339807","57823349"
"84145","58339807","58143867"
"84146","58339807","57818475"
"84147","58339896","58140002"
"84148","58339900","57823578"
"84149","58339908","58339892"
"84150","58340171","58344348"
"84151","58344131","58344375"
"84152","58344135","57818489"
"84153","58344535","58340683"
"84154","58344542","58138771"
"84155","58344545","57823156"
"84156","58344547","58143905"
"84157","58344547","58143607"
"84158","58344562","57823533"
"84159","58344562","58143792"
"84160","58344633","57822818"
"84161","58344633","80129516"
"84162","58344633","58342536"
"84163","58344633","58143635"
"84164","58344633","58138777"
"84165","58344633","58344480"
"84166","58344636","58344297"
"84167","58344649","58344130"
"84168","58344649","58349690"
"84169","58344649","58344191"
"84170","58344649","57823055"
"84171","58344649","57823592"
"84172","58344649","58143451"
"84173","58344649","58344605"
"84174","58344649","86678429"
"84175","58344649","57818486"
"84176","58344649","58339884"
"84177","58344649","57818475"
"84178","58344649","57822586"
"84179","58344649","58344542"
"84180","58344649","58143960"
"84181","58344649","58342374"
"84182","58344649","57823507"
"84183","58344649","58339910"
"84184","58344649","58139856"
"84185","58344649","58344415"
"84186","58344649","58143661"
"84187","58344649","58143725"
"84188","58344649","58344593"
"84189","58344649","58151634"
"84190","58344649","58143885"
"84191","58344649","58344492"
"84192","58344649","57823587"
"84193","58344649","57823598"
"84194","58344649","58143875"
"84195","58344649","58344591"
"84196","58344649","57822928"
"84197","58344649","58143902"
"84198","58344649","58142635"
"84199","58344649","58139168"
"84200","58349661","57823669"
"84201","58349679","58344144"
"84202","58349679","58143475"
"84203","58349683","57823651"
"84204","58349683","57829259"
"84205","58349686","58344580"
"84206","58349686","58344142"
"84207","58349686","58344400"
"84208","58349686","58138741"
"84209","58349686","58143595"
"84210","58349686","58344630"
"84211","58349686","57829244"
"84212","58349686","58143828"
"84213","58349686","58143887"
"84214","58349686","58141884"
"84215","58349686","58344503"
"84216","58349686","57823412"
"84217","58349686","58143954"
"84218","58349686","57823572"
"84219","58349686","58143634"
"84220","58349690","58344250"
"84221","58349690","58344387"
"84222","58349693","57823683"
"84223","58349693","58344529"
"84224","58349697","58142748"
"84225","58349697","58339877"
"84226","58349701","58143927"
"84227","58349718","58344650"
"84228","58349722","58341556"
"84229","58349727","58344166"
"84230","57823623","57829248"
"84231","57823623","58143777"
"84232","57823623","58143876"
"84233","57823626","57829244"
"84234","58143908","58339908"
"84235","58143908","58344531"
"84236","58143908","58143966"
"84237","58143911","58339896"
"84238","58344589","57823236"
"84239","57823454","103342063"
"84240","57823454","57823400"
"84241","58143739","58344480"
"84242","58143739","58344419"
"84243","58344414","58143953"
"84244","58344414","57823584"
"84245","57823215","57829244"
"84246","57823215","57818382"
"84247","57823215","58344131"
"84248","57823228","57823180"
"84249","57823228","57823425"
"84250","57823228","58143931"
"84251","57823241","58344544"
"84252","57823241","58143905"
"84253","57823241","58344149"
"84254","57823254","57822368"
"84255","57823254","58344588"
"84256","57823281","58143697"
"84257","57823281","58339872"
"84258","57823300","57823323"
"84259","57823300","57823360"
"84260","57823300","58143950"
"84261","57823319","57823674"
"84262","57823319","57818486"
"84263","57823319","58143858"
"84264","57823332","58349727"
"84265","57823332","57823625"
"84266","57823332","58143710"
"84267","57823346","58349697"
"84268","57823346","58343907"
"84269","57823346","58344150"
"84270","57823359","58344270"
"84271","57823359","58143471"
"84272","57823372","58143972"
"84273","57823372","57821072"
"84274","57823372","58344477"
"84275","57823385","57823646"
"84276","57823385","57823309"
"84277","57823385","58344261"
"84278","57823398","57821835"
"84279","57823398","57823559"
"84280","57823398","58143875"
"84281","57823411","58344562"
"84282","57823411","58344490"
"84283","57823411","57823193"
"84284","57823424","57823268"
"84285","57823424","58344614"
"84286","57823424","57823629"
"84287","57823437","58143895"
"84288","57823437","57823166"
"84289","57823450","58344202"
"84290","57823450","57823190"
"84291","57823450","58344545"
"84292","57823464","58344596"
"84293","57823464","58344634"
"84294","57823477","57823320"
"84295","57823477","57829244"
"84296","57823477","57823585"
"84297","57823503","57818388"
"84298","57823503","58339900"
"84299","57823503","58341582"
"84300","57823516","58151619"
"84301","57823516","58143910"
"84302","57823516","57823190"
"84303","57823529","57823651"
"84304","57823529","58344614"
"84305","57823529","58344591"
"84306","57823542","58151619"
"84307","57823542","57823465"
"84308","57823542","58143905"
"84309","57823555","58344464"
"84310","57823555","80129516"
"84311","57823555","58143952"
"84312","57823647","58344261"
"84313","57829218","57821391"
"84314","57829236","57823190"
"84315","57829240","58143684"
"84316","57829246","58151630"
"84317","57829250","58344551"
"84318","57829254","58344126"
"84319","57829258","58143908"
"84320","57829275","58344145"
"84321","57829279","58143467"
"84322","57829284","57823216"
"84323","58143500","58143860"
"84324","58143500","58143912"
"84325","58143500","58143481"
"84326","58143513","57823337"
"84327","58143513","57823575"
"84328","58143513","57823504"
"84329","58143526","58151651"
"84330","58143526","57823166"
"84331","58143526","58344558"
"84332","58143539","58143502"
"84333","58143539","58141846"
"84334","58143566","58344192"
"84335","58143566","57823545"
"84336","58143585","57818462"
"84337","58143585","58344143"
"84338","58143585","58138673"
"84339","58143604","57823205"
"84340","58143604","58143471"
"84341","58143604","58344529"
"84342","58143617","58143965"
"84343","58143617","57829237"
"84344","58143617","58344144"
"84345","58143631","57823627"
"84346","58143631","58143775"
"84347","58143631","57823399"
"84348","58143644","58339910"
"84349","58143644","57829219"
"84350","58143657","58340683"
"84351","58143657","57823533"
"84352","58143657","58151619"
"84353","58143670","58342374"
"84354","58143670","58138771"
"84355","58143670","58143740"
"84356","58143683","64909926"
"84357","58143683","57823687"
"84358","58143683","58344144"
"84359","58143696","57829280"
"84360","58143696","57823666"
"84361","58143696","58138760"
"84362","58143709","58344126"
"84363","58143709","58344552"
"84364","58143709","58143888"
"84365","58143722","57819571"
"84366","58143722","58339900"
"84367","58143735","58344619"
"84368","58143735","58139856"
"84369","58143735","58143594"
"84370","58143749","58143802"
"84371","58143749","57823184"
"84372","58143762","58339907"
"84373","58143762","58138663"
"84374","58143762","58143491"
"84375","58143788","58344635"
"84376","58143788","57823620"
"84377","58143788","58344176"
"84378","58143801","58344135"
"84379","58143801","58143469"
"84380","58143801","57823186"
"84381","58143814","58344637"
"84382","58143814","57823591"
"84383","58143814","58344633"
"84384","58143827","58344147"
"84385","58143827","58339904"
"84386","58143827","58344610"
"84387","58143840","58349686"
"84388","58143840","58344126"
"84389","58143840","58344293"
"84390","58143932","57818462"
"84391","58151593","96099178"
"84392","58151611","58344150"
"84393","58151615","57823654"
"84394","58151621","57823491"
"84395","58151625","57823651"
"84396","58151629","57818388"
"84397","58151633","57823591"
"84398","58151650","57823191"
"84399","58151654","58340926"
"84400","58151659","58143958"
"84401","58344175","58143521"
"84402","58344175","58339906"
"84403","58344175","58344467"
"84404","58344188","58143740"
"84405","58344188","58344650"
"84406","58344188","57823187"
"84407","58344201","64909926"
"84408","58344201","58138760"
"84409","58344201","57823517"
"84410","58344214","57821391"
"84411","58344214","58143473"
"84412","58344241","58143592"
"84413","58344241","58143750"
"84414","58344260","57823171"
"84415","58344260","57823467"
"84416","58344260","58344425"
"84417","58344279","57823204"
"84418","58344279","57823623"
"84419","58344279","57823466"
"84420","58344292","57823203"
"84421","58344292","58349693"
"84422","58344292","58143490"
"84423","58344306","58344297"
"84424","58344306","58344590"
"84425","58344306","57823166"
"84426","58344319","58344450"
"84427","58344319","57818487"
"84428","58344332","57823216"
"84429","58344332","57823186"
"84430","58344332","58344360"
"84431","58344345","58143866"
"84432","58344345","57823190"
"84433","58344345","58143740"
"84434","58344358","58344144"
"84435","58344358","57818378"
"84436","58344358","58340926"
"84437","58344371","58344516"
"84438","58344371","57823663"
"84439","58344371","57823670"
"84440","58344384","58344192"
"84441","58344384","58138764"
"84442","58344384","57818479"
"84443","58344397","58151594"
"84444","58344397","58142730"
"84445","58344410","57823203"
"84446","58344410","57829276"
"84447","58344410","58138774"
"84448","58344424","58141676"
"84449","58344424","80127830"
"84450","58344437","58143972"
"84451","58344437","58143475"
"84452","58344437","58143684"
"84453","58344463","58143883"
"84454","58344463","58344560"
"84455","58344463","57823438"
"84456","58344476","57829244"
"84457","58344476","58344570"
"84458","58344476","58143553"
"84459","58344489","57823452"
"84460","58344489","58344219"
"84461","58344489","58339906"
"84462","58344502","57822923"
"84463","58344502","58343394"
"84464","58344502","58344464"
"84465","58344515","58138764"
"84466","58344515","58344162"
"84467","58344515","58344609"
"84468","58344610","58143876"
"84469","58349660","58344270"
"84470","58349678","58143936"
"84471","58349682","57819571"
"84472","58349688","57823687"
"84473","58349692","57822037"
"84474","58349696","58143942"
"84475","58349700","58339806"
"84476","58349717","58340683"
"84477","58349721","58143456"
"84478","58349726","58151587"
"84479","57823284","58344650"
"84480","57823306","58141676"
"84481","58143569","58349718"
"84482","58143591","58343032"
"84483","58344244","57823576"
"84484","58344266","58340683"
"84485","57823619","57823465"
"84486","58143904","58344293"
"84487","58344582","58339906"
"84488","57829217","58143805"
"84489","57829217","58349699"
"84490","57829217","57823455"
"84491","57829223","58151620"
"84492","57829231","57829245"
"84493","57829231","58151606"
"84494","57829231","57829282"
"84495","57829233","58143575"
"84496","57829235","57829283"
"84497","57829235","57829231"
"84498","57829235","57829282"
"84499","57829239","57829217"
"84500","57829239","58151658"
"84501","57829239","57823190"
"84502","57829245","58143488"
"84503","57829245","57823166"
"84504","57829245","58151657"
"84505","57829249","58138945"
"84506","57829249","58143699"
"84507","57829249","58143451"
"84508","57829253","58344467"
"84509","57829253","58151620"
"84510","57829253","58143491"
"84511","57829257","58344560"
"84512","57829257","58151653"
"84513","57829257","58142697"
"84514","57829274","58151624"
"84515","57829274","58143805"
"84516","57829274","58151614"
"84517","57829278","58344243"
"84518","57829278","57829245"
"84519","57829278","58340683"
"84520","57829282","58344560"
"84521","57829283","58151658"
"84522","57829283","58344176"
"84523","57829283","58151610"
"84524","58151592","58349691"
"84525","58151592","57829245"
"84526","58151592","57829278"
"84527","58151598","57829239"
"84528","58151606","96091658"
"84529","58151606","58349677"
"84530","58151606","57823668"
"84531","58151608","57829231"
"84532","58151610","57818883"
"84533","58151610","58143471"
"84534","58151610","57829274"
"84535","58151614","58344146"
"84536","58151614","58344582"
"84537","58151614","58151592"
"84538","58151620","57829235"
"84539","58151620","57823670"
"84540","58151620","57823320"
"84541","58151624","57829253"
"84542","58151624","57823619"
"84543","58151624","58349659"
"84544","58151628","57823166"
"84545","58151628","58151653"
"84546","58151628","58339884"
"84547","58151632","57829235"
"84548","58151632","58143469"
"84549","58151632","58342848"
"84550","58151649","58349665"
"84551","58151649","57829223"
"84552","58151649","57829283"
"84553","58151653","58151658"
"84554","58151653","80127830"
"84555","58151653","58143451"
"84556","58151657","58138667"
"84557","58151658","57829274"
"84558","58151658","58349722"
"84559","58151658","58143972"
"84560","58349659","57823687"
"84561","58349659","58349699"
"84562","58349659","58143972"
"84563","58349665","57829239"
"84564","58349673","58151628"
"84565","58349673","57823455"
"84566","58349673","57823651"
"84567","58349675","58151619"
"84568","58349677","57823651"
"84569","58349677","57829231"
"84570","58349677","57823620"
"84571","58349681","58349677"
"84572","58349681","58349720"
"84573","58349681","58344425"
"84574","58349687","58143936"
"84575","58349687","58143972"
"84576","58349687","57823190"
"84577","58349691","58349724"
"84578","58349691","58143451"
"84579","58349691","58344583"
"84580","58349695","58151624"
"84581","58349695","58151620"
"84582","58349695","58344163"
"84583","58349699","57823687"
"84584","58349699","58349725"
"84585","58349699","58349724"
"84586","58349716","58151592"
"84587","58349716","58143955"
"84588","58349716","58349686"
"84589","58349720","58142697"
"84590","58349720","57829253"
"84591","58349720","58143955"
"84592","58349724","57823647"
"84593","58349725","58344146"
"84594","58349725","58143451"
"84595","58349725","58344503"
"84596","57823618","58151610"
"84597","58143903","58349699"
"84598","58344581","57829239"
"84599","57823640","58143936"
"84600","57829272","58349687"
"84601","58143925","58349687"
"84602","58151647","58344144"
"84603","58349714","58344583"
"84604","57823176","57823687"
"84605","57823176","58344586"
"84606","57823178","57829274"
"84607","57829220","58143475"
"84608","57829221","58143471"
"84609","57829222","58143471"
"84610","57829224","58151647"
"84611","57829225","58344138"
"84612","57829225","57823633"
"84613","57829226","58151632"
"84614","57829226","58151648"
"84615","57829227","58344560"
"84616","57829228","57829235"
"84617","57829230","58151610"
"84618","57829234","57829226"
"84619","57829238","57823620"
"84620","57829242","57823166"
"84621","57829247","57823190"
"84622","57829252","57829267"
"84623","57829256","58151624"
"84624","57829260","58344603"
"84625","57829261","58143471"
"84626","57829261","58349705"
"84627","57829263","58349710"
"84628","57829263","58143904"
"84629","57829265","58143471"
"84630","57829266","58151642"
"84631","57829266","58143972"
"84632","57829267","58143932"
"84633","57829268","58349668"
"84634","57829268","58151638"
"84635","57829271","58344136"
"84636","57829271","57823190"
"84637","57829271","58349667"
"84638","57829271","58143463"
"84639","57829271","58143710"
"84640","57829271","57829278"
"84641","57829271","58349725"
"84642","57829271","57829221"
"84643","57829271","58349686"
"84644","57829271","58349703"
"84645","57829271","58151619"
"84646","57829271","58151653"
"84647","57829271","58143925"
"84648","57829271","58349677"
"84649","57829271","57829283"
"84650","57829271","58151636"
"84651","57829271","58151643"
"84652","57829271","57829251"
"84653","57829271","58151598"
"84654","57829271","57829225"
"84655","57829271","58344479"
"84656","57829277","58138945"
"84657","57829281","57829271"
"84658","57829286","58344150"
"84659","58143461","58151597"
"84660","58143461","57823176"
"84661","58143463","58340683"
"84662","58151595","58151649"
"84663","58151596","58349725"
"84664","58151597","58344140"
"84665","58151599","58143451"
"84666","58151600","58143802"
"84667","58151600","58349703"
"84668","58151601","58349715"
"84669","58151601","57829272"
"84670","58151602","58349714"
"84671","58151603","58142867"
"84672","58151605","58151599"
"84673","58151609","57823640"
"84674","58151613","58151601"
"84675","58151617","71487103"
"84676","58151622","57829224"
"84677","58151627","58349713"
"84678","58151631","57823687"
"84679","58151635","58151604"
"84680","58151636","57823178"
"84681","58151636","57829249"
"84682","58151638","57823455"
"84683","58151638","58349671"
"84684","58151640","58143475"
"84685","58151641","58344150"
"84686","58151641","58349720"
"84687","58151642","58143469"
"84688","58151643","58349709"
"84689","58151643","58349716"
"84690","58151646","58151600"
"84691","58151646","58349707"
"84692","58151646","58139856"
"84693","58151646","58349705"
"84694","58151646","58349708"
"84695","58151646","58151657"
"84696","58151646","58151606"
"84697","58151646","58151649"
"84698","58151646","58344144"
"84699","58151646","58143972"
"84700","58151646","58349681"
"84701","58151646","58344583"
"84702","58151646","57829249"
"84703","58151646","58344150"
"84704","58151646","58151603"
"84705","58151646","58344146"
"84706","58151646","58143936"
"84707","58151646","58349686"
"84708","58151646","58151628"
"84709","58151646","58349720"
"84710","58151646","58151640"
"84711","58151652","58339896"
"84712","58151656","58143468"
"84713","58151661","58143471"
"84714","58344136","57829244"
"84715","58344136","57829229"
"84716","58344138","58151632"
"84717","58349662","57829244"
"84718","58349663","57829227"
"84719","58349664","58143471"
"84720","58349666","58143972"
"84721","58349667","58151619"
"84722","58349667","58151602"
"84723","58349668","58349659"
"84724","58349668","58349681"
"84725","58349669","57829265"
"84726","58349670","57829273"
"84727","58349672","58143461"
"84728","58349676","57829249"
"84729","58349680","58344650"
"84730","58349684","57823190"
"84731","58349689","58151641"
"84732","58349694","58349664"
"84733","58349698","58344650"
"84734","58349702","58139856"
"84735","58349703","58151592"
"84736","58349703","58139856"
"84737","58349705","58143471"
"84738","58349705","58349686"
"84739","58349707","58343933"
"84740","58349708","57823687"
"84741","58349708","58349663"
"84742","58349709","57823186"
"84743","58349710","58344386"
"84744","58349710","57829217"
"84745","58349713","58151628"
"84746","58349713","58349670"
"84747","58349713","58151614"
"84748","58349713","58344126"
"84749","58349713","58151596"
"84750","58349713","58349681"
"84751","58349713","57823184"
"84752","58349713","58151606"
"84753","58349713","58143471"
"84754","58349713","58344144"
"84755","58349713","57829222"
"84756","58349713","58344650"
"84757","58349713","57823186"
"84758","58349713","57823190"
"84759","58349713","57829253"
"84760","58349713","58349695"
"84761","58349713","58151632"
"84762","58349713","57829263"
"84763","58349713","58143475"
"84764","58349713","58151646"
"84765","58349713","58349687"
"84766","58349719","57829228"
"84767","58349723","58349686"
"84768","58349728","58349691"
"84769","57823641","57829263"
"84770","58143926","58344146"
"84771","57823644","58349691"
"84772","58143929","57823641"
"84773","58344607","58344144"
"84774","57818346","58349711"
"84775","57818346","57829269"
"84776","57818346","58349673"
"84777","57818346","58151638"
"84778","57818346","58151614"
"84779","57818346","58349716"
"84780","57823174","57823190"
"84781","57823174","58344126"
"84782","57823616","58143475"
"84783","57823622","58143469"
"84784","57823624","58349716"
"84785","57823624","57829243"
"84786","57823624","58344126"
"84787","57823624","58349673"
"84788","57823635","58344150"
"84789","57823637","57823641"
"84790","57823643","58143972"
"84791","57823643","58344650"
"84792","57823648","57829261"
"84793","57823648","58349673"
"84794","57823648","58143469"
"84795","57829243","57823186"
"84796","57829243","58344604"
"84797","57829243","58349666"
"84798","57829243","57829278"
"84799","57829243","58344126"
"84800","57829243","58344650"
"84801","57829243","58151639"
"84802","57829243","58143451"
"84803","57829243","57829217"
"84804","57829243","58349669"
"84805","57829243","57829261"
"84806","57829243","57829244"
"84807","57829243","58143475"
"84808","57829243","58349659"
"84809","57829262","57823186"
"84810","57829264","58143475"
"84811","57829264","58344150"
"84812","57829269","58143451"
"84813","57829269","58151649"
"84814","57829269","58151619"
"84815","57829269","58143929"
"84816","57829269","58151636"
"84817","57829269","57829262"
"84818","57829269","57829266"
"84819","57829269","57823184"
"84820","57829269","58344607"
"84821","57829269","58349706"
"84822","57829269","58344144"
"84823","57829269","58151637"
"84824","57829269","58344650"
"84825","57829269","58344126"
"84826","57829270","58143469"
"84827","57829270","58344126"
"84828","58138631","57818451"
"84829","58138631","57823184"
"84830","58138631","57829244"
"84831","58138631","57829268"
"84832","58138631","58143926"
"84833","58138631","58349695"
"84834","58143459","58143926"
"84835","58143459","58141771"
"84836","58143901","58151644"
"84837","58143907","57829257"
"84838","58143909","58143451"
"84839","58143909","58343066"
"84840","58143909","57829257"
"84841","58143909","58143469"
"84842","58143920","57829244"
"84843","58143922","57823184"
"84844","58143928","57823186"
"84845","58143928","58151618"
"84846","58143933","58349685"
"84847","58143933","57829244"
"84848","58143933","58344150"
"84849","58151618","57829244"
"84850","58151618","58151619"
"84851","58151618","58349704"
"84852","58151618","57823644"
"84853","58151618","58349686"
"84854","58151618","58344604"
"84855","58151618","58143469"
"84856","58151618","58344144"
"84857","58151618","58344146"
"84858","58151618","57829257"
"84859","58151618","57823184"
"84860","58151618","57823186"
"84861","58151618","58349695"
"84862","58151618","58344150"
"84863","58151637","57823184"
"84864","58151639","57823186"
"84865","58151639","57829264"
"84866","58151644","58344146"
"84867","58151644","57823184"
"84868","58151644","58344150"
"84869","58151644","58349686"
"84870","58151644","57829244"
"84871","58151644","58344144"
"84872","58151644","57823186"
"84873","58151644","58151619"
"84874","58151644","58143469"
